*************************************************
******************* ORCA 6.0.0 ******************
*************************************************
$Calculation_Status
   &GeometryIndex 1
   &ListStatus       OUT
   &VERSION [&Type "String"] "6.0.0"
   &PROGNAME [&Type "String"] "LeanSCF"
   &STATUS [&Type "String"] "NORMAL TERMINATION"
$End
$Geometry
   &GeometryIndex 1
   &ListStatus       OUT
   &NATOMS [&Type "Integer"] 41
   &NCORELESSECP [&Type "Integer"] 0
   &NGHOSTATOMS [&Type "Integer"] 0
   &CartesianCoordinates [&Type "Coordinates", &Dim(41,4), &Units "Bohr"] 
              C      7.620951329056   -2.531202202572   -4.872401905938
              C      7.673461935643    0.114505148275   -3.782063611412
              O      6.461803839937    0.259672056250   -1.348130235601
              P      3.516423553422   -0.160694357894   -0.973926944918
              S      1.354231022538    1.333004222283   -3.563492943806
              O      3.026411929843    0.960017457350    1.744442532900
              C      4.430410006379    0.216471490463    3.976013274191
              C      6.556443751321    2.058398087286    4.497480209410
              S      3.113703748303   -4.130931610079   -0.539720975923
              C     -0.301320931815   -4.133726438120   -0.526925696206
              S     -1.654402323208   -2.882398159399    2.397190205291
              P     -3.511079442686    0.464042153079    1.341448150385
              S     -2.109915467990    3.897397368314    1.515179062371
              O     -5.706738284896    0.046091831654    3.370938345078
              C     -7.138604171248    2.068333909951    4.476304838241
              C     -9.085254249413    3.097921384344    2.644562948574
              O     -4.639449195643   -0.381245270272   -1.314432382556
              C     -5.346354975659    1.301451304965   -3.338908240731
              C     -4.986382520473   -0.071133188296   -5.824746881110
              H      8.333574816586   -3.885053399606   -3.501722857364
              H      5.696313992403   -3.050019141197   -5.379621431817
              H      8.789447230243   -2.585702133120   -6.556961822575
              H      6.736135305886    1.448002458877   -5.054648563367
              H      9.599642079105    0.744855184648   -3.404295149421
              H      3.026049641753    0.232092246933    5.489053796424
              H      5.142166327688   -1.705622987051    3.707861865789
              H      5.807778337947    3.965717729117    4.644074263506
              H      7.463147448446    1.546481383295    6.264843607589
              H      7.938480287153    2.001996311223    2.979619040407
              H     -0.884176524161   -6.097649066493   -0.662743220984
              H     -0.995483524682   -3.026733643245   -2.119663492317
              H     -8.019826097828    1.211760665884    6.131166491510
              H     -5.833501292350    3.563300228590    5.061955125213
              H    -10.260525592444    1.573171533548    1.927696641692
              H    -10.263925713371    4.475437335459    3.603578702352
              H     -8.131108763779    4.019373662431    1.068879853343
              H     -7.325048298381    1.817337658569   -3.052154053438
              H     -4.169731886013    3.001170346512   -3.235406179907
              H     -5.997610338503   -1.857112273896   -5.790758799390
              H     -5.716105903384    1.100468875768   -7.340531094071
              H     -2.989778162371   -0.419809373903   -6.160494791287
$End
$SCF_Energy
   &GeometryIndex 1
   &ListStatus       OUT
   &SCF_ENERGY [&Type "Double"]      -2.9296318285285279e+03
$End
$DFT_Energy
   &GeometryIndex 1
   &ListStatus       OUT
   &NALPHAEL [&Type "Integer"] 101
   &NBETAEL [&Type "Integer"] 101
   &NTOTALEL [&Type "Integer"] 202
   &EEXCHANGE [&Type "Double"]      -2.3180551525081259e+02
   &ECORR [&Type "Double"]      -7.2983633733117710e+00
   &ECNL [&Type "Double"]       0.0000000000000000e+00
   &EXC [&Type "Double"]      -2.3910387862412435e+02
   &EEMBED [&Type "Double"]       0.0000000000000000e+00
   &FINALEN [&Type "Double"]      -2.9296318285285279e+03  "No Van der Waals correction"
$End
$Mulliken_Population_Analysis
   &GeometryIndex 1
   &ListStatus       OUT
   &NATOMS [&Type "Integer"] 41
   &ATNO [&Type "ArrayOfIntegers", &Dim (41,1)] 
                                                         0

0                                                        6
1                                                        6
2                                                        8
3                                                       15
4                                                       16
5                                                        8
6                                                        6
7                                                        6
8                                                       16
9                                                        6
10                                                      16
11                                                      15
12                                                      16
13                                                       8
14                                                       6
15                                                       6
16                                                       8
17                                                       6
18                                                       6
19                                                       1
20                                                       1
21                                                       1
22                                                       1
23                                                       1
24                                                       1
25                                                       1
26                                                       1
27                                                       1
28                                                       1
29                                                       1
30                                                       1
31                                                       1
32                                                       1
33                                                       1
34                                                       1
35                                                       1
36                                                       1
37                                                       1
38                                                       1
39                                                       1
40                                                       1
   &ATOMICCHARGES [&Type "ArrayOfDoubles", &Dim (41,1)] 
                                                         0

0                                     -3.2119605203564916e-01
1                                     -1.0003191617817819e-03
2                                     -3.7755455078137246e-01
3                                      6.0211359514168983e-01
4                                     -3.0894133899867171e-01
5                                     -3.3540661329390709e-01
6                                     -6.2004889578091138e-03
7                                     -2.8801768859349863e-01
8                                     -9.6737096052944338e-02
9                                     -3.7190838226553602e-01
10                                    -8.1334843139778457e-02
11                                     6.2454156328299248e-01
12                                    -3.0730628696884565e-01
13                                    -3.8423486075725322e-01
14                                    -3.3968383724571893e-03
15                                    -3.1396266742214074e-01
16                                    -3.8484904115224516e-01
17                                    -1.8838876489731149e-02
18                                    -2.9571988297038043e-01
19                                     1.1814954528525612e-01
20                                     1.2908926260423981e-01
21                                     1.1573336057676697e-01
22                                     1.1502002370489639e-01
23                                     1.0631248620045253e-01
24                                     1.0951939284712564e-01
25                                     9.7477867042713440e-02
26                                     1.2439365657346013e-01
27                                     1.0748165956247901e-01
28                                     1.1688689106286454e-01
29                                     1.8415852064966631e-01
30                                     2.1273293741083887e-01
31                                     1.0016029431929518e-01
32                                     1.0861762572782330e-01
33                                     1.1455602849189517e-01
34                                     1.1066233696451722e-01
35                                     1.2078721213738619e-01
36                                     1.0262578399013877e-01
37                                     1.2226097622214693e-01
38                                     1.0935707034586639e-01
39                                     1.0759101089330003e-01
40                                     1.3637672637592124e-01
$End
$Loewdin_Population_Analysis
   &GeometryIndex 1
   &ListStatus       OUT
   &NATOMS [&Type "Integer"] 41
   &ATNO [&Type "ArrayOfIntegers", &Dim (41,1)] 
                                                         0

0                                                        6
1                                                        6
2                                                        8
3                                                       15
4                                                       16
5                                                        8
6                                                        6
7                                                        6
8                                                       16
9                                                        6
10                                                      16
11                                                      15
12                                                      16
13                                                       8
14                                                       6
15                                                       6
16                                                       8
17                                                       6
18                                                       6
19                                                       1
20                                                       1
21                                                       1
22                                                       1
23                                                       1
24                                                       1
25                                                       1
26                                                       1
27                                                       1
28                                                       1
29                                                       1
30                                                       1
31                                                       1
32                                                       1
33                                                       1
34                                                       1
35                                                       1
36                                                       1
37                                                       1
38                                                       1
39                                                       1
40                                                       1
   &ATOMICCHARGES [&Type "ArrayOfDoubles", &Dim (41,1)] 
                                                         0

0                                      1.8248860779093751e-03
1                                      7.9668974858615169e-02
2                                      4.7251541124390711e-01
3                                      5.5373251354895354e-02
4                                      9.5032185656172477e-05
5                                      3.3643751861646665e-01
6                                      3.2576240192087637e-02
7                                      6.3686914779985263e-04
8                                      2.8336064302867921e-04
9                                      2.8818054038124997e-04
10                                     2.5246889466465435e-05
11                                     9.3426997708685885e-04
12                                     1.1351046693368883e-05
13                                     3.2825464874800519e-03
14                                     4.3720801663621066e-04
15                                     9.7567855123412868e-06
16                                     1.2154761669819025e-02
17                                     2.1840704114440110e-03
18                                     9.4273327243673237e-05
19                                     3.5577725532053055e-06
20                                     1.2711716622586839e-05
21                                     1.2119168728692002e-04
22                                     1.3041069457973156e-04
23                                     5.7154000831250752e-04
24                                     1.5555424577106235e-04
25                                     7.0286333983993427e-05
26                                     1.0636996092712129e-05
27                                     6.2020869993658040e-05
28                                     5.9991088520686073e-06
29                                     1.9444373182432022e-06
30                                     3.9581666811299037e-06
31                                     2.6044403617610521e-06
32                                     5.9311423887792441e-07
33                                     2.8570299973371248e-07
34                                     1.0710179788261686e-06
35                                     1.2638812415282008e-06
36                                     5.9854267770317946e-06
37                                     1.8314380917308816e-06
38                                     7.0854230268184458e-07
39                                     1.6539723236145716e-06
40                                     9.8095351039373218e-07
$End
$Mayer_Population_Analysis
   &GeometryIndex 1
   &ListStatus       OUT
   &NATOMS [&Type "Integer"] 41 "Total number of atoms"
   &BONDTHRESH [&Type "Double"]       1.0000000000000001e-01  "The threshold for printing"
   &NBONDORDERSPRINT [&Type "Integer"] 42 "The number of bond orders larger than threshold"
   &BONDORDERS [&Type "ArrayOfDoubles", &Dim (42,1)] "The bond orders"
                                                         0

0                                      1.1661430277080378e+00
1                                      9.4372624610301958e-01
2                                      9.3380637875223338e-01
3                                      9.3686563814549773e-01
4                                      9.0339874578135815e-01
5                                      9.1816111277970391e-01
6                                      9.3383661620107328e-01
7                                      1.0901588543586216e+00
8                                      1.6241845271312108e+00
9                                      1.1569100161501367e+00
10                                     9.4701596342728322e-01
11                                     1.0404012407089473e-01
12                                     8.8782394028233613e-01
13                                     1.1635650510108995e+00
14                                     9.3049855260507897e-01
15                                     9.1160260706013307e-01
16                                     9.4644779639858734e-01
17                                     9.4002939653495454e-01
18                                     9.4277780036209136e-01
19                                     9.9803033131150254e-01
20                                     9.9219853812791881e-01
21                                     9.1123686273647431e-01
22                                     8.6046844754298613e-01
23                                     9.6699967658049657e-01
24                                     1.0695738188063361e-01
25                                     1.6255096494874892e+00
26                                     1.0880394586224600e+00
27                                     1.1029987682644411e+00
28                                     9.2049838463411426e-01
29                                     1.1617298395681546e+00
30                                     9.3301674111288757e-01
31                                     9.0653406758716581e-01
32                                     9.4693432433247104e-01
33                                     9.3898164132237460e-01
34                                     9.2991327470682772e-01
35                                     8.9818246571846183e-01
36                                     1.1650428210772681e+00
37                                     9.2771021124646502e-01
38                                     9.0429591785246999e-01
39                                     9.4827351371218260e-01
40                                     9.4084011031667902e-01
41                                     9.3533155468940410e-01
   &COMPONENTS [&Type "ArrayOfIntegers", &Dim (42,4)] "The indices and atomic numbers of the bonding atoms"
                                                         0                           1                           2                           3

0                                                        0                           6                           1                           6
1                                                        0                           6                          19                           1
2                                                        0                           6                          20                           1
3                                                        0                           6                          21                           1
4                                                        1                           6                           2                           8
5                                                        1                           6                          22                           1
6                                                        1                           6                          23                           1
7                                                        2                           8                           3                          15
8                                                        3                          15                           4                          16
9                                                        3                          15                           5                           8
10                                                       3                          15                           8                          16
11                                                       4                          16                           8                          16
12                                                       5                           8                           6                           6
13                                                       6                           6                           7                           6
14                                                       6                           6                          24                           1
15                                                       6                           6                          25                           1
16                                                       7                           6                          26                           1
17                                                       7                           6                          27                           1
18                                                       7                           6                          28                           1
19                                                       8                          16                           9                           6
20                                                       9                           6                          10                          16
21                                                       9                           6                          29                           1
22                                                       9                           6                          30                           1
23                                                      10                          16                          11                          15
24                                                      10                          16                          12                          16
25                                                      11                          15                          12                          16
26                                                      11                          15                          13                           8
27                                                      11                          15                          16                           8
28                                                      13                           8                          14                           6
29                                                      14                           6                          15                           6
30                                                      14                           6                          31                           1
31                                                      14                           6                          32                           1
32                                                      15                           6                          33                           1
33                                                      15                           6                          34                           1
34                                                      15                           6                          35                           1
35                                                      16                           8                          17                           6
36                                                      17                           6                          18                           6
37                                                      17                           6                          36                           1
38                                                      17                           6                          37                           1
39                                                      18                           6                          38                           1
40                                                      18                           6                          39                           1
41                                                      18                           6                          40                           1
   &ATNO [&Type "ArrayOfIntegers", &Dim (41,1)] "Atomic number of the elements"
                                                         0

0                                                        6
1                                                        6
2                                                        8
3                                                       15
4                                                       16
5                                                        8
6                                                        6
7                                                        6
8                                                       16
9                                                        6
10                                                      16
11                                                      15
12                                                      16
13                                                       8
14                                                       6
15                                                       6
16                                                       8
17                                                       6
18                                                       6
19                                                       1
20                                                       1
21                                                       1
22                                                       1
23                                                       1
24                                                       1
25                                                       1
26                                                       1
27                                                       1
28                                                       1
29                                                       1
30                                                       1
31                                                       1
32                                                       1
33                                                       1
34                                                       1
35                                                       1
36                                                       1
37                                                       1
38                                                       1
39                                                       1
40                                                       1
   &NA [&Type "ArrayOfDoubles", &Dim (41,1)] "Mulliken gross atomic population"
                                                         0

0                                      6.3211960520356456e+00
1                                      6.0010003191617889e+00
2                                      8.3775545507813760e+00
3                                      1.4397886404858324e+01
4                                      1.6308941338998686e+01
5                                      8.3354066132938698e+00
6                                      6.0062004889577816e+00
7                                      6.2880176885935137e+00
8                                      1.6096737096052987e+01
9                                      6.3719083822655227e+00
10                                     1.6081334843139761e+01
11                                     1.4375458436716988e+01
12                                     1.6307306286968871e+01
13                                     8.3842348607572514e+00
14                                     6.0033968383724687e+00
15                                     6.3139626674221354e+00
16                                     8.3848490411522665e+00
17                                     6.0188388764897374e+00
18                                     6.2957198829703911e+00
19                                     8.8185045471474310e-01
20                                     8.7091073739576053e-01
21                                     8.8426663942323258e-01
22                                     8.8497997629510328e-01
23                                     8.9368751379954670e-01
24                                     8.9048060715287469e-01
25                                     9.0252213295728734e-01
26                                     8.7560634342653987e-01
27                                     8.9251834043752110e-01
28                                     8.8311310893713557e-01
29                                     8.1584147935033446e-01
30                                     7.8726706258916090e-01
31                                     8.9983970568070393e-01
32                                     8.9138237427217659e-01
33                                     8.8544397150810505e-01
34                                     8.8933766303548245e-01
35                                     8.7921278786261337e-01
36                                     8.9737421600986056e-01
37                                     8.7773902377785262e-01
38                                     8.9064292965413328e-01
39                                     8.9240898910669897e-01
40                                     8.6362327362407876e-01
   &ZA [&Type "ArrayOfDoubles", &Dim (41,1)] "Total nuclear charge"
                                                         0

0                                      6.0000000000000000e+00
1                                      6.0000000000000000e+00
2                                      8.0000000000000000e+00
3                                      1.5000000000000000e+01
4                                      1.6000000000000000e+01
5                                      8.0000000000000000e+00
6                                      6.0000000000000000e+00
7                                      6.0000000000000000e+00
8                                      1.6000000000000000e+01
9                                      6.0000000000000000e+00
10                                     1.6000000000000000e+01
11                                     1.5000000000000000e+01
12                                     1.6000000000000000e+01
13                                     8.0000000000000000e+00
14                                     6.0000000000000000e+00
15                                     6.0000000000000000e+00
16                                     8.0000000000000000e+00
17                                     6.0000000000000000e+00
18                                     6.0000000000000000e+00
19                                     1.0000000000000000e+00
20                                     1.0000000000000000e+00
21                                     1.0000000000000000e+00
22                                     1.0000000000000000e+00
23                                     1.0000000000000000e+00
24                                     1.0000000000000000e+00
25                                     1.0000000000000000e+00
26                                     1.0000000000000000e+00
27                                     1.0000000000000000e+00
28                                     1.0000000000000000e+00
29                                     1.0000000000000000e+00
30                                     1.0000000000000000e+00
31                                     1.0000000000000000e+00
32                                     1.0000000000000000e+00
33                                     1.0000000000000000e+00
34                                     1.0000000000000000e+00
35                                     1.0000000000000000e+00
36                                     1.0000000000000000e+00
37                                     1.0000000000000000e+00
38                                     1.0000000000000000e+00
39                                     1.0000000000000000e+00
40                                     1.0000000000000000e+00
   &QA [&Type "ArrayOfDoubles", &Dim (41,1)] "Mulliken gross atomic charge"
                                                         0

0                                     -3.2119605203564561e-01
1                                     -1.0003191617888874e-03
2                                     -3.7755455078137601e-01
3                                      6.0211359514167562e-01
4                                     -3.0894133899868592e-01
5                                     -3.3540661329386978e-01
6                                     -6.2004889577815803e-03
7                                     -2.8801768859351373e-01
8                                     -9.6737096052986971e-02
9                                     -3.7190838226552270e-01
10                                    -8.1334843139760693e-02
11                                     6.2454156328301202e-01
12                                    -3.0730628696887052e-01
13                                    -3.8423486075725144e-01
14                                    -3.3968383724687357e-03
15                                    -3.1396266742213541e-01
16                                    -3.8484904115226648e-01
17                                    -1.8838876489737366e-02
18                                    -2.9571988297039109e-01
19                                     1.1814954528525690e-01
20                                     1.2908926260423947e-01
21                                     1.1573336057676742e-01
22                                     1.1502002370489672e-01
23                                     1.0631248620045330e-01
24                                     1.0951939284712531e-01
25                                     9.7477867042712663e-02
26                                     1.2439365657346013e-01
27                                     1.0748165956247890e-01
28                                     1.1688689106286443e-01
29                                     1.8415852064966554e-01
30                                     2.1273293741083910e-01
31                                     1.0016029431929607e-01
32                                     1.0861762572782341e-01
33                                     1.1455602849189495e-01
34                                     1.1066233696451755e-01
35                                     1.2078721213738663e-01
36                                     1.0262578399013944e-01
37                                     1.2226097622214738e-01
38                                     1.0935707034586672e-01
39                                     1.0759101089330103e-01
40                                     1.3637672637592124e-01
   &VA [&Type "ArrayOfDoubles", &Dim (41,1)] "Mayer's total valence"
                                                         0

0                                      3.9854908749862212e+00
1                                      4.0041189560113324e+00
2                                      2.1782055714475961e+00
3                                      4.9809083018810325e+00
4                                      2.0820754961616972e+00
5                                      2.2008940763998046e+00
6                                      3.9937403473364919e+00
7                                      3.9918457267276457e+00
8                                      2.2669310320166938e+00
9                                      3.8308391125328813e+00
10                                     2.2331992857195906e+00
11                                     4.9501832465374926e+00
12                                     2.0803839754991182e+00
13                                     2.1591493432361126e+00
14                                     4.0066393925182266e+00
15                                     3.9787133240276273e+00
16                                     2.1712491046997116e+00
17                                     3.9788107236002648e+00
18                                     3.9956206015489055e+00
19                                     9.6015487393800858e-01
20                                     9.8428375320371764e-01
21                                     9.5482640317239698e-01
22                                     9.7903095059990008e-01
23                                     9.4779555616799627e-01
24                                     9.6143361944234484e-01
25                                     9.7903082907933403e-01
26                                     9.5849988887724247e-01
27                                     9.5479087560127951e-01
28                                     9.7946614342558269e-01
29                                     9.3268166193945701e-01
30                                     9.7845406325292628e-01
31                                     9.4950761604369749e-01
32                                     9.9338233178059343e-01
33                                     9.5752607771442866e-01
34                                     9.5488604210786621e-01
35                                     9.8825247211083023e-01
36                                     9.4859125994634141e-01
37                                     9.8993552702487775e-01
38                                     9.5957702182009397e-01
39                                     9.5471712252423124e-01
40                                     9.7407382068907555e-01
   &BVA [&Type "ArrayOfDoubles", &Dim (41,1)] "Mayer's bonded valence"
                                                         0

0                                      3.9854908749862723e+00
1                                      4.0041189560113226e+00
2                                      2.1782055714476005e+00
3                                      4.9809083018810707e+00
4                                      2.0820754961616625e+00
5                                      2.2008940763998996e+00
6                                      3.9937403473365887e+00
7                                      3.9918457267276497e+00
8                                      2.2669310320166671e+00
9                                      3.8308391125329373e+00
10                                     2.2331992857196132e+00
11                                     4.9501832465375566e+00
12                                     2.0803839754991613e+00
13                                     2.1591493432361690e+00
14                                     4.0066393925182382e+00
15                                     3.9787133240276780e+00
16                                     2.1712491046996720e+00
17                                     3.9788107236002355e+00
18                                     3.9956206015488540e+00
19                                     9.6015487393801580e-01
20                                     9.8428375320371830e-01
21                                     9.5482640317240219e-01
22                                     9.7903095059989942e-01
23                                     9.4779555616800548e-01
24                                     9.6143361944233829e-01
25                                     9.7903082907933936e-01
26                                     9.5849988887724791e-01
27                                     9.5479087560128983e-01
28                                     9.7946614342558957e-01
29                                     9.3268166193945479e-01
30                                     9.7845406325293260e-01
31                                     9.4950761604370515e-01
32                                     9.9338233178060398e-01
33                                     9.5752607771442733e-01
34                                     9.5488604210786932e-01
35                                     9.8825247211083711e-01
36                                     9.4859125994634641e-01
37                                     9.8993552702487386e-01
38                                     9.5957702182009541e-01
39                                     9.5471712252423979e-01
40                                     9.7407382068907267e-01
   &FA [&Type "ArrayOfDoubles", &Dim (41,1)] "Mayer's free valence"
                                                         0

0                                      0.0000000000000000e+00
1                                      0.0000000000000000e+00
2                                      0.0000000000000000e+00
3                                      0.0000000000000000e+00
4                                      0.0000000000000000e+00
5                                      0.0000000000000000e+00
6                                      0.0000000000000000e+00
7                                      0.0000000000000000e+00
8                                      0.0000000000000000e+00
9                                      0.0000000000000000e+00
10                                     0.0000000000000000e+00
11                                     0.0000000000000000e+00
12                                     0.0000000000000000e+00
13                                     0.0000000000000000e+00
14                                     0.0000000000000000e+00
15                                     0.0000000000000000e+00
16                                     0.0000000000000000e+00
17                                     0.0000000000000000e+00
18                                     0.0000000000000000e+00
19                                     0.0000000000000000e+00
20                                     0.0000000000000000e+00
21                                     0.0000000000000000e+00
22                                     0.0000000000000000e+00
23                                     0.0000000000000000e+00
24                                     0.0000000000000000e+00
25                                     0.0000000000000000e+00
26                                     0.0000000000000000e+00
27                                     0.0000000000000000e+00
28                                     0.0000000000000000e+00
29                                     0.0000000000000000e+00
30                                     0.0000000000000000e+00
31                                     0.0000000000000000e+00
32                                     0.0000000000000000e+00
33                                     0.0000000000000000e+00
34                                     0.0000000000000000e+00
35                                     0.0000000000000000e+00
36                                     0.0000000000000000e+00
37                                     0.0000000000000000e+00
38                                     0.0000000000000000e+00
39                                     0.0000000000000000e+00
40                                     0.0000000000000000e+00
$End
$VdW_Correction
   &GeometryIndex 1
   &ListStatus       OUT
   &VDW [&Type "Double"]      -6.7954361337000363e-02
$End
$Calculation_Info
   &GeometryIndex 1
   &ListStatus       OUT
   &MULT [&Type "Integer"] 1
   &CHARGE [&Type "Integer"] 0
   &NUMOFATOMS [&Type "Integer"] 41
   &NUMOFELECTRONS [&Type "Integer"] 202
   &NUMOFFCELECTRONS [&Type "Integer"] 1
   &NUMOFCORRELECTRONS [&Type "Integer"] 0
   &NUMOFBASISFUNCTS [&Type "Integer"] 334
   &NUMOFAUXCBASISFUNCTS [&Type "Integer"] 0
   &NUMOFAUXJBASISFUNCTS [&Type "Integer"] 1185
   &NUMOFAUXJKBASISFUNCTS [&Type "Integer"] 0
   &NUMOFCABSBASISFUNCTS [&Type "Integer"] 0
   &TOTALENERGY [&Type "Double"]      -2.9295142847801649e+03  "Hartrees"
$End
$SCF_Dipole_Moment
   &GeometryIndex 1
   &ListStatus       OUT
   &METHOD [&Type "String"] "SCF"
   &LEVEL [&Type "String"] "Relaxed density"
   &MULT [&Type "Integer"] 1
   &STATE [&Type "Integer"] -1
   &IRREP [&Type "Integer"] 0
   &NATOMS [&Type "Integer"] 41
   &DODIPOLEATOM [&Type "Boolean"] false
   &DIPOLEELECCONTRIB [&Type "ArrayOfDoubles", &Dim (3,1)] "Electronic contribution"
                                                         0

0                                      1.3871498776462652e+00
1                                     -4.4876873698300743e+00
2                                      5.6439870689648410e+00
   &DIPOLENUCCONTRIB [&Type "ArrayOfDoubles", &Dim (3,1)] "Nuclear contribution"
                                                         0

0                                     -1.0397990058379101e+00
1                                      3.8989587005231319e+00
2                                     -5.8014656425211326e+00
   &DIPOLETOTAL [&Type "ArrayOfDoubles", &Dim (3,1)] "Total"
                                                         0

0                                      3.4735087180835511e-01
1                                     -5.8872866930694245e-01
2                                     -1.5747857355629158e-01
   &DIPOLEMAGNITUDE [&Type "Double", &Units "a.u."]       7.0146530586998512e-01
$End
