*************************************************
******************* ORCA 6.0.0 ******************
*************************************************
$Calculation_Status
   &GeometryIndex 1
   &ListStatus       OUT
   &VERSION [&Type "String"] "6.0.0"
   &PROGNAME [&Type "String"] "LeanSCF"
   &STATUS [&Type "String"] "NORMAL TERMINATION"
$End
$Geometry
   &GeometryIndex 1
   &ListStatus       OUT
   &NATOMS [&Type "Integer"] 41
   &NCORELESSECP [&Type "Integer"] 0
   &NGHOSTATOMS [&Type "Integer"] 0
   &CartesianCoordinates [&Type "Coordinates", &Dim(41,4), &Units "Bohr"] 
              C     10.993174502145    0.783472880346    0.260456532402
              C      8.394306749095    0.181210943510    1.300042038677
              O      6.651793269608    0.110535806876   -0.795082375811
              P      3.959738495601   -1.187819775760   -0.513395800573
              S      4.032766163448   -4.610537911370    0.893224774775
              O      2.905139317014   -1.108006801320   -3.293023170817
              C      3.601343206224    0.722036864036   -5.213399582085
              C      3.102123799650    3.424636802900   -4.424003170735
              S      1.849539256508    1.463754841763    1.681583211338
              C      0.056013562442   -0.729163507702    3.588381082209
              S     -2.277211498529   -2.539275055358    1.832516598202
              P     -4.494911075519    0.445950658680    0.346722199524
              S     -3.549003210538    2.059034014334   -2.853389029075
              O     -4.680946703010    2.222075375804    2.736117526209
              C     -4.870431248125    4.947790656577    2.606543857834
              C     -2.818772416507    6.113678873460    4.228736425722
              O     -7.264418369509   -0.736160538644    0.269390077396
              C     -8.211921178088   -2.066871709599   -1.895511012317
              C     -6.859962767599   -4.561470722926   -2.285337439012
              H     10.961706468680    2.588883026919   -0.715111003771
              H     12.331316391466    0.872637934055    1.811299539863
              H     11.582241507320   -0.676683596503   -1.056993197415
              H      7.752596893542    1.634511516622    2.621033105065
              H      8.361636098264   -1.659917318476    2.244091064910
              H      5.594714843844    0.434585489120   -5.659335543231
              H      2.426761407252    0.180496745706   -6.818892214750
              H      4.218048440277    3.909812660577   -2.766282462169
              H      3.617779270105    4.671580744835   -5.968729597495
              H      1.110860245641    3.689441063367   -3.991713593422
              H     -0.879138761275    0.375151434314    5.045496411641
              H      1.323564651906   -2.138519147367    4.395360347382
              H     -4.688185903867    5.538573934081    0.631541795939
              H     -6.752565004225    5.428806035182    3.299378744427
              H     -3.005049813291    8.154777213031    4.171566257344
              H     -2.999656090064    5.472709090030    6.170496394941
              H     -0.963117249961    5.585419292708    3.516116605584
              H    -10.212694840093   -2.339200003675   -1.482107296381
              H     -7.994383080841   -0.853445402063   -3.558511330920
              H     -7.718197243832   -5.572557789617   -3.849697440380
              H     -4.872932100164   -4.222965940236   -2.719249386463
              H     -6.968110523214   -5.709240290990   -0.584642652305
$End
$SCF_Energy
   &GeometryIndex 1
   &ListStatus       OUT
   &SCF_ENERGY [&Type "Double"]      -2.9296376019675808e+03
$End
$DFT_Energy
   &GeometryIndex 1
   &ListStatus       OUT
   &NALPHAEL [&Type "Integer"] 101
   &NBETAEL [&Type "Integer"] 101
   &NTOTALEL [&Type "Integer"] 202
   &EEXCHANGE [&Type "Double"]      -2.3180678361602148e+02
   &ECORR [&Type "Double"]      -7.2941092039771833e+00
   &ECNL [&Type "Double"]       0.0000000000000000e+00
   &EXC [&Type "Double"]      -2.3910089281999865e+02
   &EEMBED [&Type "Double"]       0.0000000000000000e+00
   &FINALEN [&Type "Double"]      -2.9296376019675808e+03  "No Van der Waals correction"
$End
$Mulliken_Population_Analysis
   &GeometryIndex 1
   &ListStatus       OUT
   &NATOMS [&Type "Integer"] 41
   &ATNO [&Type "ArrayOfIntegers", &Dim (41,1)] 
                                                         0

0                                                        6
1                                                        6
2                                                        8
3                                                       15
4                                                       16
5                                                        8
6                                                        6
7                                                        6
8                                                       16
9                                                        6
10                                                      16
11                                                      15
12                                                      16
13                                                       8
14                                                       6
15                                                       6
16                                                       8
17                                                       6
18                                                       6
19                                                       1
20                                                       1
21                                                       1
22                                                       1
23                                                       1
24                                                       1
25                                                       1
26                                                       1
27                                                       1
28                                                       1
29                                                       1
30                                                       1
31                                                       1
32                                                       1
33                                                       1
34                                                       1
35                                                       1
36                                                       1
37                                                       1
38                                                       1
39                                                       1
40                                                       1
   &ATOMICCHARGES [&Type "ArrayOfDoubles", &Dim (41,1)] 
                                                         0

0                                     -2.8151525039134384e-01
1                                     -6.7965074987839103e-03
2                                     -3.8838752754357664e-01
3                                      6.3075480340529211e-01
4                                     -3.1509287702686706e-01
5                                     -3.5698265556013276e-01
6                                      1.9878465196608630e-02
7                                     -3.4957471091055581e-01
8                                     -1.2660883965199332e-01
9                                     -3.4123334085577550e-01
10                                    -7.2740143961386394e-02
11                                     6.1397914618823535e-01
12                                    -3.3139412654386646e-01
13                                    -3.7515778797265931e-01
14                                    -5.4755246727404838e-03
15                                    -3.0933354869821539e-01
16                                    -3.6705836142416537e-01
17                                    -2.2205514430595485e-03
18                                    -3.3060983541826072e-01
19                                     1.1505916175204378e-01
20                                     1.1309682935079746e-01
21                                     1.2141728917530581e-01
22                                     9.9528814088911899e-02
23                                     1.0567029326638488e-01
24                                     1.0508833321443989e-01
25                                     1.1169156960880311e-01
26                                     1.1514313313540203e-01
27                                     1.0882772280863762e-01
28                                     1.5458127540550004e-01
29                                     1.8724408360764588e-01
30                                     1.8800292709558186e-01
31                                     1.1153544478637045e-01
32                                     1.0720043583865513e-01
33                                     1.1325923782344705e-01
34                                     1.1704188868784027e-01
35                                     1.3212087078039059e-01
36                                     1.0441976658420371e-01
37                                     1.0939345047366289e-01
38                                     1.1493804246022565e-01
39                                     1.3692632106388603e-01
40                                     1.2338228377504679e-01
$End
$Loewdin_Population_Analysis
   &GeometryIndex 1
   &ListStatus       OUT
   &NATOMS [&Type "Integer"] 41
   &ATNO [&Type "ArrayOfIntegers", &Dim (41,1)] 
                                                         0

0                                                        6
1                                                        6
2                                                        8
3                                                       15
4                                                       16
5                                                        8
6                                                        6
7                                                        6
8                                                       16
9                                                        6
10                                                      16
11                                                      15
12                                                      16
13                                                       8
14                                                       6
15                                                       6
16                                                       8
17                                                       6
18                                                       6
19                                                       1
20                                                       1
21                                                       1
22                                                       1
23                                                       1
24                                                       1
25                                                       1
26                                                       1
27                                                       1
28                                                       1
29                                                       1
30                                                       1
31                                                       1
32                                                       1
33                                                       1
34                                                       1
35                                                       1
36                                                       1
37                                                       1
38                                                       1
39                                                       1
40                                                       1
   &ATOMICCHARGES [&Type "ArrayOfDoubles", &Dim (41,1)] 
                                                         0

0                                      7.6632751774359980e-03
1                                      1.0092543318069717e-01
2                                      5.7411046530390608e-01
3                                      5.6447135919031513e-02
4                                      6.9354628454904030e-05
5                                      2.4195862948594671e-01
6                                      1.6202531706158433e-02
7                                      5.2064730662140703e-04
8                                      9.2159136650194330e-05
9                                      4.9185254965899824e-05
10                                     3.2988799415227982e-04
11                                     6.7984545800754857e-05
12                                     1.8585105609038840e-05
13                                     4.5305235494778342e-04
14                                     8.2255641577642078e-05
15                                     8.1286477709400345e-06
16                                     3.4962445570962790e-04
17                                     7.7370179624119899e-05
18                                     3.7511549322340489e-06
19                                     4.5813391220313630e-06
20                                     1.0631413401255942e-04
21                                     2.1202703410319833e-05
22                                     7.0138999794834580e-05
23                                     1.8012172131228387e-04
24                                     4.9904028422559611e-06
25                                     1.1375451924353877e-04
26                                     1.1163233556381850e-05
27                                     3.8724390646105393e-05
28                                     6.8824061133836255e-06
29                                     3.4633794481665963e-06
30                                     7.1197437673077134e-06
31                                     2.6280216521462159e-07
32                                     2.9896072664305541e-07
33                                     2.8116820177413434e-07
34                                     4.0956184437005121e-08
35                                     2.3990153862367453e-07
36                                     3.2372701610884975e-07
37                                     2.4399060204187632e-07
38                                     5.5121992214536385e-08
39                                     1.2499449097971893e-07
40                                     2.1422382066562507e-07
$End
$Mayer_Population_Analysis
   &GeometryIndex 1
   &ListStatus       OUT
   &NATOMS [&Type "Integer"] 41 "Total number of atoms"
   &BONDTHRESH [&Type "Double"]       1.0000000000000001e-01  "The threshold for printing"
   &NBONDORDERSPRINT [&Type "Integer"] 42 "The number of bond orders larger than threshold"
   &BONDORDERS [&Type "ArrayOfDoubles", &Dim (42,1)] "The bond orders"
                                                         0

0                                      1.1602174560951841e+00
1                                      9.5168568730077618e-01
2                                      9.4173267055134524e-01
3                                      9.5058235141724068e-01
4                                      9.0027638634703722e-01
5                                      9.2647479640093666e-01
6                                      9.0793377893192495e-01
7                                      1.0693505424821614e+00
8                                      1.6429963182106244e+00
9                                      1.1612526035517658e+00
10                                     9.2728843414265505e-01
11                                     1.1223363873415636e-01
12                                     8.8928926316152768e-01
13                                     1.1704727255117284e+00
14                                     9.3179443670807405e-01
15                                     9.3193552754750753e-01
16                                     9.3612332712980739e-01
17                                     9.3465256810965125e-01
18                                     9.1969898126284544e-01
19                                     1.0136321310861414e+00
20                                     1.0024224686549759e+00
21                                     8.9606347421162746e-01
22                                     8.7980414644524740e-01
23                                     9.6994572279617453e-01
24                                     1.0254730302123261e-01
25                                     1.6071264246852941e+00
26                                     1.1189356847327194e+00
27                                     1.1094675601991701e+00
28                                     8.9574653971088181e-01
29                                     1.1658088805361184e+00
30                                     8.9993106136080159e-01
31                                     9.3316320788751628e-01
32                                     9.3923889212804124e-01
33                                     9.4739473037121069e-01
34                                     9.3604915114154885e-01
35                                     9.1519731482955091e-01
36                                     1.1605819249491658e+00
37                                     9.3263250337173254e-01
38                                     9.1357797727450640e-01
39                                     9.3858405005204637e-01
40                                     9.3206428373583750e-01
41                                     9.4386190364506362e-01
   &COMPONENTS [&Type "ArrayOfIntegers", &Dim (42,4)] "The indices and atomic numbers of the bonding atoms"
                                                         0                           1                           2                           3

0                                                        0                           6                           1                           6
1                                                        0                           6                          19                           1
2                                                        0                           6                          20                           1
3                                                        0                           6                          21                           1
4                                                        1                           6                           2                           8
5                                                        1                           6                          22                           1
6                                                        1                           6                          23                           1
7                                                        2                           8                           3                          15
8                                                        3                          15                           4                          16
9                                                        3                          15                           5                           8
10                                                       3                          15                           8                          16
11                                                       4                          16                           8                          16
12                                                       5                           8                           6                           6
13                                                       6                           6                           7                           6
14                                                       6                           6                          24                           1
15                                                       6                           6                          25                           1
16                                                       7                           6                          26                           1
17                                                       7                           6                          27                           1
18                                                       7                           6                          28                           1
19                                                       8                          16                           9                           6
20                                                       9                           6                          10                          16
21                                                       9                           6                          29                           1
22                                                       9                           6                          30                           1
23                                                      10                          16                          11                          15
24                                                      10                          16                          12                          16
25                                                      11                          15                          12                          16
26                                                      11                          15                          13                           8
27                                                      11                          15                          16                           8
28                                                      13                           8                          14                           6
29                                                      14                           6                          15                           6
30                                                      14                           6                          31                           1
31                                                      14                           6                          32                           1
32                                                      15                           6                          33                           1
33                                                      15                           6                          34                           1
34                                                      15                           6                          35                           1
35                                                      16                           8                          17                           6
36                                                      17                           6                          18                           6
37                                                      17                           6                          36                           1
38                                                      17                           6                          37                           1
39                                                      18                           6                          38                           1
40                                                      18                           6                          39                           1
41                                                      18                           6                          40                           1
   &ATNO [&Type "ArrayOfIntegers", &Dim (41,1)] "Atomic number of the elements"
                                                         0

0                                                        6
1                                                        6
2                                                        8
3                                                       15
4                                                       16
5                                                        8
6                                                        6
7                                                        6
8                                                       16
9                                                        6
10                                                      16
11                                                      15
12                                                      16
13                                                       8
14                                                       6
15                                                       6
16                                                       8
17                                                       6
18                                                       6
19                                                       1
20                                                       1
21                                                       1
22                                                       1
23                                                       1
24                                                       1
25                                                       1
26                                                       1
27                                                       1
28                                                       1
29                                                       1
30                                                       1
31                                                       1
32                                                       1
33                                                       1
34                                                       1
35                                                       1
36                                                       1
37                                                       1
38                                                       1
39                                                       1
40                                                       1
   &NA [&Type "ArrayOfDoubles", &Dim (41,1)] "Mulliken gross atomic population"
                                                         0

0                                      6.2815152503913456e+00
1                                      6.0067965074987812e+00
2                                      8.3883875275435482e+00
3                                      1.4369245196594692e+01
4                                      1.6315092877026814e+01
5                                      8.3569826555601221e+00
6                                      5.9801215348034065e+00
7                                      6.3495747109105469e+00
8                                      1.6126608839651965e+01
9                                      6.3412333408557657e+00
10                                     1.6072740143961354e+01
11                                     1.4386020853811722e+01
12                                     1.6331394126543827e+01
13                                     8.3751577879726966e+00
14                                     6.0054755246727387e+00
15                                     6.3093335486982323e+00
16                                     8.3670583614241796e+00
17                                     6.0022205514430738e+00
18                                     6.3306098354182589e+00
19                                     8.8494083824795677e-01
20                                     8.8690317064920221e-01
21                                     8.7858271082469364e-01
22                                     9.0047118591108777e-01
23                                     8.9432970673361578e-01
24                                     8.9491166678555933e-01
25                                     8.8830843039119733e-01
26                                     8.8485686686459819e-01
27                                     8.9117227719136227e-01
28                                     8.4541872459450063e-01
29                                     8.1275591639235412e-01
30                                     8.1199707290441836e-01
31                                     8.8846455521363010e-01
32                                     8.9279956416134532e-01
33                                     8.8674076217655384e-01
34                                     8.8295811131215984e-01
35                                     8.6787912921960975e-01
36                                     8.9558023341579596e-01
37                                     8.9060654952633767e-01
38                                     8.8506195753977435e-01
39                                     8.6307367893611309e-01
40                                     8.7661771622495288e-01
   &ZA [&Type "ArrayOfDoubles", &Dim (41,1)] "Total nuclear charge"
                                                         0

0                                      6.0000000000000000e+00
1                                      6.0000000000000000e+00
2                                      8.0000000000000000e+00
3                                      1.5000000000000000e+01
4                                      1.6000000000000000e+01
5                                      8.0000000000000000e+00
6                                      6.0000000000000000e+00
7                                      6.0000000000000000e+00
8                                      1.6000000000000000e+01
9                                      6.0000000000000000e+00
10                                     1.6000000000000000e+01
11                                     1.5000000000000000e+01
12                                     1.6000000000000000e+01
13                                     8.0000000000000000e+00
14                                     6.0000000000000000e+00
15                                     6.0000000000000000e+00
16                                     8.0000000000000000e+00
17                                     6.0000000000000000e+00
18                                     6.0000000000000000e+00
19                                     1.0000000000000000e+00
20                                     1.0000000000000000e+00
21                                     1.0000000000000000e+00
22                                     1.0000000000000000e+00
23                                     1.0000000000000000e+00
24                                     1.0000000000000000e+00
25                                     1.0000000000000000e+00
26                                     1.0000000000000000e+00
27                                     1.0000000000000000e+00
28                                     1.0000000000000000e+00
29                                     1.0000000000000000e+00
30                                     1.0000000000000000e+00
31                                     1.0000000000000000e+00
32                                     1.0000000000000000e+00
33                                     1.0000000000000000e+00
34                                     1.0000000000000000e+00
35                                     1.0000000000000000e+00
36                                     1.0000000000000000e+00
37                                     1.0000000000000000e+00
38                                     1.0000000000000000e+00
39                                     1.0000000000000000e+00
40                                     1.0000000000000000e+00
   &QA [&Type "ArrayOfDoubles", &Dim (41,1)] "Mulliken gross atomic charge"
                                                         0

0                                     -2.8151525039134562e-01
1                                     -6.7965074987812457e-03
2                                     -3.8838752754354822e-01
3                                      6.3075480340530810e-01
4                                     -3.1509287702681377e-01
5                                     -3.5698265556012210e-01
6                                      1.9878465196593531e-02
7                                     -3.4957471091054693e-01
8                                     -1.2660883965196490e-01
9                                     -3.4123334085576573e-01
10                                    -7.2740143961354420e-02
11                                     6.1397914618827798e-01
12                                    -3.3139412654382738e-01
13                                    -3.7515778797269661e-01
14                                    -5.4755246727387075e-03
15                                    -3.0933354869823226e-01
16                                    -3.6705836142417958e-01
17                                    -2.2205514430737594e-03
18                                    -3.3060983541825895e-01
19                                     1.1505916175204323e-01
20                                     1.1309682935079779e-01
21                                     1.2141728917530636e-01
22                                     9.9528814088912232e-02
23                                     1.0567029326638422e-01
24                                     1.0508833321444067e-01
25                                     1.1169156960880267e-01
26                                     1.1514313313540181e-01
27                                     1.0882772280863773e-01
28                                     1.5458127540549937e-01
29                                     1.8724408360764588e-01
30                                     1.8800292709558164e-01
31                                     1.1153544478636990e-01
32                                     1.0720043583865468e-01
33                                     1.1325923782344616e-01
34                                     1.1704188868784016e-01
35                                     1.3212087078039025e-01
36                                     1.0441976658420404e-01
37                                     1.0939345047366233e-01
38                                     1.1493804246022565e-01
39                                     1.3692632106388691e-01
40                                     1.2338228377504712e-01
   &VA [&Type "ArrayOfDoubles", &Dim (41,1)] "Mayer's total valence"
                                                         0

0                                      4.0069461382253788e+00
1                                      3.9532560440825377e+00
2                                      2.1600755905327871e+00
3                                      4.9554966106171294e+00
4                                      2.0452107023859130e+00
5                                      2.1889055261863830e+00
6                                      4.0177179710413418e+00
7                                      3.9874022889489944e+00
8                                      2.2972779550748856e+00
9                                      3.8597517092017246e+00
10                                     2.2665293450424633e+00
11                                     4.9644550263244369e+00
12                                     2.0815838988070028e+00
13                                     2.1680949758613530e+00
14                                     3.9690917830976638e+00
15                                     3.9982412977037303e+00
16                                     2.1760322905872047e+00
17                                     3.9994997461084094e+00
18                                     3.9847968424382572e+00
19                                     9.5791408774357922e-01
20                                     9.5463828670838879e-01
21                                     9.5933715504009465e-01
22                                     9.6592913024716565e-01
23                                     9.9627691711255495e-01
24                                     9.5670524592022144e-01
25                                     9.5150919519908839e-01
26                                     9.7407732965069471e-01
27                                     9.5492681075712094e-01
28                                     9.8515891953014512e-01
29                                     9.4582411710746905e-01
30                                     9.7723540626651284e-01
31                                     1.0033915256457637e+00
32                                     9.4679720490036079e-01
33                                     9.5494926490390863e-01
34                                     9.5493962858386339e-01
35                                     9.7131014290501094e-01
36                                     9.4918351069909179e-01
37                                     9.8494046108487765e-01
38                                     9.5578851196601722e-01
39                                     9.7303566009621423e-01
40                                     9.5805669386644854e-01
   &BVA [&Type "ArrayOfDoubles", &Dim (41,1)] "Mayer's bonded valence"
                                                         0

0                                      4.0069461382253859e+00
1                                      3.9532560440825510e+00
2                                      2.1600755905328217e+00
3                                      4.9554966106170841e+00
4                                      2.0452107023860817e+00
5                                      2.1889055261864185e+00
6                                      4.0177179710412885e+00
7                                      3.9874022889490099e+00
8                                      2.2972779550749043e+00
9                                      3.8597517092017619e+00
10                                     2.2665293450425064e+00
11                                     4.9644550263245639e+00
12                                     2.0815838988071311e+00
13                                     2.1680949758613184e+00
14                                     3.9690917830976820e+00
15                                     3.9982412977037081e+00
16                                     2.1760322905871456e+00
17                                     3.9994997461083752e+00
18                                     3.9847968424382993e+00
19                                     9.5791408774358100e-01
20                                     9.5463828670839390e-01
21                                     9.5933715504009898e-01
22                                     9.6592913024716021e-01
23                                     9.9627691711255673e-01
24                                     9.5670524592021500e-01
25                                     9.5150919519908128e-01
26                                     9.7407732965069438e-01
27                                     9.5492681075712427e-01
28                                     9.8515891953014190e-01
29                                     9.4582411710747172e-01
30                                     9.7723540626651439e-01
31                                     1.0033915256457644e+00
32                                     9.4679720490036490e-01
33                                     9.5494926490391119e-01
34                                     9.5493962858386361e-01
35                                     9.7131014290501283e-01
36                                     9.4918351069908424e-01
37                                     9.8494046108486810e-01
38                                     9.5578851196602455e-01
39                                     9.7303566009622777e-01
40                                     9.5805669386643755e-01
   &FA [&Type "ArrayOfDoubles", &Dim (41,1)] "Mayer's free valence"
                                                         0

0                                      0.0000000000000000e+00
1                                      0.0000000000000000e+00
2                                      0.0000000000000000e+00
3                                      0.0000000000000000e+00
4                                      0.0000000000000000e+00
5                                      0.0000000000000000e+00
6                                      0.0000000000000000e+00
7                                      0.0000000000000000e+00
8                                      0.0000000000000000e+00
9                                      0.0000000000000000e+00
10                                     0.0000000000000000e+00
11                                     0.0000000000000000e+00
12                                     0.0000000000000000e+00
13                                     0.0000000000000000e+00
14                                     0.0000000000000000e+00
15                                     0.0000000000000000e+00
16                                     0.0000000000000000e+00
17                                     0.0000000000000000e+00
18                                     0.0000000000000000e+00
19                                     0.0000000000000000e+00
20                                     0.0000000000000000e+00
21                                     0.0000000000000000e+00
22                                     0.0000000000000000e+00
23                                     0.0000000000000000e+00
24                                     0.0000000000000000e+00
25                                     0.0000000000000000e+00
26                                     0.0000000000000000e+00
27                                     0.0000000000000000e+00
28                                     0.0000000000000000e+00
29                                     0.0000000000000000e+00
30                                     0.0000000000000000e+00
31                                     0.0000000000000000e+00
32                                     0.0000000000000000e+00
33                                     0.0000000000000000e+00
34                                     0.0000000000000000e+00
35                                     0.0000000000000000e+00
36                                     0.0000000000000000e+00
37                                     0.0000000000000000e+00
38                                     0.0000000000000000e+00
39                                     0.0000000000000000e+00
40                                     0.0000000000000000e+00
$End
$VdW_Correction
   &GeometryIndex 1
   &ListStatus       OUT
   &VDW [&Type "Double"]      -6.5283971571537369e-02
$End
$Calculation_Info
   &GeometryIndex 1
   &ListStatus       OUT
   &MULT [&Type "Integer"] 1
   &CHARGE [&Type "Integer"] 0
   &NUMOFATOMS [&Type "Integer"] 41
   &NUMOFELECTRONS [&Type "Integer"] 202
   &NUMOFFCELECTRONS [&Type "Integer"] 1
   &NUMOFCORRELECTRONS [&Type "Integer"] 0
   &NUMOFBASISFUNCTS [&Type "Integer"] 334
   &NUMOFAUXCBASISFUNCTS [&Type "Integer"] 0
   &NUMOFAUXJBASISFUNCTS [&Type "Integer"] 1185
   &NUMOFAUXJKBASISFUNCTS [&Type "Integer"] 0
   &NUMOFCABSBASISFUNCTS [&Type "Integer"] 0
   &TOTALENERGY [&Type "Double"]      -2.9295184033473524e+03  "Hartrees"
$End
$SCF_Dipole_Moment
   &GeometryIndex 1
   &ListStatus       OUT
   &METHOD [&Type "String"] "SCF"
   &LEVEL [&Type "String"] "Relaxed density"
   &MULT [&Type "Integer"] 1
   &STATE [&Type "Integer"] -1
   &IRREP [&Type "Integer"] 0
   &NATOMS [&Type "Integer"] 41
   &DODIPOLEATOM [&Type "Boolean"] false
   &DIPOLEELECCONTRIB [&Type "ArrayOfDoubles", &Dim (3,1)] "Electronic contribution"
                                                         0

0                                     -6.0698074046711783e+00
1                                     -1.1755507319504401e+01
2                                      2.8275039801038555e+00
   &DIPOLENUCCONTRIB [&Type "ArrayOfDoubles", &Dim (3,1)] "Nuclear contribution"
                                                         0

0                                      6.3037667327401801e+00
1                                      1.3002774887025367e+01
2                                     -2.5672816123643645e+00
   &DIPOLETOTAL [&Type "ArrayOfDoubles", &Dim (3,1)] "Total"
                                                         0

0                                      2.3395932806900177e-01
1                                      1.2472675675209661e+00
2                                      2.6022236773949103e-01
   &DIPOLEMAGNITUDE [&Type "Double", &Units "a.u."]       1.2954261973775709e+00
$End
