*************************************************
******************* ORCA 6.0.0 ******************
*************************************************
$Calculation_Status
   &GeometryIndex 1
   &ListStatus       OUT
   &VERSION [&Type "String"] "6.0.0"
   &PROGNAME [&Type "String"] "LeanSCF"
   &STATUS [&Type "String"] "NORMAL TERMINATION"
$End
$Geometry
   &GeometryIndex 1
   &ListStatus       OUT
   &NATOMS [&Type "Integer"] 41
   &NCORELESSECP [&Type "Integer"] 0
   &NGHOSTATOMS [&Type "Integer"] 0
   &CartesianCoordinates [&Type "Coordinates", &Dim(41,4), &Units "Bohr"] 
              C      5.205788735970    4.087364900217   -3.880919401456
              C      6.264353012197    2.352817899319   -1.865178005060
              O      4.332048011978    1.972053886925    0.046291916046
              P      3.964774361957   -0.605211734324    1.491455860761
              S      1.208267923432   -0.256665520301    3.930650939941
              O      6.739593315739   -1.088550989281    2.531795227735
              C      7.717463421412   -3.478361963874    3.391868421858
              C      6.086735952116   -4.678152009518    5.413831148744
              S      3.556383130985   -3.508787281608   -1.281919457906
              C      0.209098650253   -3.196075841084   -1.780395720418
              S     -0.572836020799   -0.119345160202   -3.151082405187
              P     -4.064557767538    0.572481209410   -1.371808361384
              S     -5.092274286825   -1.707679169334    1.374502748402
              O     -5.851622391198    0.460065634690   -3.769208865604
              C     -8.534684606899    0.043608799733   -3.562720457022
              C     -9.860631558496    2.286218028714   -2.380594472969
              O     -4.028782851115    3.535721603753   -0.867111113825
              C     -2.447364996615    4.821519693179    0.925518953232
              C     -3.569011776163    4.761602207878    3.560195031930
              H      4.639132609824    5.874925418439   -3.046547096726
              H      6.648140173689    4.425508392025   -5.298669194404
              H      3.567544911590    3.222122316412   -4.770196408136
              H      7.893045853237    3.187551329391   -0.914966606282
              H      6.792837260032    0.518012112957   -2.656063225616
              H      7.890928555133   -4.727650152464    1.755465171080
              H      9.588447278560   -3.000930518534    4.116432613184
              H      4.236217776464   -5.152164124677    4.646436720128
              H      6.986664995791   -6.392006704836    6.090692614208
              H      5.820537998216   -3.381296198769    6.985956405749
              H     -0.795937161680   -3.380930490275    0.017725253380
              H     -0.323994919114   -4.684138846159   -3.092513295985
              H     -9.136326211463   -0.271391010322   -5.508531096161
              H     -8.847065734256   -1.664597954114   -2.438065562659
              H     -9.413371508389    4.002487825778   -3.415928792752
              H    -11.887931107444    1.974927197370   -2.404839256755
              H     -9.237795667928    2.506168763694   -0.430420402329
              H     -0.559107610947    3.975727272455    0.916639519979
              H     -2.339727781129    6.749404816723    0.199071552115
              H     -3.603760823952    2.834006236810    4.278091319112
              H     -2.407817224958    5.897283388348    4.812292493626
              H     -5.483300742527    5.504029366565    3.537306592273
$End
$SCF_Energy
   &GeometryIndex 1
   &ListStatus       OUT
   &SCF_ENERGY [&Type "Double"]      -2.9296388029827117e+03
$End
$DFT_Energy
   &GeometryIndex 1
   &ListStatus       OUT
   &NALPHAEL [&Type "Integer"] 101
   &NBETAEL [&Type "Integer"] 101
   &NTOTALEL [&Type "Integer"] 202
   &EEXCHANGE [&Type "Double"]      -2.3180454700082879e+02
   &ECORR [&Type "Double"]      -7.2958580470765444e+00
   &ECNL [&Type "Double"]       0.0000000000000000e+00
   &EXC [&Type "Double"]      -2.3910040504790533e+02
   &EEMBED [&Type "Double"]       0.0000000000000000e+00
   &FINALEN [&Type "Double"]      -2.9296388029827117e+03  "No Van der Waals correction"
$End
$Mulliken_Population_Analysis
   &GeometryIndex 1
   &ListStatus       OUT
   &NATOMS [&Type "Integer"] 41
   &ATNO [&Type "ArrayOfIntegers", &Dim (41,1)] 
                                                         0

0                                                        6
1                                                        6
2                                                        8
3                                                       15
4                                                       16
5                                                        8
6                                                        6
7                                                        6
8                                                       16
9                                                        6
10                                                      16
11                                                      15
12                                                      16
13                                                       8
14                                                       6
15                                                       6
16                                                       8
17                                                       6
18                                                       6
19                                                       1
20                                                       1
21                                                       1
22                                                       1
23                                                       1
24                                                       1
25                                                       1
26                                                       1
27                                                       1
28                                                       1
29                                                       1
30                                                       1
31                                                       1
32                                                       1
33                                                       1
34                                                       1
35                                                       1
36                                                       1
37                                                       1
38                                                       1
39                                                       1
40                                                       1
   &ATOMICCHARGES [&Type "ArrayOfDoubles", &Dim (41,1)] 
                                                         0

0                                     -2.8767959565302181e-01
1                                     -9.6323705161669437e-03
2                                     -3.4850315476301752e-01
3                                      5.9061768735127629e-01
4                                     -2.9337779714192536e-01
5                                     -3.7915359509275959e-01
6                                     -1.1926996442059412e-02
7                                     -3.0989027000993197e-01
8                                     -1.2269419175507679e-01
9                                     -3.4642918236372200e-01
10                                    -1.0594293210980155e-01
11                                     6.2944189411943441e-01
12                                    -3.1876208616480994e-01
13                                    -3.6841954273727318e-01
14                                    -4.6826197162683769e-03
15                                    -3.0712476104139608e-01
16                                    -3.7374020903076755e-01
17                                    -2.6005560856182441e-02
18                                    -3.0227387304028852e-01
19                                     1.1869788624305211e-01
20                                     1.0881605812482265e-01
21                                     1.3015467866074559e-01
22                                     1.0883676157661926e-01
23                                     9.8253639379829005e-02
24                                     1.1299160743869963e-01
25                                     1.0996342607773357e-01
26                                     1.2914587937716115e-01
27                                     1.1208418363861461e-01
28                                     1.2828856946112166e-01
29                                     2.1489376303479546e-01
30                                     1.8293118580896450e-01
31                                     1.0236959610848329e-01
32                                     1.0897717662971251e-01
33                                     1.1583465997566189e-01
34                                     1.0888915132457966e-01
35                                     1.2597922117588412e-01
36                                     1.2785305870789354e-01
37                                     9.7251141607628044e-02
38                                     1.4048206029426180e-01
39                                     1.0598570387746231e-01
40                                     1.0749974844006094e-01
$End
$Loewdin_Population_Analysis
   &GeometryIndex 1
   &ListStatus       OUT
   &NATOMS [&Type "Integer"] 41
   &ATNO [&Type "ArrayOfIntegers", &Dim (41,1)] 
                                                         0

0                                                        6
1                                                        6
2                                                        8
3                                                       15
4                                                       16
5                                                        8
6                                                        6
7                                                        6
8                                                       16
9                                                        6
10                                                      16
11                                                      15
12                                                      16
13                                                       8
14                                                       6
15                                                       6
16                                                       8
17                                                       6
18                                                       6
19                                                       1
20                                                       1
21                                                       1
22                                                       1
23                                                       1
24                                                       1
25                                                       1
26                                                       1
27                                                       1
28                                                       1
29                                                       1
30                                                       1
31                                                       1
32                                                       1
33                                                       1
34                                                       1
35                                                       1
36                                                       1
37                                                       1
38                                                       1
39                                                       1
40                                                       1
   &ATOMICCHARGES [&Type "ArrayOfDoubles", &Dim (41,1)] 
                                                         0

0                                      3.7499977589691206e-05
1                                      2.9606686651977287e-04
2                                      2.6533265092937731e-03
3                                      3.2614143006181890e-04
4                                      1.6132692156693330e-05
5                                      1.8661439529916890e-03
6                                      3.2300079212148488e-04
7                                      1.2972712730587714e-05
8                                      5.3714101916734852e-05
9                                      1.6095700461927825e-04
10                                     3.0854808821242561e-04
11                                     3.7957066253986503e-02
12                                     2.5722780247284632e-04
13                                     3.5620905824314109e-01
14                                     4.8040060973624149e-02
15                                     1.6811385671117514e-03
16                                     4.5360876991885640e-01
17                                     9.2934095004647860e-02
18                                     1.6273433875854189e-03
19                                     2.8108113390234542e-07
20                                     8.6073834513881149e-07
21                                     5.4513981689532292e-07
22                                     4.1984582668594628e-07
23                                     1.7246886156994763e-06
24                                     3.3163743415575033e-07
25                                     2.5038476166901840e-06
26                                     1.0019567670847277e-07
27                                     8.4362462229377709e-07
28                                     4.1275700560492774e-08
29                                     1.5658472803760537e-06
30                                     2.4919074430778137e-05
31                                     3.6874898786320851e-04
32                                     7.1577763678894871e-05
33                                     3.4138996312021658e-05
34                                     1.5253815481624562e-04
35                                     5.9657427960439020e-05
36                                     2.1174673995983024e-04
37                                     6.0617328653474667e-04
38                                     1.4512376213412719e-06
39                                     8.8417123754889288e-05
40                                     2.1490053590501500e-06
$End
$Mayer_Population_Analysis
   &GeometryIndex 1
   &ListStatus       OUT
   &NATOMS [&Type "Integer"] 41 "Total number of atoms"
   &BONDTHRESH [&Type "Double"]       1.0000000000000001e-01  "The threshold for printing"
   &NBONDORDERSPRINT [&Type "Integer"] 42 "The number of bond orders larger than threshold"
   &BONDORDERS [&Type "ArrayOfDoubles", &Dim (42,1)] "The bond orders"
                                                         0

0                                      1.1645937654952165e+00
1                                      9.4930849405669115e-01
2                                      9.4062891165485751e-01
3                                      9.4164069826379526e-01
4                                      8.8775801444933700e-01
5                                      9.3331604920776179e-01
6                                      9.1107446013828719e-01
7                                      1.1245107865168478e+00
8                                      1.6581086026648926e+00
9                                      1.0873327994511597e+00
10                                     9.2790323524369833e-01
11                                     1.0855039272936634e-01
12                                     9.1336782126579918e-01
13                                     1.1666066971242974e+00
14                                     9.2672784630555238e-01
15                                     9.3327839445691374e-01
16                                     9.3242288511856120e-01
17                                     9.3492937987477953e-01
18                                     9.4295642286088610e-01
19                                     1.0068532252130427e+00
20                                     9.9257116200646511e-01
21                                     8.4386246594996761e-01
22                                     9.0909941981112552e-01
23                                     9.5804292102911492e-01
24                                     1.1898459721358381e-01
25                                     1.6108036751266710e+00
26                                     1.1275550030970212e+00
27                                     1.1179215398226932e+00
28                                     9.1382582381330735e-01
29                                     1.1634124424962100e+00
30                                     9.3470633876592635e-01
31                                     9.1430976155456334e-01
32                                     9.4641580060931341e-01
33                                     9.3858514063907517e-01
34                                     9.3535325288115767e-01
35                                     9.0159281543685910e-01
36                                     1.1707291585114041e+00
37                                     9.0307883301599756e-01
38                                     9.3537907276840981e-01
39                                     9.3051629642263034e-01
40                                     9.3923566335010766e-01
41                                     9.4606946121972701e-01
   &COMPONENTS [&Type "ArrayOfIntegers", &Dim (42,4)] "The indices and atomic numbers of the bonding atoms"
                                                         0                           1                           2                           3

0                                                        0                           6                           1                           6
1                                                        0                           6                          19                           1
2                                                        0                           6                          20                           1
3                                                        0                           6                          21                           1
4                                                        1                           6                           2                           8
5                                                        1                           6                          22                           1
6                                                        1                           6                          23                           1
7                                                        2                           8                           3                          15
8                                                        3                          15                           4                          16
9                                                        3                          15                           5                           8
10                                                       3                          15                           8                          16
11                                                       4                          16                           8                          16
12                                                       5                           8                           6                           6
13                                                       6                           6                           7                           6
14                                                       6                           6                          24                           1
15                                                       6                           6                          25                           1
16                                                       7                           6                          26                           1
17                                                       7                           6                          27                           1
18                                                       7                           6                          28                           1
19                                                       8                          16                           9                           6
20                                                       9                           6                          10                          16
21                                                       9                           6                          29                           1
22                                                       9                           6                          30                           1
23                                                      10                          16                          11                          15
24                                                      10                          16                          12                          16
25                                                      11                          15                          12                          16
26                                                      11                          15                          13                           8
27                                                      11                          15                          16                           8
28                                                      13                           8                          14                           6
29                                                      14                           6                          15                           6
30                                                      14                           6                          31                           1
31                                                      14                           6                          32                           1
32                                                      15                           6                          33                           1
33                                                      15                           6                          34                           1
34                                                      15                           6                          35                           1
35                                                      16                           8                          17                           6
36                                                      17                           6                          18                           6
37                                                      17                           6                          36                           1
38                                                      17                           6                          37                           1
39                                                      18                           6                          38                           1
40                                                      18                           6                          39                           1
41                                                      18                           6                          40                           1
   &ATNO [&Type "ArrayOfIntegers", &Dim (41,1)] "Atomic number of the elements"
                                                         0

0                                                        6
1                                                        6
2                                                        8
3                                                       15
4                                                       16
5                                                        8
6                                                        6
7                                                        6
8                                                       16
9                                                        6
10                                                      16
11                                                      15
12                                                      16
13                                                       8
14                                                       6
15                                                       6
16                                                       8
17                                                       6
18                                                       6
19                                                       1
20                                                       1
21                                                       1
22                                                       1
23                                                       1
24                                                       1
25                                                       1
26                                                       1
27                                                       1
28                                                       1
29                                                       1
30                                                       1
31                                                       1
32                                                       1
33                                                       1
34                                                       1
35                                                       1
36                                                       1
37                                                       1
38                                                       1
39                                                       1
40                                                       1
   &NA [&Type "ArrayOfDoubles", &Dim (41,1)] "Mulliken gross atomic population"
                                                         0

0                                      6.2876795956530147e+00
1                                      6.0096323705161794e+00
2                                      8.3485031547630424e+00
3                                      1.4409382312648695e+01
4                                      1.6293377797141876e+01
5                                      8.3791535950927827e+00
6                                      6.0119269964420621e+00
7                                      6.3098902700099302e+00
8                                      1.6122694191755070e+01
9                                      6.3464291823637229e+00
10                                     1.6105942932109787e+01
11                                     1.4370558105880503e+01
12                                     1.6318762086164678e+01
13                                     8.3684195427372678e+00
14                                     6.0046826197162719e+00
15                                     6.3071247610413863e+00
16                                     8.3737402090307533e+00
17                                     6.0260055608561638e+00
18                                     6.3022738730402814e+00
19                                     8.8130211375694856e-01
20                                     8.9118394187517647e-01
21                                     8.6984532133925385e-01
22                                     8.9116323842337997e-01
23                                     9.0174636062017033e-01
24                                     8.8700839256129949e-01
25                                     8.9003657392226598e-01
26                                     8.7085412062283984e-01
27                                     8.8791581636138450e-01
28                                     8.7171143053887912e-01
29                                     7.8510623696520332e-01
30                                     8.1706881419103439e-01
31                                     8.9763040389151660e-01
32                                     8.9102282337028771e-01
33                                     8.8416534002433833e-01
34                                     8.9111084867542001e-01
35                                     8.7402077882411588e-01
36                                     8.7214694129210657e-01
37                                     9.0274885839237085e-01
38                                     8.5951793970573775e-01
39                                     8.9401429612253824e-01
40                                     8.9250025155993939e-01
   &ZA [&Type "ArrayOfDoubles", &Dim (41,1)] "Total nuclear charge"
                                                         0

0                                      6.0000000000000000e+00
1                                      6.0000000000000000e+00
2                                      8.0000000000000000e+00
3                                      1.5000000000000000e+01
4                                      1.6000000000000000e+01
5                                      8.0000000000000000e+00
6                                      6.0000000000000000e+00
7                                      6.0000000000000000e+00
8                                      1.6000000000000000e+01
9                                      6.0000000000000000e+00
10                                     1.6000000000000000e+01
11                                     1.5000000000000000e+01
12                                     1.6000000000000000e+01
13                                     8.0000000000000000e+00
14                                     6.0000000000000000e+00
15                                     6.0000000000000000e+00
16                                     8.0000000000000000e+00
17                                     6.0000000000000000e+00
18                                     6.0000000000000000e+00
19                                     1.0000000000000000e+00
20                                     1.0000000000000000e+00
21                                     1.0000000000000000e+00
22                                     1.0000000000000000e+00
23                                     1.0000000000000000e+00
24                                     1.0000000000000000e+00
25                                     1.0000000000000000e+00
26                                     1.0000000000000000e+00
27                                     1.0000000000000000e+00
28                                     1.0000000000000000e+00
29                                     1.0000000000000000e+00
30                                     1.0000000000000000e+00
31                                     1.0000000000000000e+00
32                                     1.0000000000000000e+00
33                                     1.0000000000000000e+00
34                                     1.0000000000000000e+00
35                                     1.0000000000000000e+00
36                                     1.0000000000000000e+00
37                                     1.0000000000000000e+00
38                                     1.0000000000000000e+00
39                                     1.0000000000000000e+00
40                                     1.0000000000000000e+00
   &QA [&Type "ArrayOfDoubles", &Dim (41,1)] "Mulliken gross atomic charge"
                                                         0

0                                     -2.8767959565301471e-01
1                                     -9.6323705161793782e-03
2                                     -3.4850315476304239e-01
3                                      5.9061768735130471e-01
4                                     -2.9337779714187562e-01
5                                     -3.7915359509278268e-01
6                                     -1.1926996442062077e-02
7                                     -3.0989027000993019e-01
8                                     -1.2269419175506968e-01
9                                     -3.4642918236372289e-01
10                                    -1.0594293210978734e-01
11                                     6.2944189411949658e-01
12                                    -3.1876208616467849e-01
13                                    -3.6841954273726785e-01
14                                    -4.6826197162719296e-03
15                                    -3.0712476104138631e-01
16                                    -3.7374020903075333e-01
17                                    -2.6005560856163790e-02
18                                    -3.0227387304028142e-01
19                                     1.1869788624305144e-01
20                                     1.0881605812482353e-01
21                                     1.3015467866074615e-01
22                                     1.0883676157662003e-01
23                                     9.8253639379829671e-02
24                                     1.1299160743870051e-01
25                                     1.0996342607773402e-01
26                                     1.2914587937716016e-01
27                                     1.1208418363861550e-01
28                                     1.2828856946112088e-01
29                                     2.1489376303479668e-01
30                                     1.8293118580896561e-01
31                                     1.0236959610848340e-01
32                                     1.0897717662971229e-01
33                                     1.1583465997566167e-01
34                                     1.0888915132457999e-01
35                                     1.2597922117588412e-01
36                                     1.2785305870789343e-01
37                                     9.7251141607629155e-02
38                                     1.4048206029426225e-01
39                                     1.0598570387746176e-01
40                                     1.0749974844006061e-01
   &VA [&Type "ArrayOfDoubles", &Dim (41,1)] "Mayer's total valence"
                                                         0

0                                      4.0028852296618913e+00
1                                      3.9983739083530283e+00
2                                      2.1730994685228198e+00
3                                      4.9629493005585310e+00
4                                      2.0645547234337180e+00
5                                      2.1690486974684284e+00
6                                      4.0190380805148536e+00
7                                      3.9901212690734615e+00
8                                      2.2768778260057867e+00
9                                      3.8082298600706568e+00
10                                     2.2614110812519326e+00
11                                     4.9731365264883935e+00
12                                     2.0928978187717444e+00
13                                     2.1694084935398652e+00
14                                     4.0066088044695567e+00
15                                     3.9916260891600746e+00
16                                     2.1892387126129504e+00
17                                     3.9940895344859073e+00
18                                     3.9925763890178803e+00
19                                     9.5762291282617784e-01
20                                     9.5367354995133902e-01
21                                     9.7232515003650255e-01
22                                     9.4985982966674298e-01
23                                     9.7640076392308961e-01
24                                     9.5003401357305017e-01
25                                     9.4762273657927154e-01
26                                     9.8469454623348773e-01
27                                     9.5272608003655446e-01
28                                     9.6547304207167850e-01
29                                     9.9157781534341105e-01
30                                     9.3048227105120218e-01
31                                     9.4900539840052245e-01
32                                     9.8437628473046790e-01
33                                     9.6053027342382258e-01
34                                     9.5373963468492517e-01
35                                     9.8115375679986949e-01
36                                     9.9815466953176302e-01
37                                     9.4779410861407665e-01
38                                     9.8512118082387590e-01
39                                     9.5749608266161823e-01
40                                     9.5827451330691438e-01
   &BVA [&Type "ArrayOfDoubles", &Dim (41,1)] "Mayer's bonded valence"
                                                         0

0                                      4.0028852296618602e+00
1                                      3.9983739083529928e+00
2                                      2.1730994685227114e+00
3                                      4.9629493005585674e+00
4                                      2.0645547234339148e+00
5                                      2.1690486974683152e+00
6                                      4.0190380805148385e+00
7                                      3.9901212690734784e+00
8                                      2.2768778260058489e+00
9                                      3.8082298600706488e+00
10                                     2.2614110812520454e+00
11                                     4.9731365264885046e+00
12                                     2.0928978187719895e+00
13                                     2.1694084935398310e+00
14                                     4.0066088044695682e+00
15                                     3.9916260891600897e+00
16                                     2.1892387126129633e+00
17                                     3.9940895344859721e+00
18                                     3.9925763890178803e+00
19                                     9.5762291282616618e-01
20                                     9.5367354995133291e-01
21                                     9.7232515003650244e-01
22                                     9.4985982966673388e-01
23                                     9.7640076392308517e-01
24                                     9.5003401357304662e-01
25                                     9.4762273657927110e-01
26                                     9.8469454623349084e-01
27                                     9.5272608003656534e-01
28                                     9.6547304207168261e-01
29                                     9.9157781534340761e-01
30                                     9.3048227105119552e-01
31                                     9.4900539840051146e-01
32                                     9.8437628473046290e-01
33                                     9.6053027342382813e-01
34                                     9.5373963468491796e-01
35                                     9.8115375679986849e-01
36                                     9.9815466953175935e-01
37                                     9.4779410861407565e-01
38                                     9.8512118082388522e-01
39                                     9.5749608266162189e-01
40                                     9.5827451330691293e-01
   &FA [&Type "ArrayOfDoubles", &Dim (41,1)] "Mayer's free valence"
                                                         0

0                                      0.0000000000000000e+00
1                                      0.0000000000000000e+00
2                                      0.0000000000000000e+00
3                                      0.0000000000000000e+00
4                                      0.0000000000000000e+00
5                                      0.0000000000000000e+00
6                                      0.0000000000000000e+00
7                                      0.0000000000000000e+00
8                                      0.0000000000000000e+00
9                                      0.0000000000000000e+00
10                                     0.0000000000000000e+00
11                                     0.0000000000000000e+00
12                                     0.0000000000000000e+00
13                                     0.0000000000000000e+00
14                                     0.0000000000000000e+00
15                                     0.0000000000000000e+00
16                                     0.0000000000000000e+00
17                                     0.0000000000000000e+00
18                                     0.0000000000000000e+00
19                                     0.0000000000000000e+00
20                                     0.0000000000000000e+00
21                                     0.0000000000000000e+00
22                                     0.0000000000000000e+00
23                                     0.0000000000000000e+00
24                                     0.0000000000000000e+00
25                                     0.0000000000000000e+00
26                                     0.0000000000000000e+00
27                                     0.0000000000000000e+00
28                                     0.0000000000000000e+00
29                                     0.0000000000000000e+00
30                                     0.0000000000000000e+00
31                                     0.0000000000000000e+00
32                                     0.0000000000000000e+00
33                                     0.0000000000000000e+00
34                                     0.0000000000000000e+00
35                                     0.0000000000000000e+00
36                                     0.0000000000000000e+00
37                                     0.0000000000000000e+00
38                                     0.0000000000000000e+00
39                                     0.0000000000000000e+00
40                                     0.0000000000000000e+00
$End
$VdW_Correction
   &GeometryIndex 1
   &ListStatus       OUT
   &VDW [&Type "Double"]      -6.6227832700673256e-02
$End
$Calculation_Info
   &GeometryIndex 1
   &ListStatus       OUT
   &MULT [&Type "Integer"] 1
   &CHARGE [&Type "Integer"] 0
   &NUMOFATOMS [&Type "Integer"] 41
   &NUMOFELECTRONS [&Type "Integer"] 202
   &NUMOFFCELECTRONS [&Type "Integer"] 1
   &NUMOFCORRELECTRONS [&Type "Integer"] 0
   &NUMOFBASISFUNCTS [&Type "Integer"] 334
   &NUMOFAUXCBASISFUNCTS [&Type "Integer"] 0
   &NUMOFAUXJBASISFUNCTS [&Type "Integer"] 1185
   &NUMOFAUXJKBASISFUNCTS [&Type "Integer"] 0
   &NUMOFCABSBASISFUNCTS [&Type "Integer"] 0
   &TOTALENERGY [&Type "Double"]      -2.9295204131301125e+03  "Hartrees"
$End
$SCF_Dipole_Moment
   &GeometryIndex 1
   &ListStatus       OUT
   &METHOD [&Type "String"] "SCF"
   &LEVEL [&Type "String"] "Relaxed density"
   &MULT [&Type "Integer"] 1
   &STATE [&Type "Integer"] -1
   &IRREP [&Type "Integer"] 0
   &NATOMS [&Type "Integer"] 41
   &DODIPOLEATOM [&Type "Boolean"] false
   &DIPOLEELECCONTRIB [&Type "ArrayOfDoubles", &Dim (3,1)] "Electronic contribution"
                                                         0

0                                      1.0316678338976559e+00
1                                     -8.9886312584979375e+00
2                                     -2.3448618102779233e+00
   &DIPOLENUCCONTRIB [&Type "ArrayOfDoubles", &Dim (3,1)] "Nuclear contribution"
                                                         0

0                                      8.3892970771641373e-02
1                                      9.0841107818648545e+00
2                                      1.5916561068346904e+00
   &DIPOLETOTAL [&Type "ArrayOfDoubles", &Dim (3,1)] "Total"
                                                         0

0                                      1.1155608046692973e+00
1                                      9.5479523366917007e-02
2                                     -7.5320570344323290e-01
   &DIPOLEMAGNITUDE [&Type "Double", &Units "a.u."]       1.3494113827873986e+00
$End
