*************************************************
******************* ORCA 6.0.0 ******************
*************************************************
$Calculation_Status
   &GeometryIndex 1
   &ListStatus       OUT
   &VERSION [&Type "String"] "6.0.0"
   &PROGNAME [&Type "String"] "LeanSCF"
   &STATUS [&Type "String"] "NORMAL TERMINATION"
$End
$Geometry
   &GeometryIndex 1
   &ListStatus       OUT
   &NATOMS [&Type "Integer"] 41
   &NCORELESSECP [&Type "Integer"] 0
   &NGHOSTATOMS [&Type "Integer"] 0
   &CartesianCoordinates [&Type "Coordinates", &Dim(41,4), &Units "Bohr"] 
              C      7.417729068888    2.132757707623   -3.690791741153
              C      4.947716523565    0.687164212851   -3.733118965660
              O      4.727452305319   -0.962399743436   -1.587624808330
              P      3.959188035196    0.037432953818    1.158731687576
              S      1.903179994345    3.115232962311    1.224465271060
              O      6.457230195301    0.502872130406    2.736962520084
              C      8.819037656577   -0.875760330058    2.583268373163
              C      8.516754649503   -3.711625356863    2.785381140346
              S      2.413813180283   -3.257333477452    2.749346959356
              C     -0.509705219101   -3.525906366402    0.987465849443
              S     -3.020573568985   -1.460085715676    2.108708905633
              P     -3.784289352017    0.673140208824   -1.223484800640
              S     -1.635640854565   -0.082716015757   -4.138865012603
              O     -3.872814070704    3.559599153469   -0.563955360925
              C     -4.585212895685    4.678182269325    1.828223661234
              C     -7.125679860842    3.767034700160    2.768625023566
              O     -6.694560050273    0.104636750660   -1.752050895159
              C     -7.521135666228   -2.328692238955   -2.642651393080
              C    -10.219545602452   -2.060616942485   -3.563033022071
              H      7.521991731064    3.335343894666   -5.349342510411
              H      7.501242105933    3.315980586233   -2.006049419079
              H      9.009410313638    0.834480225856   -3.697272011554
              H      4.805240188006   -0.570348284405   -5.360436887697
              H      3.338317873279    1.987306820107   -3.745335537536
              H      9.738619683670   -0.361677287869    0.808442335176
              H      9.896356997543   -0.114206065477    4.168729071660
              H     10.379596742734   -4.568709353086    2.864861372375
              H      7.472417719771   -4.207526115595    4.484430200846
              H      7.511481170683   -4.447171068195    1.149906152147
              H     -1.129733737060   -5.464146120142    1.263556196889
              H     -0.164892079877   -3.118031835499   -1.009953810779
              H     -3.080194759590    4.273519499196    3.185592504098
              H     -4.596867710563    6.696547558963    1.408222397548
              H     -7.620653272379    4.811424618569    4.463581663481
              H     -8.561669969413    4.070824766283    1.331786164155
              H     -7.042118127634    1.761247871189    3.222231069395
              H     -6.258715399402   -2.938610987037   -4.166015712359
              H     -7.389436585264   -3.668936618297   -1.074204535993
              H    -11.425317029664   -1.426246537572   -2.028465872233
              H    -10.308060438815   -0.690347341250   -5.089094453541
              H    -10.881908437817   -3.877625838974   -4.243717226247
$End
$SCF_Energy
   &GeometryIndex 1
   &ListStatus       OUT
   &SCF_ENERGY [&Type "Double"]      -2.9296316610947333e+03
$End
$DFT_Energy
   &GeometryIndex 1
   &ListStatus       OUT
   &NALPHAEL [&Type "Integer"] 100
   &NBETAEL [&Type "Integer"] 100
   &NTOTALEL [&Type "Integer"] 201
   &EEXCHANGE [&Type "Double"]      -2.3181047250573226e+02
   &ECORR [&Type "Double"]      -7.2970797448561973e+00
   &ECNL [&Type "Double"]       0.0000000000000000e+00
   &EXC [&Type "Double"]      -2.3910755225058847e+02
   &EEMBED [&Type "Double"]       0.0000000000000000e+00
   &FINALEN [&Type "Double"]      -2.9296316610947333e+03  "No Van der Waals correction"
$End
$Mulliken_Population_Analysis
   &GeometryIndex 1
   &ListStatus       OUT
   &NATOMS [&Type "Integer"] 41
   &ATNO [&Type "ArrayOfIntegers", &Dim (41,1)] 
                                                         0

0                                                        6
1                                                        6
2                                                        8
3                                                       15
4                                                       16
5                                                        8
6                                                        6
7                                                        6
8                                                       16
9                                                        6
10                                                      16
11                                                      15
12                                                      16
13                                                       8
14                                                       6
15                                                       6
16                                                       8
17                                                       6
18                                                       6
19                                                       1
20                                                       1
21                                                       1
22                                                       1
23                                                       1
24                                                       1
25                                                       1
26                                                       1
27                                                       1
28                                                       1
29                                                       1
30                                                       1
31                                                       1
32                                                       1
33                                                       1
34                                                       1
35                                                       1
36                                                       1
37                                                       1
38                                                       1
39                                                       1
40                                                       1
   &ATOMICCHARGES [&Type "ArrayOfDoubles", &Dim (41,1)] 
                                                         0

0                                     -3.1277916179403586e-01
1                                     -2.2933565320430560e-02
2                                     -3.9027349041180770e-01
3                                      6.2556485251552907e-01
4                                     -3.1571097097786094e-01
5                                     -3.7212484850476812e-01
6                                     -3.4076093109991490e-03
7                                     -3.3944720628274183e-01
8                                     -9.8960011250781577e-02
9                                     -3.3456254848910483e-01
10                                    -1.1089612056917275e-01
11                                     6.0680787409260972e-01
12                                    -3.1459493859294341e-01
13                                    -3.5089099809321489e-01
14                                    -6.1553359610666547e-03
15                                    -3.1846262629472744e-01
16                                    -3.7483323881416375e-01
17                                    -5.7903707636137725e-03
18                                    -2.7959714697800209e-01
19                                     1.1505600823006645e-01
20                                     1.2713373471013001e-01
21                                     1.1411459822072501e-01
22                                     1.0290660597156231e-01
23                                     1.3948480163877830e-01
24                                     1.0797151856766241e-01
25                                     1.1181496891226572e-01
26                                     1.1669064596796286e-01
27                                     1.3258841553800604e-01
28                                     1.3624333473382078e-01
29                                     1.7889149993410003e-01
30                                     1.9504086288491096e-01
31                                     1.2945503260609992e-01
32                                     1.1091339266322797e-01
33                                     1.1602969435915034e-01
34                                     1.2416424007604676e-01
35                                     1.2537523590352428e-01
36                                     9.9716835717706065e-02
37                                     9.1292200817480351e-02
38                                     1.1389843960189816e-01
39                                     1.2095129526081771e-01
40                                     1.0931409948551885e-01
$End
$Loewdin_Population_Analysis
   &GeometryIndex 1
   &ListStatus       OUT
   &NATOMS [&Type "Integer"] 41
   &ATNO [&Type "ArrayOfIntegers", &Dim (41,1)] 
                                                         0

0                                                        6
1                                                        6
2                                                        8
3                                                       15
4                                                       16
5                                                        8
6                                                        6
7                                                        6
8                                                       16
9                                                        6
10                                                      16
11                                                      15
12                                                      16
13                                                       8
14                                                       6
15                                                       6
16                                                       8
17                                                       6
18                                                       6
19                                                       1
20                                                       1
21                                                       1
22                                                       1
23                                                       1
24                                                       1
25                                                       1
26                                                       1
27                                                       1
28                                                       1
29                                                       1
30                                                       1
31                                                       1
32                                                       1
33                                                       1
34                                                       1
35                                                       1
36                                                       1
37                                                       1
38                                                       1
39                                                       1
40                                                       1
   &ATOMICCHARGES [&Type "ArrayOfDoubles", &Dim (41,1)] 
                                                         0

0                                      3.2588772504599996e-05
1                                      1.2653246508146695e-03
2                                      6.8587031557382876e-03
3                                      5.6349755807229534e-04
4                                      1.8921382468004095e-04
5                                      1.2505241877847344e-03
6                                      7.9428432377527851e-05
7                                      6.9721643861434494e-06
8                                      4.0019879112501339e-05
9                                      1.0211271228680913e-04
10                                     2.0308020662665289e-04
11                                     5.3695764430222177e-02
12                                     9.7307931113081150e-05
13                                     1.8679295629486284e-01
14                                     3.9013591224390598e-03
15                                     8.9206200484748623e-04
16                                     6.2226589951518263e-01
17                                     1.1271465645556338e-01
18                                     8.4735265887751765e-03
19                                     1.5848387146214237e-06
20                                     7.7604959330588432e-07
21                                     5.5474282808945175e-07
22                                     6.0549129765414437e-06
23                                     5.5236018274989095e-07
24                                     3.4473457563072997e-07
25                                     6.6049909315678936e-07
26                                     2.6018505286244171e-08
27                                     6.3330194144034023e-08
28                                     3.0101745208698345e-07
29                                     2.4169718707555395e-06
30                                     6.1504668033928282e-06
31                                     1.3021896929410717e-05
32                                     1.5174442532161466e-05
33                                     5.0293955271891586e-05
34                                     2.1923514610940077e-05
35                                     2.1620224781610469e-05
36                                     1.9299029164876439e-04
37                                     8.9756039269456650e-05
38                                     6.7690636767042758e-06
39                                     2.1897606588246094e-05
40                                     1.2206913450436522e-04
$End
$Mayer_Population_Analysis
   &GeometryIndex 1
   &ListStatus       OUT
   &NATOMS [&Type "Integer"] 41 "Total number of atoms"
   &BONDTHRESH [&Type "Double"]       1.0000000000000001e-01  "The threshold for printing"
   &NBONDORDERSPRINT [&Type "Integer"] 43 "The number of bond orders larger than threshold"
   &BONDORDERS [&Type "ArrayOfDoubles", &Dim (43,1)] "The bond orders"
                                                         0

0                                      1.1570372629692587e+00
1                                      9.3860956310155597e-01
2                                      9.3714115459663461e-01
3                                      9.3738363083642839e-01
4                                      8.9981211438894770e-01
5                                      9.3536396261118149e-01
6                                      8.9905486484529173e-01
7                                      1.0645107243911522e+00
8                                      1.6511338143515413e+00
9                                      1.1180231758875472e+00
10                                     9.7691358185863442e-01
11                                     1.0663429728957616e-01
12                                     9.0137145853243517e-01
13                                     1.1709714372310587e+00
14                                     9.2319656886104007e-01
15                                     9.3477376354779473e-01
16                                     9.3242609923703590e-01
17                                     9.3690215519355724e-01
18                                     9.3544900577459122e-01
19                                     9.9748403288854104e-01
20                                     9.9793986211410990e-01
21                                     9.1220911281236639e-01
22                                     8.4237334187525059e-01
23                                     9.4411116871329970e-01
24                                     1.1458718798188328e-01
25                                     1.6063160247493851e+00
26                                     1.1656091888519426e+00
27                                     1.0756127349149058e+00
28                                     1.2346206189941393e-01
29                                     8.9321057117592439e-01
30                                     1.1670140829213485e+00
31                                     9.1519270813508657e-01
32                                     9.3458101714772257e-01
33                                     9.3495932959293659e-01
34                                     9.4137770571216428e-01
35                                     9.3715022521235725e-01
36                                     9.1438090661629590e-01
37                                     1.1606674971842754e+00
38                                     9.0842629913602757e-01
39                                     9.2245709119846309e-01
40                                     9.5170007152507052e-01
41                                     9.5119980966157147e-01
42                                     9.4241784858791811e-01
   &COMPONENTS [&Type "ArrayOfIntegers", &Dim (43,4)] "The indices and atomic numbers of the bonding atoms"
                                                         0                           1                           2                           3

0                                                        0                           6                           1                           6
1                                                        0                           6                          19                           1
2                                                        0                           6                          20                           1
3                                                        0                           6                          21                           1
4                                                        1                           6                           2                           8
5                                                        1                           6                          22                           1
6                                                        1                           6                          23                           1
7                                                        2                           8                           3                          15
8                                                        3                          15                           4                          16
9                                                        3                          15                           5                           8
10                                                       3                          15                           8                          16
11                                                       4                          16                           8                          16
12                                                       5                           8                           6                           6
13                                                       6                           6                           7                           6
14                                                       6                           6                          24                           1
15                                                       6                           6                          25                           1
16                                                       7                           6                          26                           1
17                                                       7                           6                          27                           1
18                                                       7                           6                          28                           1
19                                                       8                          16                           9                           6
20                                                       9                           6                          10                          16
21                                                       9                           6                          29                           1
22                                                       9                           6                          30                           1
23                                                      10                          16                          11                          15
24                                                      10                          16                          12                          16
25                                                      11                          15                          12                          16
26                                                      11                          15                          13                           8
27                                                      11                          15                          16                           8
28                                                      12                          16                          30                           1
29                                                      13                           8                          14                           6
30                                                      14                           6                          15                           6
31                                                      14                           6                          31                           1
32                                                      14                           6                          32                           1
33                                                      15                           6                          33                           1
34                                                      15                           6                          34                           1
35                                                      15                           6                          35                           1
36                                                      16                           8                          17                           6
37                                                      17                           6                          18                           6
38                                                      17                           6                          36                           1
39                                                      17                           6                          37                           1
40                                                      18                           6                          38                           1
41                                                      18                           6                          39                           1
42                                                      18                           6                          40                           1
   &ATNO [&Type "ArrayOfIntegers", &Dim (41,1)] "Atomic number of the elements"
                                                         0

0                                                        6
1                                                        6
2                                                        8
3                                                       15
4                                                       16
5                                                        8
6                                                        6
7                                                        6
8                                                       16
9                                                        6
10                                                      16
11                                                      15
12                                                      16
13                                                       8
14                                                       6
15                                                       6
16                                                       8
17                                                       6
18                                                       6
19                                                       1
20                                                       1
21                                                       1
22                                                       1
23                                                       1
24                                                       1
25                                                       1
26                                                       1
27                                                       1
28                                                       1
29                                                       1
30                                                       1
31                                                       1
32                                                       1
33                                                       1
34                                                       1
35                                                       1
36                                                       1
37                                                       1
38                                                       1
39                                                       1
40                                                       1
   &NA [&Type "ArrayOfDoubles", &Dim (41,1)] "Mulliken gross atomic population"
                                                         0

0                                      6.3127791617940447e+00
1                                      6.0229335653204190e+00
2                                      8.3902734904118041e+00
3                                      1.4374435147484419e+01
4                                      1.6315710970977882e+01
5                                      8.3721248485047912e+00
6                                      6.0034076093109814e+00
7                                      6.3394472062827285e+00
8                                      1.6098960011250718e+01
9                                      6.3345625484890995e+00
10                                     1.6110896120569109e+01
11                                     1.4393192125907408e+01
12                                     1.6314594938592965e+01
13                                     8.3508909980932238e+00
14                                     6.0061553359610418e+00
15                                     6.3184626262947203e+00
16                                     8.3748332388141531e+00
17                                     6.0057903707636262e+00
18                                     6.2795971469779905e+00
19                                     8.8494399176993221e-01
20                                     8.7286626528987077e-01
21                                     8.8588540177927599e-01
22                                     8.9709339402843702e-01
23                                     8.6051519836122214e-01
24                                     8.9202848143233682e-01
25                                     8.8818503108773517e-01
26                                     8.8330935403203736e-01
27                                     8.6741158446199462e-01
28                                     8.6375666526617900e-01
29                                     8.2110850006589997e-01
30                                     8.0495913711508849e-01
31                                     8.7054496739390030e-01
32                                     8.8908660733677247e-01
33                                     8.8397030564085066e-01
34                                     8.7583575992395213e-01
35                                     8.7462476409647516e-01
36                                     9.0028316428229349e-01
37                                     9.0870779918252009e-01
38                                     8.8610156039810184e-01
39                                     8.7904870473918251e-01
40                                     8.9068590051448082e-01
   &ZA [&Type "ArrayOfDoubles", &Dim (41,1)] "Total nuclear charge"
                                                         0

0                                      6.0000000000000000e+00
1                                      6.0000000000000000e+00
2                                      8.0000000000000000e+00
3                                      1.5000000000000000e+01
4                                      1.6000000000000000e+01
5                                      8.0000000000000000e+00
6                                      6.0000000000000000e+00
7                                      6.0000000000000000e+00
8                                      1.6000000000000000e+01
9                                      6.0000000000000000e+00
10                                     1.6000000000000000e+01
11                                     1.5000000000000000e+01
12                                     1.6000000000000000e+01
13                                     8.0000000000000000e+00
14                                     6.0000000000000000e+00
15                                     6.0000000000000000e+00
16                                     8.0000000000000000e+00
17                                     6.0000000000000000e+00
18                                     6.0000000000000000e+00
19                                     1.0000000000000000e+00
20                                     1.0000000000000000e+00
21                                     1.0000000000000000e+00
22                                     1.0000000000000000e+00
23                                     1.0000000000000000e+00
24                                     1.0000000000000000e+00
25                                     1.0000000000000000e+00
26                                     1.0000000000000000e+00
27                                     1.0000000000000000e+00
28                                     1.0000000000000000e+00
29                                     1.0000000000000000e+00
30                                     1.0000000000000000e+00
31                                     1.0000000000000000e+00
32                                     1.0000000000000000e+00
33                                     1.0000000000000000e+00
34                                     1.0000000000000000e+00
35                                     1.0000000000000000e+00
36                                     1.0000000000000000e+00
37                                     1.0000000000000000e+00
38                                     1.0000000000000000e+00
39                                     1.0000000000000000e+00
40                                     1.0000000000000000e+00
   &QA [&Type "ArrayOfDoubles", &Dim (41,1)] "Mulliken gross atomic charge"
                                                         0

0                                     -3.1277916179404475e-01
1                                     -2.2933565320419014e-02
2                                     -3.9027349041180415e-01
3                                      6.2556485251558058e-01
4                                     -3.1571097097788225e-01
5                                     -3.7212484850479122e-01
6                                     -3.4076093109813854e-03
7                                     -3.3944720628272851e-01
8                                     -9.8960011250717628e-02
9                                     -3.3456254848909950e-01
10                                    -1.1089612056910880e-01
11                                     6.0680787409259196e-01
12                                    -3.1459493859296472e-01
13                                    -3.5089099809322377e-01
14                                    -6.1553359610417857e-03
15                                    -3.1846262629472033e-01
16                                    -3.7483323881415309e-01
17                                    -5.7903707636262070e-03
18                                    -2.7959714697799054e-01
19                                     1.1505600823006779e-01
20                                     1.2713373471012923e-01
21                                     1.1411459822072401e-01
22                                     1.0290660597156298e-01
23                                     1.3948480163877786e-01
24                                     1.0797151856766318e-01
25                                     1.1181496891226483e-01
26                                     1.1669064596796264e-01
27                                     1.3258841553800538e-01
28                                     1.3624333473382100e-01
29                                     1.7889149993410003e-01
30                                     1.9504086288491151e-01
31                                     1.2945503260609970e-01
32                                     1.1091339266322753e-01
33                                     1.1602969435914934e-01
34                                     1.2416424007604787e-01
35                                     1.2537523590352484e-01
36                                     9.9716835717706509e-02
37                                     9.1292200817479907e-02
38                                     1.1389843960189816e-01
39                                     1.2095129526081749e-01
40                                     1.0931409948551918e-01
   &VA [&Type "ArrayOfDoubles", &Dim (41,1)] "Mayer's total valence"
                                                         0

0                                      3.9853732093563559e+00
1                                      3.9857340901530396e+00
2                                      2.1539972983769822e+00
3                                      4.9746690526662531e+00
4                                      2.0612187125000019e+00
5                                      2.1696152724996542e+00
6                                      4.0381970977752699e+00
7                                      3.9914907170253646e+00
8                                      2.2694905250089974e+00
9                                      3.8095037026320178e+00
10                                     2.2874091566099826e+00
11                                     4.9778170501126411e+00
12                                     2.0801920606248387e+00
13                                     2.2019494731188063e+00
14                                     3.9867157870735617e+00
15                                     4.0121193212972175e+00
16                                     2.1560628139829610e+00
17                                     3.9622557022911051e+00
18                                     4.0085183756840417e+00
19                                     9.5489223764629305e-01
20                                     9.7378716116439490e-01
21                                     9.5484772848569666e-01
22                                     9.5274897513367607e-01
23                                     9.9300624030020457e-01
24                                     9.5985462958113843e-01
25                                     9.4808360177418582e-01
26                                     9.5384290079195988e-01
27                                     9.5617875104321526e-01
28                                     9.7776193189189498e-01
29                                     9.3432890373787403e-01
30                                     1.0061783122963732e+00
31                                     9.6812066359374704e-01
32                                     9.4975573221015519e-01
33                                     9.5282548465081141e-01
34                                     9.6266468784942150e-01
35                                     9.6655301808864813e-01
36                                     9.9498510764071368e-01
37                                     9.7007745445384086e-01
38                                     9.5834343524122534e-01
39                                     9.5963426751782777e-01
40                                     9.5463444296108901e-01
   &BVA [&Type "ArrayOfDoubles", &Dim (41,1)] "Mayer's bonded valence"
                                                         0

0                                      3.9853732093563488e+00
1                                      3.9857340901530329e+00
2                                      2.1539972983769728e+00
3                                      4.9746690526662993e+00
4                                      2.0612187124998784e+00
5                                      2.1696152724996569e+00
6                                      4.0381970977753188e+00
7                                      3.9914907170253828e+00
8                                      2.2694905250091173e+00
9                                      3.8095037026319973e+00
10                                     2.2874091566100745e+00
11                                     4.9778170501126073e+00
12                                     2.0801920606246624e+00
13                                     2.2019494731187876e+00
14                                     3.9867157870736341e+00
15                                     4.0121193212971829e+00
16                                     2.1560628139829356e+00
17                                     3.9622557022910914e+00
18                                     4.0085183756841003e+00
19                                     9.5489223764629172e-01
20                                     9.7378716116439001e-01
21                                     9.5484772848569421e-01
22                                     9.5274897513366841e-01
23                                     9.9300624030019091e-01
24                                     9.5985462958114787e-01
25                                     9.4808360177419326e-01
26                                     9.5384290079196232e-01
27                                     9.5617875104322148e-01
28                                     9.7776193189189387e-01
29                                     9.3432890373786193e-01
30                                     1.0061783122963770e+00
31                                     9.6812066359374827e-01
32                                     9.4975573221016341e-01
33                                     9.5282548465079631e-01
34                                     9.6266468784942472e-01
35                                     9.6655301808863392e-01
36                                     9.9498510764072534e-01
37                                     9.7007745445384053e-01
38                                     9.5834343524123278e-01
39                                     9.5963426751783165e-01
40                                     9.5463444296108824e-01
   &FA [&Type "ArrayOfDoubles", &Dim (41,1)] "Mayer's free valence"
                                                         0

0                                      0.0000000000000000e+00
1                                      0.0000000000000000e+00
2                                      0.0000000000000000e+00
3                                      0.0000000000000000e+00
4                                      0.0000000000000000e+00
5                                      0.0000000000000000e+00
6                                      0.0000000000000000e+00
7                                      0.0000000000000000e+00
8                                      0.0000000000000000e+00
9                                      0.0000000000000000e+00
10                                     0.0000000000000000e+00
11                                     0.0000000000000000e+00
12                                     0.0000000000000000e+00
13                                     0.0000000000000000e+00
14                                     0.0000000000000000e+00
15                                     0.0000000000000000e+00
16                                     0.0000000000000000e+00
17                                     0.0000000000000000e+00
18                                     0.0000000000000000e+00
19                                     0.0000000000000000e+00
20                                     0.0000000000000000e+00
21                                     0.0000000000000000e+00
22                                     0.0000000000000000e+00
23                                     0.0000000000000000e+00
24                                     0.0000000000000000e+00
25                                     0.0000000000000000e+00
26                                     0.0000000000000000e+00
27                                     0.0000000000000000e+00
28                                     0.0000000000000000e+00
29                                     0.0000000000000000e+00
30                                     0.0000000000000000e+00
31                                     0.0000000000000000e+00
32                                     0.0000000000000000e+00
33                                     0.0000000000000000e+00
34                                     0.0000000000000000e+00
35                                     0.0000000000000000e+00
36                                     0.0000000000000000e+00
37                                     0.0000000000000000e+00
38                                     0.0000000000000000e+00
39                                     0.0000000000000000e+00
40                                     0.0000000000000000e+00
$End
$VdW_Correction
   &GeometryIndex 1
   &ListStatus       OUT
   &VDW [&Type "Double"]      -6.6777675479485307e-02
$End
$Calculation_Info
   &GeometryIndex 1
   &ListStatus       OUT
   &MULT [&Type "Integer"] 1
   &CHARGE [&Type "Integer"] 0
   &NUMOFATOMS [&Type "Integer"] 41
   &NUMOFELECTRONS [&Type "Integer"] 202
   &NUMOFFCELECTRONS [&Type "Integer"] 1
   &NUMOFCORRELECTRONS [&Type "Integer"] 0
   &NUMOFBASISFUNCTS [&Type "Integer"] 334
   &NUMOFAUXCBASISFUNCTS [&Type "Integer"] 0
   &NUMOFAUXJBASISFUNCTS [&Type "Integer"] 1185
   &NUMOFAUXJKBASISFUNCTS [&Type "Integer"] 0
   &NUMOFCABSBASISFUNCTS [&Type "Integer"] 0
   &TOTALENERGY [&Type "Double"]      -2.9295127916178126e+03  "Hartrees"
$End
$SCF_Dipole_Moment
   &GeometryIndex 1
   &ListStatus       OUT
   &METHOD [&Type "String"] "SCF"
   &LEVEL [&Type "String"] "Relaxed density"
   &MULT [&Type "Integer"] 1
   &STATE [&Type "Integer"] -1
   &IRREP [&Type "Integer"] 0
   &NATOMS [&Type "Integer"] 41
   &DODIPOLEATOM [&Type "Boolean"] false
   &DIPOLEELECCONTRIB [&Type "ArrayOfDoubles", &Dim (3,1)] "Electronic contribution"
                                                         0

0                                      8.7158724746565608e-01
1                                      1.5990343914624408e+00
2                                      4.8776251848124232e+00
   &DIPOLENUCCONTRIB [&Type "ArrayOfDoubles", &Dim (3,1)] "Nuclear contribution"
                                                         0

0                                     -7.1055860444695718e-01
1                                     -2.4530405003475009e+00
2                                     -4.6842245394605841e+00
   &DIPOLETOTAL [&Type "ArrayOfDoubles", &Dim (3,1)] "Total"
                                                         0

0                                      1.6102864301869890e-01
1                                     -8.5400610888506012e-01
2                                      1.9340064535183910e-01
   &DIPOLEMAGNITUDE [&Type "Double", &Units "a.u."]       8.9031481370802346e-01
$End
