*************************************************
******************* ORCA 6.0.0 ******************
*************************************************
$Calculation_Status
   &GeometryIndex 1
   &ListStatus       OUT
   &VERSION [&Type "String"] "6.0.0"
   &PROGNAME [&Type "String"] "LeanSCF"
   &STATUS [&Type "String"] "NORMAL TERMINATION"
$End
$Geometry
   &GeometryIndex 1
   &ListStatus       OUT
   &NATOMS [&Type "Integer"] 41
   &NCORELESSECP [&Type "Integer"] 0
   &NGHOSTATOMS [&Type "Integer"] 0
   &CartesianCoordinates [&Type "Coordinates", &Dim(41,4), &Units "Bohr"] 
              C      9.759117283207   -2.639354041318   -3.810068508954
              C      6.956216808214   -2.576536381225   -3.228215185019
              O      6.482303430490   -0.423347581843   -1.631009637533
              P      3.668008132541    0.483464097635   -1.037305497460
              S      1.660224936411    1.197586749694   -4.062337193255
              O      4.193020819298    2.910977807507    0.581656767095
              C      6.132918511978    3.184014349773    2.495613527163
              C      5.723911974272    1.428999136469    4.716138588276
              S      2.252497414107   -2.518669851980    1.254351121683
              C     -0.438521613857   -3.546611786870   -0.616429546064
              S     -3.457296494453   -3.194588975460    0.962398565192
              P     -3.919836380451    0.786742499431    0.764936346371
              S     -1.394243212345    2.921182313324    2.420925409875
              O     -6.719915385857    1.136974226900    1.804449465931
              C     -7.272670712262    1.472865616801    4.445962322826
              C     -6.647261474470   -0.854362451196    5.990440168774
              O     -4.218617436816    1.483107203958   -2.114404083453
              C     -6.207785167190    0.554246307286   -3.760149370930
              C     -5.257388638369   -1.587622353198   -5.408848189617
              H     10.316381952537   -0.916682958358   -4.777959491722
              H     10.835597812537   -2.804604358657   -2.070549302416
              H     10.158369633623   -4.251000751009   -5.012737364335
              H      6.357521254190   -4.276406961422   -2.215507058338
              H      5.825870753020   -2.375617274861   -4.949925370964
              H      7.965274311683    2.860127130120    1.604925297385
              H      5.949759838324    5.160856087271    3.052542331499
              H      6.005828071488   -0.529832926480    4.151212609396
              H      7.060979100940    1.897690448396    6.199266887436
              H      3.809232679117    1.645376481911    5.434150204500
              H     -0.231305810757   -5.561701772937   -0.953661648470
              H     -0.440557246313   -2.472107766324   -2.383251663940
              H     -6.206218250311    3.108080045404    5.128684465869
              H     -9.291548761134    1.889438550863    4.470657659842
              H     -7.317285714816   -0.590249657394    7.910584298118
              H     -7.537356859366   -2.517160316256    5.175950782157
              H     -4.609768114422   -1.142592046325    6.030554276236
              H     -7.818617061365   -0.019745806766   -2.607502532153
              H     -6.710416738672    2.198188472510   -4.898782680244
              H     -4.974726926462   -3.296862727714   -4.304942708924
              H     -6.642569566804   -1.962486241681   -6.874123789054
              H     -3.478693938867   -1.045689174478   -6.287307997426
$End
$SCF_Energy
   &GeometryIndex 1
   &ListStatus       OUT
   &SCF_ENERGY [&Type "Double"]      -2.9296293596619266e+03
$End
$DFT_Energy
   &GeometryIndex 1
   &ListStatus       OUT
   &NALPHAEL [&Type "Integer"] 101
   &NBETAEL [&Type "Integer"] 101
   &NTOTALEL [&Type "Integer"] 202
   &EEXCHANGE [&Type "Double"]      -2.3180737179294016e+02
   &ECORR [&Type "Double"]      -7.2969344350278407e+00
   &ECNL [&Type "Double"]       0.0000000000000000e+00
   &EXC [&Type "Double"]      -2.3910430622796801e+02
   &EEMBED [&Type "Double"]       0.0000000000000000e+00
   &FINALEN [&Type "Double"]      -2.9296293596619266e+03  "No Van der Waals correction"
$End
$Mulliken_Population_Analysis
   &GeometryIndex 1
   &ListStatus       OUT
   &NATOMS [&Type "Integer"] 41
   &ATNO [&Type "ArrayOfIntegers", &Dim (41,1)] 
                                                         0

0                                                        6
1                                                        6
2                                                        8
3                                                       15
4                                                       16
5                                                        8
6                                                        6
7                                                        6
8                                                       16
9                                                        6
10                                                      16
11                                                      15
12                                                      16
13                                                       8
14                                                       6
15                                                       6
16                                                       8
17                                                       6
18                                                       6
19                                                       1
20                                                       1
21                                                       1
22                                                       1
23                                                       1
24                                                       1
25                                                       1
26                                                       1
27                                                       1
28                                                       1
29                                                       1
30                                                       1
31                                                       1
32                                                       1
33                                                       1
34                                                       1
35                                                       1
36                                                       1
37                                                       1
38                                                       1
39                                                       1
40                                                       1
   &ATOMICCHARGES [&Type "ArrayOfDoubles", &Dim (41,1)] 
                                                         0

0                                     -2.8008824066721250e-01
1                                     -3.3286155460672262e-03
2                                     -3.8951292506914470e-01
3                                      6.1728896088613183e-01
4                                     -3.0252488180658688e-01
5                                     -3.4518349990221431e-01
6                                      4.3704390570225016e-03
7                                     -3.3463171666350799e-01
8                                     -1.0770795849804315e-01
9                                     -3.5141567218137482e-01
10                                    -1.1547671693893946e-01
11                                     6.0316671157099400e-01
12                                    -3.0028838708688355e-01
13                                    -3.8533547384741773e-01
14                                     2.7393895101024412e-03
15                                    -3.2493172066812637e-01
16                                    -3.4753204619091349e-01
17                                    -8.6580530674718048e-03
18                                    -3.0845061081915226e-01
19                                     1.2086714643390761e-01
20                                     1.1280696995398742e-01
21                                     1.1013637692296130e-01
22                                     9.2960267133494145e-02
23                                     9.8431499775297304e-02
24                                     1.1011851454017418e-01
25                                     1.1264128559239928e-01
26                                     1.2496442448141476e-01
27                                     1.1417847184098973e-01
28                                     1.4257080515423448e-01
29                                     1.7658026215636280e-01
30                                     2.0150584793221604e-01
31                                     1.1167374562891785e-01
32                                     1.0299072184302183e-01
33                                     1.1352149557159785e-01
34                                     1.1761674583187154e-01
35                                     1.3248775603189045e-01
36                                     1.0687169468787228e-01
37                                     1.1110942587646244e-01
38                                     1.1773625941916133e-01
39                                     1.0825311681863081e-01
40                                     1.3747818430173786e-01
$End
$Loewdin_Population_Analysis
   &GeometryIndex 1
   &ListStatus       OUT
   &NATOMS [&Type "Integer"] 41
   &ATNO [&Type "ArrayOfIntegers", &Dim (41,1)] 
                                                         0

0                                                        6
1                                                        6
2                                                        8
3                                                       15
4                                                       16
5                                                        8
6                                                        6
7                                                        6
8                                                       16
9                                                        6
10                                                      16
11                                                      15
12                                                      16
13                                                       8
14                                                       6
15                                                       6
16                                                       8
17                                                       6
18                                                       6
19                                                       1
20                                                       1
21                                                       1
22                                                       1
23                                                       1
24                                                       1
25                                                       1
26                                                       1
27                                                       1
28                                                       1
29                                                       1
30                                                       1
31                                                       1
32                                                       1
33                                                       1
34                                                       1
35                                                       1
36                                                       1
37                                                       1
38                                                       1
39                                                       1
40                                                       1
   &ATOMICCHARGES [&Type "ArrayOfDoubles", &Dim (41,1)] 
                                                         0

0                                      7.3965359224162208e-03
1                                      9.5868391873014006e-02
2                                      5.2679216724745304e-01
3                                      4.9144316761014162e-02
4                                      6.4168835139127273e-05
5                                      2.0184264474440455e-01
6                                      1.0354667903690742e-02
7                                      2.4676445265616457e-04
8                                      2.3454730968878096e-04
9                                      7.8866256379404726e-05
10                                     3.0022184932009852e-05
11                                     7.3930105656059026e-03
12                                     6.6189636217979354e-05
13                                     5.0830606502702678e-02
14                                     7.6991140046632879e-03
15                                     1.8080587838554307e-04
16                                     3.8424148671661489e-02
17                                     2.7175639218358447e-03
18                                     3.7789561122636610e-05
19                                     1.6740392567320626e-05
20                                     7.0752665487911745e-06
21                                     1.0284656673049662e-04
22                                     7.4190292738139237e-05
23                                     1.2867279586547186e-04
24                                     8.1819766191689379e-06
25                                     1.0216663145973122e-04
26                                     9.3449971486192418e-06
27                                     1.9751241835050088e-05
28                                     3.8040814276205878e-06
29                                     4.4482486486652286e-07
30                                     6.7338412819211311e-07
31                                     7.5397759730281386e-06
32                                     5.9169494207397020e-05
33                                     1.4891432145319062e-05
34                                     8.3310147464302418e-07
35                                     7.3054519564550917e-07
36                                     2.7722057354090891e-05
37                                     7.7833922505148566e-06
38                                     1.9504582879459653e-06
39                                     2.3506179622108864e-06
40                                     8.1444023041388276e-07
$End
$Mayer_Population_Analysis
   &GeometryIndex 1
   &ListStatus       OUT
   &NATOMS [&Type "Integer"] 41 "Total number of atoms"
   &BONDTHRESH [&Type "Double"]       1.0000000000000001e-01  "The threshold for printing"
   &NBONDORDERSPRINT [&Type "Integer"] 43 "The number of bond orders larger than threshold"
   &BONDORDERS [&Type "ArrayOfDoubles", &Dim (43,1)] "The bond orders"
                                                         0

0                                      1.1604109864877830e+00
1                                      9.5128076813890383e-01
2                                      9.5149484700444720e-01
3                                      9.4241690277817458e-01
4                                      9.1377555047884385e-01
5                                      9.2014413211304369e-01
6                                      9.1087388734020847e-01
7                                      1.0534743572836540e+00
8                                      1.6315050706087155e+00
9                                      1.1564544677275435e+00
10                                     9.3496641859530161e-01
11                                     1.1947131116591320e-01
12                                     1.2323480804174526e-01
13                                     8.9648632847971865e-01
14                                     1.1695175570594716e+00
15                                     9.2673593712587421e-01
16                                     9.3269721757076141e-01
17                                     9.3296937471458319e-01
18                                     9.3554504190372467e-01
19                                     9.3792453580056223e-01
20                                     1.0071159024800360e+00
21                                     9.8528798235455761e-01
22                                     9.1159765339747822e-01
23                                     8.3574141642452171e-01
24                                     9.4717746262865055e-01
25                                     1.1316119210019980e-01
26                                     1.6565087847775373e+00
27                                     1.0757777324292781e+00
28                                     1.1408577239923139e+00
29                                     9.0816292477085381e-01
30                                     1.1655786990685233e+00
31                                     9.1613424268628618e-01
32                                     9.3402328894738562e-01
33                                     9.3726135489858509e-01
34                                     9.4281069327559675e-01
35                                     9.3256914206874619e-01
36                                     8.9718761468025643e-01
37                                     1.1699350909972259e+00
38                                     9.1902875457566013e-01
39                                     9.3493106453935448e-01
40                                     9.3293330702626387e-01
41                                     9.3791837719347071e-01
42                                     9.3519778673343368e-01
   &COMPONENTS [&Type "ArrayOfIntegers", &Dim (43,4)] "The indices and atomic numbers of the bonding atoms"
                                                         0                           1                           2                           3

0                                                        0                           6                           1                           6
1                                                        0                           6                          19                           1
2                                                        0                           6                          20                           1
3                                                        0                           6                          21                           1
4                                                        1                           6                           2                           8
5                                                        1                           6                          22                           1
6                                                        1                           6                          23                           1
7                                                        2                           8                           3                          15
8                                                        3                          15                           4                          16
9                                                        3                          15                           5                           8
10                                                       3                          15                           8                          16
11                                                       4                          16                           8                          16
12                                                       4                          16                          30                           1
13                                                       5                           8                           6                           6
14                                                       6                           6                           7                           6
15                                                       6                           6                          24                           1
16                                                       6                           6                          25                           1
17                                                       7                           6                          26                           1
18                                                       7                           6                          27                           1
19                                                       7                           6                          28                           1
20                                                       8                          16                           9                           6
21                                                       9                           6                          10                          16
22                                                       9                           6                          29                           1
23                                                       9                           6                          30                           1
24                                                      10                          16                          11                          15
25                                                      10                          16                          12                          16
26                                                      11                          15                          12                          16
27                                                      11                          15                          13                           8
28                                                      11                          15                          16                           8
29                                                      13                           8                          14                           6
30                                                      14                           6                          15                           6
31                                                      14                           6                          31                           1
32                                                      14                           6                          32                           1
33                                                      15                           6                          33                           1
34                                                      15                           6                          34                           1
35                                                      15                           6                          35                           1
36                                                      16                           8                          17                           6
37                                                      17                           6                          18                           6
38                                                      17                           6                          36                           1
39                                                      17                           6                          37                           1
40                                                      18                           6                          38                           1
41                                                      18                           6                          39                           1
42                                                      18                           6                          40                           1
   &ATNO [&Type "ArrayOfIntegers", &Dim (41,1)] "Atomic number of the elements"
                                                         0

0                                                        6
1                                                        6
2                                                        8
3                                                       15
4                                                       16
5                                                        8
6                                                        6
7                                                        6
8                                                       16
9                                                        6
10                                                      16
11                                                      15
12                                                      16
13                                                       8
14                                                       6
15                                                       6
16                                                       8
17                                                       6
18                                                       6
19                                                       1
20                                                       1
21                                                       1
22                                                       1
23                                                       1
24                                                       1
25                                                       1
26                                                       1
27                                                       1
28                                                       1
29                                                       1
30                                                       1
31                                                       1
32                                                       1
33                                                       1
34                                                       1
35                                                       1
36                                                       1
37                                                       1
38                                                       1
39                                                       1
40                                                       1
   &NA [&Type "ArrayOfDoubles", &Dim (41,1)] "Mulliken gross atomic population"
                                                         0

0                                      6.2800882406672240e+00
1                                      6.0033286155460734e+00
2                                      8.3895129250691021e+00
3                                      1.4382711039113850e+01
4                                      1.6302524881806594e+01
5                                      8.3451834999022196e+00
6                                      5.9956295609429784e+00
7                                      6.3346317166634982e+00
8                                      1.6107707958498036e+01
9                                      6.3514156721813615e+00
10                                     1.6115476716938943e+01
11                                     1.4396833288429033e+01
12                                     1.6300288387086869e+01
13                                     8.3853354738474266e+00
14                                     5.9972606104898958e+00
15                                     6.3249317206681264e+00
16                                     8.3475320461909419e+00
17                                     6.0086580530674896e+00
18                                     6.3084506108191354e+00
19                                     8.7913285356609205e-01
20                                     8.8719303004601258e-01
21                                     8.8986362307703859e-01
22                                     9.0703973286650608e-01
23                                     9.0156850022470347e-01
24                                     8.8988148545982515e-01
25                                     8.8735871440759939e-01
26                                     8.7503557551858546e-01
27                                     8.8582152815901005e-01
28                                     8.5742919484576630e-01
29                                     8.2341973784363731e-01
30                                     7.9849415206778385e-01
31                                     8.8832625437108148e-01
32                                     8.9700927815697806e-01
33                                     8.8647850442840248e-01
34                                     8.8238325416812813e-01
35                                     8.6751224396811033e-01
36                                     8.9312830531212772e-01
37                                     8.8889057412353711e-01
38                                     8.8226374058083890e-01
39                                     8.9174688318136841e-01
40                                     8.6252181569826214e-01
   &ZA [&Type "ArrayOfDoubles", &Dim (41,1)] "Total nuclear charge"
                                                         0

0                                      6.0000000000000000e+00
1                                      6.0000000000000000e+00
2                                      8.0000000000000000e+00
3                                      1.5000000000000000e+01
4                                      1.6000000000000000e+01
5                                      8.0000000000000000e+00
6                                      6.0000000000000000e+00
7                                      6.0000000000000000e+00
8                                      1.6000000000000000e+01
9                                      6.0000000000000000e+00
10                                     1.6000000000000000e+01
11                                     1.5000000000000000e+01
12                                     1.6000000000000000e+01
13                                     8.0000000000000000e+00
14                                     6.0000000000000000e+00
15                                     6.0000000000000000e+00
16                                     8.0000000000000000e+00
17                                     6.0000000000000000e+00
18                                     6.0000000000000000e+00
19                                     1.0000000000000000e+00
20                                     1.0000000000000000e+00
21                                     1.0000000000000000e+00
22                                     1.0000000000000000e+00
23                                     1.0000000000000000e+00
24                                     1.0000000000000000e+00
25                                     1.0000000000000000e+00
26                                     1.0000000000000000e+00
27                                     1.0000000000000000e+00
28                                     1.0000000000000000e+00
29                                     1.0000000000000000e+00
30                                     1.0000000000000000e+00
31                                     1.0000000000000000e+00
32                                     1.0000000000000000e+00
33                                     1.0000000000000000e+00
34                                     1.0000000000000000e+00
35                                     1.0000000000000000e+00
36                                     1.0000000000000000e+00
37                                     1.0000000000000000e+00
38                                     1.0000000000000000e+00
39                                     1.0000000000000000e+00
40                                     1.0000000000000000e+00
   &QA [&Type "ArrayOfDoubles", &Dim (41,1)] "Mulliken gross atomic charge"
                                                         0

0                                     -2.8008824066722404e-01
1                                     -3.3286155460734435e-03
2                                     -3.8951292506910207e-01
3                                      6.1728896088614960e-01
4                                     -3.0252488180659398e-01
5                                     -3.4518349990221964e-01
6                                      4.3704390570216134e-03
7                                     -3.3463171666349822e-01
8                                     -1.0770795849803605e-01
9                                     -3.5141567218136149e-01
10                                    -1.1547671693894301e-01
11                                     6.0316671157096735e-01
12                                    -3.0028838708686934e-01
13                                    -3.8533547384742661e-01
14                                     2.7393895101042176e-03
15                                    -3.2493172066812637e-01
16                                    -3.4753204619094191e-01
17                                    -8.6580530674895684e-03
18                                    -3.0845061081913538e-01
19                                     1.2086714643390795e-01
20                                     1.1280696995398742e-01
21                                     1.1013637692296141e-01
22                                     9.2960267133493923e-02
23                                     9.8431499775296527e-02
24                                     1.1011851454017485e-01
25                                     1.1264128559240061e-01
26                                     1.2496442448141454e-01
27                                     1.1417847184098995e-01
28                                     1.4257080515423370e-01
29                                     1.7658026215636269e-01
30                                     2.0150584793221615e-01
31                                     1.1167374562891852e-01
32                                     1.0299072184302194e-01
33                                     1.1352149557159752e-01
34                                     1.1761674583187187e-01
35                                     1.3248775603188967e-01
36                                     1.0687169468787228e-01
37                                     1.1110942587646289e-01
38                                     1.1773625941916110e-01
39                                     1.0825311681863159e-01
40                                     1.3747818430173786e-01
   &VA [&Type "ArrayOfDoubles", &Dim (41,1)] "Mayer's total valence"
                                                         0

0                                      4.0082752088428224e+00
1                                      3.9598377249178029e+00
2                                      2.1466301332157252e+00
3                                      4.9576341024843495e+00
4                                      2.0897243938042331e+00
5                                      2.2005811598744156e+00
6                                      4.0235057057612416e+00
7                                      3.9976387890558942e+00
8                                      2.2956830568409679e+00
9                                      3.7993992738268325e+00
10                                     2.2702220468209977e+00
11                                     4.9856592702440450e+00
12                                     2.0663312196868300e+00
13                                     2.1656514843162937e+00
14                                     4.0062953026145944e+00
15                                     3.9837702465237461e+00
16                                     2.1851642327961405e+00
17                                     4.0191071243616463e+00
18                                     3.9927485047255939e+00
19                                     9.5911285191308016e-01
20                                     9.5850152978920444e-01
21                                     9.5478238658127590e-01
22                                     9.7446624839887352e-01
23                                     9.9323430273324886e-01
24                                     9.6116837964612589e-01
25                                     9.4895733028124640e-01
26                                     9.6326735887513404e-01
27                                     9.5386483392357213e-01
28                                     9.7021181591742112e-01
29                                     9.3530876972022059e-01
30                                     1.0034659214996413e+00
31                                     9.8306697966306800e-01
32                                     9.4943958378183679e-01
33                                     9.5524274808200482e-01
34                                     9.5993313776933342e-01
35                                     9.8372223418677085e-01
36                                     9.7215469144449884e-01
37                                     9.4891069416198182e-01
38                                     9.7697714362383592e-01
39                                     9.5306416836785057e-01
40                                     9.6500956625544021e-01
   &BVA [&Type "ArrayOfDoubles", &Dim (41,1)] "Mayer's bonded valence"
                                                         0

0                                      4.0082752088429006e+00
1                                      3.9598377249178460e+00
2                                      2.1466301332158331e+00
3                                      4.9576341024843931e+00
4                                      2.0897243938041323e+00
5                                      2.2005811598744613e+00
6                                      4.0235057057612265e+00
7                                      3.9976387890559084e+00
8                                      2.2956830568410074e+00
9                                      3.7993992738268716e+00
10                                     2.2702220468209178e+00
11                                     4.9856592702440716e+00
12                                     2.0663312196868073e+00
13                                     2.1656514843163266e+00
14                                     4.0062953026146335e+00
15                                     3.9837702465237923e+00
16                                     2.1851642327960779e+00
17                                     4.0191071243615983e+00
18                                     3.9927485047256766e+00
19                                     9.5911285191309181e-01
20                                     9.5850152978921954e-01
21                                     9.5478238658128489e-01
22                                     9.7446624839887486e-01
23                                     9.9323430273324642e-01
24                                     9.6116837964612745e-01
25                                     9.4895733028124274e-01
26                                     9.6326735887513315e-01
27                                     9.5386483392356780e-01
28                                     9.7021181591741490e-01
29                                     9.3530876972022248e-01
30                                     1.0034659214996418e+00
31                                     9.8306697966308310e-01
32                                     9.4943958378184234e-01
33                                     9.5524274808201637e-01
34                                     9.5993313776934053e-01
35                                     9.8372223418677829e-01
36                                     9.7215469144448785e-01
37                                     9.4891069416198404e-01
38                                     9.7697714362384735e-01
39                                     9.5306416836785746e-01
40                                     9.6500956625543910e-01
   &FA [&Type "ArrayOfDoubles", &Dim (41,1)] "Mayer's free valence"
                                                         0

0                                      0.0000000000000000e+00
1                                      0.0000000000000000e+00
2                                      0.0000000000000000e+00
3                                      0.0000000000000000e+00
4                                      0.0000000000000000e+00
5                                      0.0000000000000000e+00
6                                      0.0000000000000000e+00
7                                      0.0000000000000000e+00
8                                      0.0000000000000000e+00
9                                      0.0000000000000000e+00
10                                     0.0000000000000000e+00
11                                     0.0000000000000000e+00
12                                     0.0000000000000000e+00
13                                     0.0000000000000000e+00
14                                     0.0000000000000000e+00
15                                     0.0000000000000000e+00
16                                     0.0000000000000000e+00
17                                     0.0000000000000000e+00
18                                     0.0000000000000000e+00
19                                     0.0000000000000000e+00
20                                     0.0000000000000000e+00
21                                     0.0000000000000000e+00
22                                     0.0000000000000000e+00
23                                     0.0000000000000000e+00
24                                     0.0000000000000000e+00
25                                     0.0000000000000000e+00
26                                     0.0000000000000000e+00
27                                     0.0000000000000000e+00
28                                     0.0000000000000000e+00
29                                     0.0000000000000000e+00
30                                     0.0000000000000000e+00
31                                     0.0000000000000000e+00
32                                     0.0000000000000000e+00
33                                     0.0000000000000000e+00
34                                     0.0000000000000000e+00
35                                     0.0000000000000000e+00
36                                     0.0000000000000000e+00
37                                     0.0000000000000000e+00
38                                     0.0000000000000000e+00
39                                     0.0000000000000000e+00
40                                     0.0000000000000000e+00
$End
$VdW_Correction
   &GeometryIndex 1
   &ListStatus       OUT
   &VDW [&Type "Double"]      -6.7236034733999944e-02
$End
$Calculation_Info
   &GeometryIndex 1
   &ListStatus       OUT
   &MULT [&Type "Integer"] 1
   &CHARGE [&Type "Integer"] 0
   &NUMOFATOMS [&Type "Integer"] 41
   &NUMOFELECTRONS [&Type "Integer"] 202
   &NUMOFFCELECTRONS [&Type "Integer"] 1
   &NUMOFCORRELECTRONS [&Type "Integer"] 0
   &NUMOFBASISFUNCTS [&Type "Integer"] 334
   &NUMOFAUXCBASISFUNCTS [&Type "Integer"] 0
   &NUMOFAUXJBASISFUNCTS [&Type "Integer"] 1185
   &NUMOFAUXJKBASISFUNCTS [&Type "Integer"] 0
   &NUMOFCABSBASISFUNCTS [&Type "Integer"] 0
   &TOTALENERGY [&Type "Double"]      -2.9295115408652605e+03  "Hartrees"
$End
$SCF_Dipole_Moment
   &GeometryIndex 1
   &ListStatus       OUT
   &METHOD [&Type "String"] "SCF"
   &LEVEL [&Type "String"] "Relaxed density"
   &MULT [&Type "Integer"] 1
   &STATE [&Type "Integer"] -1
   &IRREP [&Type "Integer"] 0
   &NATOMS [&Type "Integer"] 41
   &DODIPOLEATOM [&Type "Boolean"] false
   &DIPOLEELECCONTRIB [&Type "ArrayOfDoubles", &Dim (3,1)] "Electronic contribution"
                                                         0

0                                     -4.5570351839338121e+00
1                                      6.8941188206553736e+00
2                                     -7.1775301158669058e-01
   &DIPOLENUCCONTRIB [&Type "ArrayOfDoubles", &Dim (3,1)] "Nuclear contribution"
                                                         0

0                                      4.6123044494181293e+00
1                                     -7.9844956004020435e+00
2                                      1.0140022504210178e+00
   &DIPOLETOTAL [&Type "ArrayOfDoubles", &Dim (3,1)] "Total"
                                                         0

0                                      5.5269265484317209e-02
1                                     -1.0903767797466699e+00
2                                      2.9624923883432719e-01
   &DIPOLEMAGNITUDE [&Type "Double", &Units "a.u."]       1.1312558618755582e+00
$End
