*************************************************
******************* ORCA 6.0.0 ******************
*************************************************
$Calculation_Status
   &GeometryIndex 1
   &ListStatus       OUT
   &VERSION [&Type "String"] "6.0.0"
   &PROGNAME [&Type "String"] "LeanSCF"
   &STATUS [&Type "String"] "NORMAL TERMINATION"
$End
$Geometry
   &GeometryIndex 1
   &ListStatus       OUT
   &NATOMS [&Type "Integer"] 41
   &NCORELESSECP [&Type "Integer"] 0
   &NGHOSTATOMS [&Type "Integer"] 0
   &CartesianCoordinates [&Type "Coordinates", &Dim(41,4), &Units "Bohr"] 
              C      8.713753563411    0.234392363191   -4.318091736114
              C      8.997635479419   -1.413016033896   -1.994070791314
              O      6.617828193225   -2.446227130716   -1.186178093944
              P      4.455296777943   -0.743585791542    0.025178265789
              S      5.739826474496    1.917509651747    2.273767602663
              O      2.680193945345   -2.841057716242    1.215778567763
              C      3.376779405410   -4.205175900619    3.484361641393
              C      2.262655884683   -2.958323570339    5.809887619644
              S      2.157194348689    0.391095659363   -3.020067796068
              C      0.535765891186    2.913488477429   -1.339299420088
              S     -1.283249505362    1.819154808070    1.335328885139
              P     -4.566277452808    0.658334234422   -0.730346457554
              S     -4.102942282936   -1.147846040746   -3.919853707917
              O     -6.054238256391    3.182124739290   -1.279190597559
              C     -6.905518521176    4.913306966210    0.664189776860
              C     -9.652845508048    4.432025433662    1.310933764945
              O     -6.235906995127   -0.644214834375    1.397351194273
              C     -5.390433390855   -2.600775272090    3.086959681706
              C     -3.995775840560   -4.712919961372    1.751471616432
              H      7.725362759732   -0.788029584720   -5.801093399245
              H      7.636399183521    1.925707108350   -3.852669712759
              H     10.569760162137    0.790081906292   -4.990475845670
              H      9.804429983044   -0.327934423626   -0.427622124594
              H     10.157566343736   -3.074363750711   -2.372614499278
              H      2.609505762987   -6.097841678341    3.197031345388
              H      5.436619253392   -4.306290572341    3.605513516596
              H      2.728044716320   -4.078841647081    7.463184258422
              H      3.028734578061   -1.064840959440    6.041305088838
              H      0.223053412257   -2.821702313856    5.628525388061
              H     -0.702575090289    3.818787390507   -2.708926527288
              H      1.928986307024    4.231402798494   -0.589823044161
              H     -5.693559473166    4.708977575783    2.325686280128
              H     -6.648591434054    6.786112744796   -0.161200537858
              H    -10.808133123446    4.583991886183   -0.379556174850
              H     -9.880939682753    2.549018256915    2.097187924184
              H    -10.273302641028    5.823229171754    2.684814523029
              H     -4.193706788184   -1.718405520376    4.523443350650
              H     -7.132102707569   -3.285533828234    3.954799444449
              H     -2.232422190281   -4.015321502651    0.946565789009
              H     -3.574292382275   -6.207341893375    3.092429334697
              H     -5.142889218421   -5.473124969997    0.224682523236
$End
$SCF_Energy
   &GeometryIndex 1
   &ListStatus       OUT
   &SCF_ENERGY [&Type "Double"]      -2.9296367052336668e+03
$End
$DFT_Energy
   &GeometryIndex 1
   &ListStatus       OUT
   &NALPHAEL [&Type "Integer"] 101
   &NBETAEL [&Type "Integer"] 101
   &NTOTALEL [&Type "Integer"] 202
   &EEXCHANGE [&Type "Double"]      -2.3180397138532777e+02
   &ECORR [&Type "Double"]      -7.2944535998228339e+00
   &ECNL [&Type "Double"]       0.0000000000000000e+00
   &EXC [&Type "Double"]      -2.3909842498515061e+02
   &EEMBED [&Type "Double"]       0.0000000000000000e+00
   &FINALEN [&Type "Double"]      -2.9296367052336668e+03  "No Van der Waals correction"
$End
$Mulliken_Population_Analysis
   &GeometryIndex 1
   &ListStatus       OUT
   &NATOMS [&Type "Integer"] 41
   &ATNO [&Type "ArrayOfIntegers", &Dim (41,1)] 
                                                         0

0                                                        6
1                                                        6
2                                                        8
3                                                       15
4                                                       16
5                                                        8
6                                                        6
7                                                        6
8                                                       16
9                                                        6
10                                                      16
11                                                      15
12                                                      16
13                                                       8
14                                                       6
15                                                       6
16                                                       8
17                                                       6
18                                                       6
19                                                       1
20                                                       1
21                                                       1
22                                                       1
23                                                       1
24                                                       1
25                                                       1
26                                                       1
27                                                       1
28                                                       1
29                                                       1
30                                                       1
31                                                       1
32                                                       1
33                                                       1
34                                                       1
35                                                       1
36                                                       1
37                                                       1
38                                                       1
39                                                       1
40                                                       1
   &ATOMICCHARGES [&Type "ArrayOfDoubles", &Dim (41,1)] 
                                                         0

0                                     -3.1467931523120640e-01
1                                     -6.3409191412517885e-03
2                                     -3.7381507093307142e-01
3                                      6.0561146705169122e-01
4                                     -3.4648149964876751e-01
5                                     -3.5723266184115232e-01
6                                     -1.4743902269955811e-03
7                                     -3.0814895741739257e-01
8                                     -3.6511074753782680e-02
9                                     -3.5588128468406310e-01
10                                    -9.7431076323889698e-02
11                                     5.7882245429429702e-01
12                                    -2.9859519029024639e-01
13                                    -3.5578520484042997e-01
14                                    -9.9876428645497839e-03
15                                    -2.8892516165486271e-01
16                                    -3.8268194216116136e-01
17                                    -2.1283132441508812e-02
18                                    -3.4049408727193242e-01
19                                     1.2053973494595294e-01
20                                     1.2458570643003242e-01
21                                     1.1309368667446051e-01
22                                     1.1138550421510951e-01
23                                     1.0492875088524345e-01
24                                     1.0895515097388753e-01
25                                     1.0408316849046695e-01
26                                     1.0588471331255800e-01
27                                     1.3169699544664071e-01
28                                     1.2112682780841788e-01
29                                     1.8732855558068362e-01
30                                     1.9409169945411109e-01
31                                     9.6976934544611648e-02
32                                     1.0711493373668723e-01
33                                     1.2061354326326490e-01
34                                     1.2123670917913243e-01
35                                     1.0844157893265827e-01
36                                     1.2282511440526211e-01
37                                     1.0882742625492936e-01
38                                     1.5831959291193309e-01
39                                     1.0880301378492163e-01
40                                     1.3045534914929890e-01
$End
$Loewdin_Population_Analysis
   &GeometryIndex 1
   &ListStatus       OUT
   &NATOMS [&Type "Integer"] 41
   &ATNO [&Type "ArrayOfIntegers", &Dim (41,1)] 
                                                         0

0                                                        6
1                                                        6
2                                                        8
3                                                       15
4                                                       16
5                                                        8
6                                                        6
7                                                        6
8                                                       16
9                                                        6
10                                                      16
11                                                      15
12                                                      16
13                                                       8
14                                                       6
15                                                       6
16                                                       8
17                                                       6
18                                                       6
19                                                       1
20                                                       1
21                                                       1
22                                                       1
23                                                       1
24                                                       1
25                                                       1
26                                                       1
27                                                       1
28                                                       1
29                                                       1
30                                                       1
31                                                       1
32                                                       1
33                                                       1
34                                                       1
35                                                       1
36                                                       1
37                                                       1
38                                                       1
39                                                       1
40                                                       1
   &ATOMICCHARGES [&Type "ArrayOfDoubles", &Dim (41,1)] 
                                                         0

0                                      2.2757245931276575e-03
1                                      9.4093243488892364e-02
2                                      5.0236947480118399e-01
3                                      4.6221149592585692e-02
4                                      1.2447600628413675e-04
5                                      3.1060041651760734e-01
6                                      3.4597353181327818e-02
7                                      8.9066690879618016e-04
8                                      5.1184829344551850e-04
9                                      2.4609056474838887e-04
10                                     4.8571700914023443e-05
11                                     3.1022843886285216e-04
12                                     1.1956050341987941e-06
13                                     2.3792132035896350e-03
14                                     3.1797043984794614e-04
15                                     9.0249826885143225e-06
16                                     3.0066066020716436e-03
17                                     5.6421439292997941e-04
18                                     6.6787413613398925e-05
19                                     3.9488992715932856e-06
20                                     1.7226329230305918e-05
21                                     1.3869648783368843e-04
22                                     1.6586672535494478e-04
23                                     6.1011914516918852e-04
24                                     1.3906824014717759e-04
25                                     1.6013114771527918e-04
26                                     6.1845081467720280e-05
27                                     9.8808124610804420e-07
28                                     1.8226550826753277e-05
29                                     1.3009358692898875e-05
30                                     5.7774261307189434e-06
31                                     1.3670049456554227e-06
32                                     1.4281721644178883e-06
33                                     8.3885856435501045e-08
34                                     1.2834539362676217e-08
35                                     4.0274822354868570e-07
36                                     1.0737623344638058e-06
37                                     4.0946401798993778e-06
38                                     1.7948980199981737e-05
39                                     4.2502499624058162e-06
40                                     1.7752095572458114e-07
$End
$Mayer_Population_Analysis
   &GeometryIndex 1
   &ListStatus       OUT
   &NATOMS [&Type "Integer"] 41 "Total number of atoms"
   &BONDTHRESH [&Type "Double"]       1.0000000000000001e-01  "The threshold for printing"
   &NBONDORDERSPRINT [&Type "Integer"] 42 "The number of bond orders larger than threshold"
   &BONDORDERS [&Type "ArrayOfDoubles", &Dim (42,1)] "The bond orders"
                                                         0

0                                      1.1652138904591016e+00
1                                      9.4521088362194960e-01
2                                      9.3536012442555216e-01
3                                      9.3824831597530278e-01
4                                      9.0890943023702897e-01
5                                      9.1373477032821515e-01
6                                      9.3330136206181391e-01
7                                      1.1047746396158320e+00
8                                      1.5798013997724514e+00
9                                      1.1228136631596031e+00
10                                     9.7827548263901798e-01
11                                     1.1324627218384677e-01
12                                     8.8884369053392620e-01
13                                     1.1714520907894697e+00
14                                     9.3423645709540293e-01
15                                     9.1751248347436443e-01
16                                     9.3797383366526488e-01
17                                     9.3022262316772653e-01
18                                     9.3808262174141466e-01
19                                     1.0050833618256889e+00
20                                     1.0006071226381821e+00
21                                     8.9554385708346296e-01
22                                     8.8297457302329629e-01
23                                     9.3682190014238609e-01
24                                     1.1570095556975558e-01
25                                     1.6742170569739350e+00
26                                     1.1210850650499191e+00
27                                     1.0773874743190686e+00
28                                     8.9589642352262866e-01
29                                     1.1647904978482391e+00
30                                     9.1117863920631181e-01
31                                     9.3615955492487590e-01
32                                     9.4704641514629895e-01
33                                     9.4307962761411501e-01
34                                     9.4029055835460085e-01
35                                     9.0852784021664990e-01
36                                     1.1703830030432840e+00
37                                     9.2416493995770310e-01
38                                     9.3066579398270932e-01
39                                     9.1652271752747794e-01
40                                     9.3175412275710023e-01
41                                     9.3727725723916633e-01
   &COMPONENTS [&Type "ArrayOfIntegers", &Dim (42,4)] "The indices and atomic numbers of the bonding atoms"
                                                         0                           1                           2                           3

0                                                        0                           6                           1                           6
1                                                        0                           6                          19                           1
2                                                        0                           6                          20                           1
3                                                        0                           6                          21                           1
4                                                        1                           6                           2                           8
5                                                        1                           6                          22                           1
6                                                        1                           6                          23                           1
7                                                        2                           8                           3                          15
8                                                        3                          15                           4                          16
9                                                        3                          15                           5                           8
10                                                       3                          15                           8                          16
11                                                       4                          16                           8                          16
12                                                       5                           8                           6                           6
13                                                       6                           6                           7                           6
14                                                       6                           6                          24                           1
15                                                       6                           6                          25                           1
16                                                       7                           6                          26                           1
17                                                       7                           6                          27                           1
18                                                       7                           6                          28                           1
19                                                       8                          16                           9                           6
20                                                       9                           6                          10                          16
21                                                       9                           6                          29                           1
22                                                       9                           6                          30                           1
23                                                      10                          16                          11                          15
24                                                      10                          16                          12                          16
25                                                      11                          15                          12                          16
26                                                      11                          15                          13                           8
27                                                      11                          15                          16                           8
28                                                      13                           8                          14                           6
29                                                      14                           6                          15                           6
30                                                      14                           6                          31                           1
31                                                      14                           6                          32                           1
32                                                      15                           6                          33                           1
33                                                      15                           6                          34                           1
34                                                      15                           6                          35                           1
35                                                      16                           8                          17                           6
36                                                      17                           6                          18                           6
37                                                      17                           6                          36                           1
38                                                      17                           6                          37                           1
39                                                      18                           6                          38                           1
40                                                      18                           6                          39                           1
41                                                      18                           6                          40                           1
   &ATNO [&Type "ArrayOfIntegers", &Dim (41,1)] "Atomic number of the elements"
                                                         0

0                                                        6
1                                                        6
2                                                        8
3                                                       15
4                                                       16
5                                                        8
6                                                        6
7                                                        6
8                                                       16
9                                                        6
10                                                      16
11                                                      15
12                                                      16
13                                                       8
14                                                       6
15                                                       6
16                                                       8
17                                                       6
18                                                       6
19                                                       1
20                                                       1
21                                                       1
22                                                       1
23                                                       1
24                                                       1
25                                                       1
26                                                       1
27                                                       1
28                                                       1
29                                                       1
30                                                       1
31                                                       1
32                                                       1
33                                                       1
34                                                       1
35                                                       1
36                                                       1
37                                                       1
38                                                       1
39                                                       1
40                                                       1
   &NA [&Type "ArrayOfDoubles", &Dim (41,1)] "Mulliken gross atomic population"
                                                         0

0                                      6.3146793152312188e+00
1                                      6.0063409191412589e+00
2                                      8.3738150709330768e+00
3                                      1.4394388532948282e+01
4                                      1.6346481499648760e+01
5                                      8.3572326618411630e+00
6                                      6.0014743902269947e+00
7                                      6.3081489574173890e+00
8                                      1.6036511074753776e+01
9                                      6.3558812846840729e+00
10                                     1.6097431076323865e+01
11                                     1.4421177545705707e+01
12                                     1.6298595190290285e+01
13                                     8.3557852048403838e+00
14                                     6.0099876428645427e+00
15                                     6.2889251616548698e+00
16                                     8.3826819421611365e+00
17                                     6.0212831324415177e+00
18                                     6.3404940872719262e+00
19                                     8.7946026505404573e-01
20                                     8.7541429356996758e-01
21                                     8.8690631332553915e-01
22                                     8.8861449578489093e-01
23                                     8.9507124911475677e-01
24                                     8.9104484902611247e-01
25                                     8.9591683150953194e-01
26                                     8.9411528668744200e-01
27                                     8.6830300455335929e-01
28                                     8.7887317219158212e-01
29                                     8.1267144441931660e-01
30                                     8.0590830054588969e-01
31                                     9.0302306545538802e-01
32                                     8.9288506626331421e-01
33                                     8.7938645673673577e-01
34                                     8.7876329082086735e-01
35                                     8.9155842106734273e-01
36                                     8.7717488559473700e-01
37                                     8.9117257374507020e-01
38                                     8.4168040708806602e-01
39                                     8.9119698621507915e-01
40                                     8.6954465085070198e-01
   &ZA [&Type "ArrayOfDoubles", &Dim (41,1)] "Total nuclear charge"
                                                         0

0                                      6.0000000000000000e+00
1                                      6.0000000000000000e+00
2                                      8.0000000000000000e+00
3                                      1.5000000000000000e+01
4                                      1.6000000000000000e+01
5                                      8.0000000000000000e+00
6                                      6.0000000000000000e+00
7                                      6.0000000000000000e+00
8                                      1.6000000000000000e+01
9                                      6.0000000000000000e+00
10                                     1.6000000000000000e+01
11                                     1.5000000000000000e+01
12                                     1.6000000000000000e+01
13                                     8.0000000000000000e+00
14                                     6.0000000000000000e+00
15                                     6.0000000000000000e+00
16                                     8.0000000000000000e+00
17                                     6.0000000000000000e+00
18                                     6.0000000000000000e+00
19                                     1.0000000000000000e+00
20                                     1.0000000000000000e+00
21                                     1.0000000000000000e+00
22                                     1.0000000000000000e+00
23                                     1.0000000000000000e+00
24                                     1.0000000000000000e+00
25                                     1.0000000000000000e+00
26                                     1.0000000000000000e+00
27                                     1.0000000000000000e+00
28                                     1.0000000000000000e+00
29                                     1.0000000000000000e+00
30                                     1.0000000000000000e+00
31                                     1.0000000000000000e+00
32                                     1.0000000000000000e+00
33                                     1.0000000000000000e+00
34                                     1.0000000000000000e+00
35                                     1.0000000000000000e+00
36                                     1.0000000000000000e+00
37                                     1.0000000000000000e+00
38                                     1.0000000000000000e+00
39                                     1.0000000000000000e+00
40                                     1.0000000000000000e+00
   &QA [&Type "ArrayOfDoubles", &Dim (41,1)] "Mulliken gross atomic charge"
                                                         0

0                                     -3.1467931523121884e-01
1                                     -6.3409191412588939e-03
2                                     -3.7381507093307675e-01
3                                      6.0561146705171787e-01
4                                     -3.4648149964876040e-01
5                                     -3.5723266184116298e-01
6                                     -1.4743902269946929e-03
7                                     -3.0814895741738901e-01
8                                     -3.6511074753775574e-02
9                                     -3.5588128468407287e-01
10                                    -9.7431076323864829e-02
11                                     5.7882245429429346e-01
12                                    -2.9859519029028547e-01
13                                    -3.5578520484038378e-01
14                                    -9.9876428645426785e-03
15                                    -2.8892516165486981e-01
16                                    -3.8268194216113649e-01
17                                    -2.1283132441517694e-02
18                                    -3.4049408727192620e-01
19                                     1.2053973494595427e-01
20                                     1.2458570643003242e-01
21                                     1.1309368667446085e-01
22                                     1.1138550421510907e-01
23                                     1.0492875088524323e-01
24                                     1.0895515097388753e-01
25                                     1.0408316849046806e-01
26                                     1.0588471331255800e-01
27                                     1.3169699544664071e-01
28                                     1.2112682780841788e-01
29                                     1.8732855558068340e-01
30                                     1.9409169945411031e-01
31                                     9.6976934544611981e-02
32                                     1.0711493373668579e-01
33                                     1.2061354326326423e-01
34                                     1.2123670917913265e-01
35                                     1.0844157893265727e-01
36                                     1.2282511440526300e-01
37                                     1.0882742625492980e-01
38                                     1.5831959291193398e-01
39                                     1.0880301378492085e-01
40                                     1.3045534914929802e-01
   &VA [&Type "ArrayOfDoubles", &Dim (41,1)] "Mayer's total valence"
                                                         0

0                                      3.9894807706992315e+00
1                                      4.0008314683244004e+00
2                                      2.1822577383312916e+00
3                                      4.9519215833337427e+00
4                                      2.0467132725585597e+00
5                                      2.1795791405888258e+00
6                                      4.0087281513213320e+00
7                                      3.9904284937988637e+00
8                                      2.3065354972968461e+00
9                                      3.8499888266614493e+00
10                                     2.2981496454426735e+00
11                                     4.9708156047145406e+00
12                                     2.0271943993850674e+00
13                                     2.1608395490595207e+00
14                                     4.0100843977111706e+00
15                                     3.9912907849337005e+00
16                                     2.1729543861099909e+00
17                                     4.0186799598749534e+00
18                                     3.9794127136603890e+00
19                                     9.6045817876385930e-01
20                                     9.8343759698944755e-01
21                                     9.5493308241187280e-01
22                                     9.8316943022679704e-01
23                                     9.4919409477021122e-01
24                                     9.4737535895159608e-01
25                                     9.7020255493445806e-01
26                                     9.5395486984998645e-01
27                                     9.9119031317933171e-01
28                                     9.7595668366439636e-01
29                                     9.5236373671592156e-01
30                                     9.6417643190453217e-01
31                                     9.8160987231993702e-01
32                                     9.4835552833458492e-01
33                                     9.5761515045602086e-01
34                                     9.7991297764964680e-01
35                                     9.5443341171922091e-01
36                                     9.5257940066269908e-01
37                                     9.4577374908175049e-01
38                                     9.9208779750208576e-01
39                                     9.5246679613489438e-01
40                                     9.6839164759905150e-01
   &BVA [&Type "ArrayOfDoubles", &Dim (41,1)] "Mayer's bonded valence"
                                                         0

0                                      3.9894807706992244e+00
1                                      4.0008314683244057e+00
2                                      2.1822577383312440e+00
3                                      4.9519215833338208e+00
4                                      2.0467132725585655e+00
5                                      2.1795791405888267e+00
6                                      4.0087281513213453e+00
7                                      3.9904284937988752e+00
8                                      2.3065354972968182e+00
9                                      3.8499888266614075e+00
10                                     2.2981496454427610e+00
11                                     4.9708156047145771e+00
12                                     2.0271943993850337e+00
13                                     2.1608395490596162e+00
14                                     4.0100843977112177e+00
15                                     3.9912907849336832e+00
16                                     2.1729543861100451e+00
17                                     4.0186799598749161e+00
18                                     3.9794127136604103e+00
19                                     9.6045817876387241e-01
20                                     9.8343759698944422e-01
21                                     9.5493308241187524e-01
22                                     9.8316943022679737e-01
23                                     9.4919409477020877e-01
24                                     9.4737535895158631e-01
25                                     9.7020255493446217e-01
26                                     9.5395486984999001e-01
27                                     9.9119031317933881e-01
28                                     9.7595668366440291e-01
29                                     9.5236373671591523e-01
30                                     9.6417643190452895e-01
31                                     9.8160987231993369e-01
32                                     9.4835552833458314e-01
33                                     9.5761515045601764e-01
34                                     9.7991297764965346e-01
35                                     9.5443341171921847e-01
36                                     9.5257940066269819e-01
37                                     9.4577374908175682e-01
38                                     9.9208779750209775e-01
39                                     9.5246679613489904e-01
40                                     9.6839164759903906e-01
   &FA [&Type "ArrayOfDoubles", &Dim (41,1)] "Mayer's free valence"
                                                         0

0                                      0.0000000000000000e+00
1                                      0.0000000000000000e+00
2                                      0.0000000000000000e+00
3                                      0.0000000000000000e+00
4                                      0.0000000000000000e+00
5                                      0.0000000000000000e+00
6                                      0.0000000000000000e+00
7                                      0.0000000000000000e+00
8                                      0.0000000000000000e+00
9                                      0.0000000000000000e+00
10                                     0.0000000000000000e+00
11                                     0.0000000000000000e+00
12                                     0.0000000000000000e+00
13                                     0.0000000000000000e+00
14                                     0.0000000000000000e+00
15                                     0.0000000000000000e+00
16                                     0.0000000000000000e+00
17                                     0.0000000000000000e+00
18                                     0.0000000000000000e+00
19                                     0.0000000000000000e+00
20                                     0.0000000000000000e+00
21                                     0.0000000000000000e+00
22                                     0.0000000000000000e+00
23                                     0.0000000000000000e+00
24                                     0.0000000000000000e+00
25                                     0.0000000000000000e+00
26                                     0.0000000000000000e+00
27                                     0.0000000000000000e+00
28                                     0.0000000000000000e+00
29                                     0.0000000000000000e+00
30                                     0.0000000000000000e+00
31                                     0.0000000000000000e+00
32                                     0.0000000000000000e+00
33                                     0.0000000000000000e+00
34                                     0.0000000000000000e+00
35                                     0.0000000000000000e+00
36                                     0.0000000000000000e+00
37                                     0.0000000000000000e+00
38                                     0.0000000000000000e+00
39                                     0.0000000000000000e+00
40                                     0.0000000000000000e+00
$End
$VdW_Correction
   &GeometryIndex 1
   &ListStatus       OUT
   &VDW [&Type "Double"]      -6.6019218543535776e-02
$End
$Calculation_Info
   &GeometryIndex 1
   &ListStatus       OUT
   &MULT [&Type "Integer"] 1
   &CHARGE [&Type "Integer"] 0
   &NUMOFATOMS [&Type "Integer"] 41
   &NUMOFELECTRONS [&Type "Integer"] 202
   &NUMOFFCELECTRONS [&Type "Integer"] 1
   &NUMOFCORRELECTRONS [&Type "Integer"] 0
   &NUMOFBASISFUNCTS [&Type "Integer"] 334
   &NUMOFAUXCBASISFUNCTS [&Type "Integer"] 0
   &NUMOFAUXJBASISFUNCTS [&Type "Integer"] 1185
   &NUMOFAUXJKBASISFUNCTS [&Type "Integer"] 0
   &NUMOFCABSBASISFUNCTS [&Type "Integer"] 0
   &TOTALENERGY [&Type "Double"]      -2.9295179374731106e+03  "Hartrees"
$End
$SCF_Dipole_Moment
   &GeometryIndex 1
   &ListStatus       OUT
   &METHOD [&Type "String"] "SCF"
   &LEVEL [&Type "String"] "Relaxed density"
   &MULT [&Type "Integer"] 1
   &STATE [&Type "Integer"] -1
   &IRREP [&Type "Integer"] 0
   &NATOMS [&Type "Integer"] 41
   &DODIPOLEATOM [&Type "Boolean"] false
   &DIPOLEELECCONTRIB [&Type "ArrayOfDoubles", &Dim (3,1)] "Electronic contribution"
                                                         0

0                                      2.2604130383327310e+00
1                                      3.8736739535229425e+00
2                                     -1.1382643529821017e+01
   &DIPOLENUCCONTRIB [&Type "ArrayOfDoubles", &Dim (3,1)] "Nuclear contribution"
                                                         0

0                                     -2.2107628337257541e+00
1                                     -4.0195409532642286e+00
2                                      1.2549437897996164e+01
   &DIPOLETOTAL [&Type "ArrayOfDoubles", &Dim (3,1)] "Total"
                                                         0

0                                      4.9650204606976889e-02
1                                     -1.4586699974128603e-01
2                                      1.1667943681751467e+00
   &DIPOLEMAGNITUDE [&Type "Double", &Units "a.u."]       1.1769245608943162e+00
$End
