*************************************************
******************* ORCA 6.0.0 ******************
*************************************************
$Calculation_Status
   &GeometryIndex 1
   &ListStatus       OUT
   &VERSION [&Type "String"] "6.0.0"
   &PROGNAME [&Type "String"] "LeanSCF"
   &STATUS [&Type "String"] "NORMAL TERMINATION"
$End
$Geometry
   &GeometryIndex 1
   &ListStatus       OUT
   &NATOMS [&Type "Integer"] 41
   &NCORELESSECP [&Type "Integer"] 0
   &NGHOSTATOMS [&Type "Integer"] 0
   &CartesianCoordinates [&Type "Coordinates", &Dim(41,4), &Units "Bohr"] 
              C      2.687753349335   -1.718389150435    5.487336449596
              C      3.963068300574    0.687215536490    4.605043320986
              O      5.765661110579    0.264182559844    2.614668318284
              P      5.169600315532   -1.087019091672   -0.004751392654
              S      4.910408728009   -4.771140187634   -0.063887778366
              O      7.481274030524   -0.234723859327   -1.672709223898
              C      8.204775814416    2.378466560462   -2.051765572232
              C     10.338065812537    3.105706483996   -0.286037925719
              S      1.985038821068    0.984708762447   -1.455605062196
              C     -0.080321553410   -1.641384113821   -2.176493855244
              S     -2.468048586589   -2.149388795776    0.211517296747
              P     -4.806854914579    0.958595114536   -0.871051915257
              S     -5.063277968278    1.602357948340   -4.500460396718
              O     -3.690294703306    3.312030796509    0.572059277217
              C     -3.185787589598    3.410218406604    3.260747837465
              C     -5.466634615450    4.335216827780    4.722354980533
              O     -7.400227580814    0.443224529933    0.554056056650
              C     -9.399878066706   -1.039642145147   -0.539637056587
              C     -8.676241625276   -3.792733501028   -0.843045646152
              H      1.506413365309   -2.504398006969    3.994639137409
              H      4.094994667215   -3.125736208507    5.998040078099
              H      1.515784690873   -1.309206117976    7.120071726831
              H      5.091655021870    1.532618950664    6.110173694909
              H      2.567064567584    2.052470212746    3.926208667366
              H      8.799894190568    2.468462092682   -4.024721864235
              H      6.547377660180    3.581855179646   -1.774162774538
              H     10.916221320940    5.032002266980   -0.689912556085
              H      9.725085632907    2.973220439623    1.668901388511
              H     11.934887851443    1.845320628863   -0.563358907043
              H      1.041377952710   -3.370553802629   -2.284305243386
              H     -1.011443551432   -1.219897238533   -3.965897155968
              H     -2.606359423209    1.531351689169    3.899199703685
              H     -1.610116357122    4.732818017325    3.417849158338
              H     -7.007837415775    2.987434251333    4.573452543761
              H     -4.948915123940    4.556861988721    6.694996553010
              H     -6.093034418769    6.143759607759    3.978794964099
              H    -10.963886957714   -0.806989875796    0.783063778448
              H     -9.897270587910   -0.212872943568   -2.368700024188
              H    -10.324629358947   -4.864758750986   -1.425948247326
              H     -7.218530209325   -3.986395042177   -2.282769613379
              H     -7.962544051805   -4.547586588491    0.929469618467
$End
$SCF_Energy
   &GeometryIndex 1
   &ListStatus       OUT
   &SCF_ENERGY [&Type "Double"]      -2.9296394632464071e+03
$End
$DFT_Energy
   &GeometryIndex 1
   &ListStatus       OUT
   &NALPHAEL [&Type "Integer"] 101
   &NBETAEL [&Type "Integer"] 101
   &NTOTALEL [&Type "Integer"] 202
   &EEXCHANGE [&Type "Double"]      -2.3180571814950338e+02
   &ECORR [&Type "Double"]      -7.2928867348196738e+00
   &ECNL [&Type "Double"]       0.0000000000000000e+00
   &EXC [&Type "Double"]      -2.3909860488432304e+02
   &EEMBED [&Type "Double"]       0.0000000000000000e+00
   &FINALEN [&Type "Double"]      -2.9296394632464071e+03  "No Van der Waals correction"
$End
$Mulliken_Population_Analysis
   &GeometryIndex 1
   &ListStatus       OUT
   &NATOMS [&Type "Integer"] 41
   &ATNO [&Type "ArrayOfIntegers", &Dim (41,1)] 
                                                         0

0                                                        6
1                                                        6
2                                                        8
3                                                       15
4                                                       16
5                                                        8
6                                                        6
7                                                        6
8                                                       16
9                                                        6
10                                                      16
11                                                      15
12                                                      16
13                                                       8
14                                                       6
15                                                       6
16                                                       8
17                                                       6
18                                                       6
19                                                       1
20                                                       1
21                                                       1
22                                                       1
23                                                       1
24                                                       1
25                                                       1
26                                                       1
27                                                       1
28                                                       1
29                                                       1
30                                                       1
31                                                       1
32                                                       1
33                                                       1
34                                                       1
35                                                       1
36                                                       1
37                                                       1
38                                                       1
39                                                       1
40                                                       1
   &ATOMICCHARGES [&Type "ArrayOfDoubles", &Dim (41,1)] 
                                                         0

0                                     -3.2178997778802110e-01
1                                     -1.6934609743485041e-02
2                                     -3.7939823114128757e-01
3                                      5.9257210847336594e-01
4                                     -2.9879648821305338e-01
5                                     -3.5058833488412411e-01
6                                     -1.5592293303125615e-02
7                                     -2.8791402105285435e-01
8                                     -1.1126635604265189e-01
9                                     -3.5991646955929468e-01
10                                    -9.7279058267826457e-02
11                                     6.0448970428610238e-01
12                                    -3.0988454060857507e-01
13                                    -3.4919873961089465e-01
14                                    -4.3143311590400302e-02
15                                    -2.8279263308337299e-01
16                                    -3.8149949535426231e-01
17                                    -2.1898009696208476e-03
18                                    -3.1830580746887982e-01
19                                     1.3671003254277136e-01
20                                     1.2724340886376573e-01
21                                     1.0786111470574555e-01
22                                     1.0625465518561228e-01
23                                     1.1420050360246370e-01
24                                     1.1514040081992061e-01
25                                     1.0455662813609790e-01
26                                     1.1011795284655634e-01
27                                     1.2096802765669146e-01
28                                     1.2222565463147084e-01
29                                     1.9572879855242542e-01
30                                     1.9685630760802342e-01
31                                     1.1301263595901245e-01
32                                     1.2097717966135724e-01
33                                     1.2365209797335508e-01
34                                     1.0804762525612155e-01
35                                     1.2018836451054149e-01
36                                     1.0584514670469880e-01
37                                     1.1540076903136409e-01
38                                     1.1580502014425798e-01
39                                     1.3080781675862152e-01
40                                     1.1782821477149497e-01
$End
$Loewdin_Population_Analysis
   &GeometryIndex 1
   &ListStatus       OUT
   &NATOMS [&Type "Integer"] 41
   &ATNO [&Type "ArrayOfIntegers", &Dim (41,1)] 
                                                         0

0                                                        6
1                                                        6
2                                                        8
3                                                       15
4                                                       16
5                                                        8
6                                                        6
7                                                        6
8                                                       16
9                                                        6
10                                                      16
11                                                      15
12                                                      16
13                                                       8
14                                                       6
15                                                       6
16                                                       8
17                                                       6
18                                                       6
19                                                       1
20                                                       1
21                                                       1
22                                                       1
23                                                       1
24                                                       1
25                                                       1
26                                                       1
27                                                       1
28                                                       1
29                                                       1
30                                                       1
31                                                       1
32                                                       1
33                                                       1
34                                                       1
35                                                       1
36                                                       1
37                                                       1
38                                                       1
39                                                       1
40                                                       1
   &ATOMICCHARGES [&Type "ArrayOfDoubles", &Dim (41,1)] 
                                                         0

0                                      2.9831458785476280e-05
1                                      1.1054181557148635e-03
2                                      4.5856947735413121e-03
3                                      2.0301915781825768e-04
4                                      2.9013652445216876e-06
5                                      1.1815833053366975e-03
6                                      1.5580481291612618e-04
7                                      5.4888850382111808e-06
8                                      6.8105365061389727e-05
9                                      1.8573899472666721e-04
10                                     3.4249820639898948e-04
11                                     5.0254237642441656e-02
12                                     9.9390461449082405e-05
13                                     2.6314300487659148e-01
14                                     2.1685623126849352e-02
15                                     4.2319757595944766e-04
16                                     5.5302921231692692e-01
17                                     9.9808798453251246e-02
18                                     2.3531139416610508e-03
19                                     7.0665218181885353e-06
20                                     1.0674497735881174e-07
21                                     2.1165100355602709e-06
22                                     9.3403857721887266e-06
23                                     2.6973279559516969e-06
24                                     7.6370412610794284e-07
25                                     9.2442032818627053e-07
26                                     1.8478829119556320e-07
27                                     7.4026936479588941e-08
28                                     2.0358435880671808e-08
29                                     5.5432629504171658e-06
30                                     8.1254591766628411e-06
31                                     4.8848922210911867e-05
32                                     1.5315877983655151e-04
33                                     8.9566238082312772e-06
34                                     4.9100013424916426e-05
35                                     1.4791034693915546e-05
36                                     6.8476504019082684e-04
37                                     1.8471216668906968e-04
38                                     1.3836360388330067e-04
39                                     1.4249593648574235e-05
40                                     3.4278350972834348e-06
$End
$Mayer_Population_Analysis
   &GeometryIndex 1
   &ListStatus       OUT
   &NATOMS [&Type "Integer"] 41 "Total number of atoms"
   &BONDTHRESH [&Type "Double"]       1.0000000000000001e-01  "The threshold for printing"
   &NBONDORDERSPRINT [&Type "Integer"] 43 "The number of bond orders larger than threshold"
   &BONDORDERS [&Type "ArrayOfDoubles", &Dim (43,1)] "The bond orders"
                                                         0

0                                      1.1689389820795995e+00
1                                      9.2141879136119420e-01
2                                      9.4074716256206004e-01
3                                      9.3363692558522149e-01
4                                      9.1243413251950967e-01
5                                      9.3195912674483439e-01
6                                      9.1626654606272540e-01
7                                      1.0764271382576713e+00
8                                      1.6459589001011394e+00
9                                      1.1442964387516996e+00
10                                     9.3945667853764703e-01
11                                     1.1686649591460037e-01
12                                     1.1372847738114121e-01
13                                     8.9342624260069181e-01
14                                     1.1640798263742713e+00
15                                     9.3562973295847407e-01
16                                     9.1640628166498339e-01
17                                     9.3979205292034429e-01
18                                     9.4239016452475821e-01
19                                     9.4659886946392802e-01
20                                     1.0072436711083996e+00
21                                     1.0056302219298128e+00
22                                     8.5107228459083228e-01
23                                     8.6524345720742657e-01
24                                     9.4602358043108781e-01
25                                     1.0783313670720893e-01
26                                     1.6367196286578152e+00
27                                     1.1428924280857964e+00
28                                     1.0887754995472911e+00
29                                     8.9882585931857639e-01
30                                     1.1569224482533575e+00
31                                     9.0600553056403277e-01
32                                     9.2849887397278130e-01
33                                     9.3878034852406633e-01
34                                     9.3945259752087329e-01
35                                     9.4610765534245578e-01
36                                     9.0277453081594139e-01
37                                     1.1659274438153999e+00
38                                     9.3386747611872634e-01
39                                     9.1831821822237503e-01
40                                     9.3696448332045223e-01
41                                     9.3476131069006363e-01
42                                     9.4379086771129772e-01
   &COMPONENTS [&Type "ArrayOfIntegers", &Dim (43,4)] "The indices and atomic numbers of the bonding atoms"
                                                         0                           1                           2                           3

0                                                        0                           6                           1                           6
1                                                        0                           6                          19                           1
2                                                        0                           6                          20                           1
3                                                        0                           6                          21                           1
4                                                        1                           6                           2                           8
5                                                        1                           6                          22                           1
6                                                        1                           6                          23                           1
7                                                        2                           8                           3                          15
8                                                        3                          15                           4                          16
9                                                        3                          15                           5                           8
10                                                       3                          15                           8                          16
11                                                       4                          16                           8                          16
12                                                       4                          16                          29                           1
13                                                       5                           8                           6                           6
14                                                       6                           6                           7                           6
15                                                       6                           6                          24                           1
16                                                       6                           6                          25                           1
17                                                       7                           6                          26                           1
18                                                       7                           6                          27                           1
19                                                       7                           6                          28                           1
20                                                       8                          16                           9                           6
21                                                       9                           6                          10                          16
22                                                       9                           6                          29                           1
23                                                       9                           6                          30                           1
24                                                      10                          16                          11                          15
25                                                      10                          16                          12                          16
26                                                      11                          15                          12                          16
27                                                      11                          15                          13                           8
28                                                      11                          15                          16                           8
29                                                      13                           8                          14                           6
30                                                      14                           6                          15                           6
31                                                      14                           6                          31                           1
32                                                      14                           6                          32                           1
33                                                      15                           6                          33                           1
34                                                      15                           6                          34                           1
35                                                      15                           6                          35                           1
36                                                      16                           8                          17                           6
37                                                      17                           6                          18                           6
38                                                      17                           6                          36                           1
39                                                      17                           6                          37                           1
40                                                      18                           6                          38                           1
41                                                      18                           6                          39                           1
42                                                      18                           6                          40                           1
   &ATNO [&Type "ArrayOfIntegers", &Dim (41,1)] "Atomic number of the elements"
                                                         0

0                                                        6
1                                                        6
2                                                        8
3                                                       15
4                                                       16
5                                                        8
6                                                        6
7                                                        6
8                                                       16
9                                                        6
10                                                      16
11                                                      15
12                                                      16
13                                                       8
14                                                       6
15                                                       6
16                                                       8
17                                                       6
18                                                       6
19                                                       1
20                                                       1
21                                                       1
22                                                       1
23                                                       1
24                                                       1
25                                                       1
26                                                       1
27                                                       1
28                                                       1
29                                                       1
30                                                       1
31                                                       1
32                                                       1
33                                                       1
34                                                       1
35                                                       1
36                                                       1
37                                                       1
38                                                       1
39                                                       1
40                                                       1
   &NA [&Type "ArrayOfDoubles", &Dim (41,1)] "Mulliken gross atomic population"
                                                         0

0                                      6.3217899777880149e+00
1                                      6.0169346097434850e+00
2                                      8.3793982311412769e+00
3                                      1.4407427891526661e+01
4                                      1.6298796488213075e+01
5                                      8.3505883348841543e+00
6                                      6.0155922933031398e+00
7                                      6.2879140210528606e+00
8                                      1.6111266356042677e+01
9                                      6.3599164695592876e+00
10                                     1.6097279058267848e+01
11                                     1.4395510295713860e+01
12                                     1.6309884540608511e+01
13                                     8.3491987396108911e+00
14                                     6.0431433115903816e+00
15                                     6.2827926330833597e+00
16                                     8.3814994953542641e+00
17                                     6.0021898009696137e+00
18                                     6.3183058074688594e+00
19                                     8.6328996745722786e-01
20                                     8.7275659113623461e-01
21                                     8.9213888529425411e-01
22                                     8.9374534481438750e-01
23                                     8.8579949639753552e-01
24                                     8.8485959918007828e-01
25                                     8.9544337186390210e-01
26                                     8.8988204715344388e-01
27                                     8.7903197234330843e-01
28                                     8.7777434536852872e-01
29                                     8.0427120144757369e-01
30                                     8.0314369239197703e-01
31                                     8.8698736404098755e-01
32                                     8.7902282033864321e-01
33                                     8.7634790202664536e-01
34                                     8.9195237474387778e-01
35                                     8.7981163548945840e-01
36                                     8.9415485329530164e-01
37                                     8.8459923096863569e-01
38                                     8.8419497985574202e-01
39                                     8.6919218324137815e-01
40                                     8.8217178522850503e-01
   &ZA [&Type "ArrayOfDoubles", &Dim (41,1)] "Total nuclear charge"
                                                         0

0                                      6.0000000000000000e+00
1                                      6.0000000000000000e+00
2                                      8.0000000000000000e+00
3                                      1.5000000000000000e+01
4                                      1.6000000000000000e+01
5                                      8.0000000000000000e+00
6                                      6.0000000000000000e+00
7                                      6.0000000000000000e+00
8                                      1.6000000000000000e+01
9                                      6.0000000000000000e+00
10                                     1.6000000000000000e+01
11                                     1.5000000000000000e+01
12                                     1.6000000000000000e+01
13                                     8.0000000000000000e+00
14                                     6.0000000000000000e+00
15                                     6.0000000000000000e+00
16                                     8.0000000000000000e+00
17                                     6.0000000000000000e+00
18                                     6.0000000000000000e+00
19                                     1.0000000000000000e+00
20                                     1.0000000000000000e+00
21                                     1.0000000000000000e+00
22                                     1.0000000000000000e+00
23                                     1.0000000000000000e+00
24                                     1.0000000000000000e+00
25                                     1.0000000000000000e+00
26                                     1.0000000000000000e+00
27                                     1.0000000000000000e+00
28                                     1.0000000000000000e+00
29                                     1.0000000000000000e+00
30                                     1.0000000000000000e+00
31                                     1.0000000000000000e+00
32                                     1.0000000000000000e+00
33                                     1.0000000000000000e+00
34                                     1.0000000000000000e+00
35                                     1.0000000000000000e+00
36                                     1.0000000000000000e+00
37                                     1.0000000000000000e+00
38                                     1.0000000000000000e+00
39                                     1.0000000000000000e+00
40                                     1.0000000000000000e+00
   &QA [&Type "ArrayOfDoubles", &Dim (41,1)] "Mulliken gross atomic charge"
                                                         0

0                                     -3.2178997778801488e-01
1                                     -1.6934609743485041e-02
2                                     -3.7939823114127691e-01
3                                      5.9257210847333930e-01
4                                     -2.9879648821307470e-01
5                                     -3.5058833488415431e-01
6                                     -1.5592293303139826e-02
7                                     -2.8791402105286057e-01
8                                     -1.1126635604267676e-01
9                                     -3.5991646955928758e-01
10                                    -9.7279058267847773e-02
11                                     6.0448970428613968e-01
12                                    -3.0988454060851112e-01
13                                    -3.4919873961089110e-01
14                                    -4.3143311590381650e-02
15                                    -2.8279263308335967e-01
16                                    -3.8149949535426408e-01
17                                    -2.1898009696137422e-03
18                                    -3.1830580746885939e-01
19                                     1.3671003254277214e-01
20                                     1.2724340886376539e-01
21                                     1.0786111470574589e-01
22                                     1.0625465518561250e-01
23                                     1.1420050360246448e-01
24                                     1.1514040081992172e-01
25                                     1.0455662813609790e-01
26                                     1.1011795284655612e-01
27                                     1.2096802765669157e-01
28                                     1.2222565463147128e-01
29                                     1.9572879855242631e-01
30                                     1.9685630760802297e-01
31                                     1.1301263595901245e-01
32                                     1.2097717966135679e-01
33                                     1.2365209797335464e-01
34                                     1.0804762525612222e-01
35                                     1.2018836451054160e-01
36                                     1.0584514670469836e-01
37                                     1.1540076903136431e-01
38                                     1.1580502014425798e-01
39                                     1.3080781675862185e-01
40                                     1.1782821477149497e-01
   &VA [&Type "ArrayOfDoubles", &Dim (41,1)] "Mayer's total valence"
                                                         0

0                                      3.9843334133240549e+00
1                                      4.0105832962670247e+00
2                                      2.1735505353557998e+00
3                                      4.9591102868852808e+00
4                                      2.0549237209087132e+00
5                                      2.1676410272366735e+00
6                                      4.0235505063795243e+00
7                                      3.9886318539530512e+00
8                                      2.2783199288287963e+00
9                                      3.7798225754140269e+00
10                                     2.3069423392069086e+00
11                                     4.9556584374901753e+00
12                                     2.0435890980593614e+00
13                                     2.1786451028157030e+00
14                                     4.0049918603171273e+00
15                                     3.9753007645424878e+00
16                                     2.1772967457630434e+00
17                                     4.0010088102718813e+00
18                                     3.9878960274073125e+00
19                                     9.9480607363118267e-01
20                                     9.6463854880091304e-01
21                                     9.5322230956943710e-01
22                                     9.4610522370459005e-01
23                                     9.7470828426289213e-01
24                                     9.4794221486526720e-01
25                                     9.6029292504725527e-01
26                                     9.5415116202862427e-01
27                                     9.8027484372646045e-01
28                                     9.5777079166133894e-01
29                                     9.9613347678060116e-01
30                                     9.7787040938177017e-01
31                                     9.7308774077450355e-01
32                                     9.4655537047247107e-01
33                                     9.8128775614197750e-01
34                                     9.5501964134960748e-01
35                                     9.5932831422539855e-01
36                                     9.4740282177641211e-01
37                                     9.7881280255503300e-01
38                                     9.5461372562637470e-01
39                                     9.8164833746590041e-01
40                                     9.6162223075936226e-01
   &BVA [&Type "ArrayOfDoubles", &Dim (41,1)] "Mayer's bonded valence"
                                                         0

0                                      3.9843334133239945e+00
1                                      4.0105832962669679e+00
2                                      2.1735505353558189e+00
3                                      4.9591102868852710e+00
4                                      2.0549237209086271e+00
5                                      2.1676410272366144e+00
6                                      4.0235505063795109e+00
7                                      3.9886318539530130e+00
8                                      2.2783199288287883e+00
9                                      3.7798225754140331e+00
10                                     2.3069423392067643e+00
11                                     4.9556584374902384e+00
12                                     2.0435890980594911e+00
13                                     2.1786451028156839e+00
14                                     4.0049918603171593e+00
15                                     3.9753007645425038e+00
16                                     2.1772967457630563e+00
17                                     4.0010088102719470e+00
18                                     3.9878960274073849e+00
19                                     9.9480607363117246e-01
20                                     9.6463854880090572e-01
21                                     9.5322230956942822e-01
22                                     9.4610522370459382e-01
23                                     9.7470828426289347e-01
24                                     9.4794221486526609e-01
25                                     9.6029292504726038e-01
26                                     9.5415116202862271e-01
27                                     9.8027484372645357e-01
28                                     9.5777079166134005e-01
29                                     9.9613347678060049e-01
30                                     9.7787040938177139e-01
31                                     9.7308774077451043e-01
32                                     9.4655537047247762e-01
33                                     9.8128775614196795e-01
34                                     9.5501964134960649e-01
35                                     9.5932831422539078e-01
36                                     9.4740282177642410e-01
37                                     9.7881280255503422e-01
38                                     9.5461372562637803e-01
39                                     9.8164833746589919e-01
40                                     9.6162223075936715e-01
   &FA [&Type "ArrayOfDoubles", &Dim (41,1)] "Mayer's free valence"
                                                         0

0                                      0.0000000000000000e+00
1                                      0.0000000000000000e+00
2                                      0.0000000000000000e+00
3                                      0.0000000000000000e+00
4                                      0.0000000000000000e+00
5                                      0.0000000000000000e+00
6                                      0.0000000000000000e+00
7                                      0.0000000000000000e+00
8                                      0.0000000000000000e+00
9                                      0.0000000000000000e+00
10                                     0.0000000000000000e+00
11                                     0.0000000000000000e+00
12                                     0.0000000000000000e+00
13                                     0.0000000000000000e+00
14                                     0.0000000000000000e+00
15                                     0.0000000000000000e+00
16                                     0.0000000000000000e+00
17                                     0.0000000000000000e+00
18                                     0.0000000000000000e+00
19                                     0.0000000000000000e+00
20                                     0.0000000000000000e+00
21                                     0.0000000000000000e+00
22                                     0.0000000000000000e+00
23                                     0.0000000000000000e+00
24                                     0.0000000000000000e+00
25                                     0.0000000000000000e+00
26                                     0.0000000000000000e+00
27                                     0.0000000000000000e+00
28                                     0.0000000000000000e+00
29                                     0.0000000000000000e+00
30                                     0.0000000000000000e+00
31                                     0.0000000000000000e+00
32                                     0.0000000000000000e+00
33                                     0.0000000000000000e+00
34                                     0.0000000000000000e+00
35                                     0.0000000000000000e+00
36                                     0.0000000000000000e+00
37                                     0.0000000000000000e+00
38                                     0.0000000000000000e+00
39                                     0.0000000000000000e+00
40                                     0.0000000000000000e+00
$End
$VdW_Correction
   &GeometryIndex 1
   &ListStatus       OUT
   &VDW [&Type "Double"]      -6.3887431896338678e-02
$End
$Calculation_Info
   &GeometryIndex 1
   &ListStatus       OUT
   &MULT [&Type "Integer"] 1
   &CHARGE [&Type "Integer"] 0
   &NUMOFATOMS [&Type "Integer"] 41
   &NUMOFELECTRONS [&Type "Integer"] 202
   &NUMOFFCELECTRONS [&Type "Integer"] 1
   &NUMOFCORRELECTRONS [&Type "Integer"] 0
   &NUMOFBASISFUNCTS [&Type "Integer"] 334
   &NUMOFAUXCBASISFUNCTS [&Type "Integer"] 0
   &NUMOFAUXJBASISFUNCTS [&Type "Integer"] 1185
   &NUMOFAUXJKBASISFUNCTS [&Type "Integer"] 0
   &NUMOFCABSBASISFUNCTS [&Type "Integer"] 0
   &TOTALENERGY [&Type "Double"]      -2.9295181321034038e+03  "Hartrees"
$End
$SCF_Dipole_Moment
   &GeometryIndex 1
   &ListStatus       OUT
   &METHOD [&Type "String"] "SCF"
   &LEVEL [&Type "String"] "Relaxed density"
   &MULT [&Type "Integer"] 1
   &STATE [&Type "Integer"] -1
   &IRREP [&Type "Integer"] 0
   &NATOMS [&Type "Integer"] 41
   &DODIPOLEATOM [&Type "Boolean"] false
   &DIPOLEELECCONTRIB [&Type "ArrayOfDoubles", &Dim (3,1)] "Electronic contribution"
                                                         0

0                                      2.7127695399062519e+00
1                                     -5.8756122115672653e+00
2                                     -1.5707542674985485e+01
   &DIPOLENUCCONTRIB [&Type "ArrayOfDoubles", &Dim (3,1)] "Nuclear contribution"
                                                         0

0                                     -3.0758741457433514e+00
1                                      6.8538892162868432e+00
2                                      1.7257444219673062e+01
   &DIPOLETOTAL [&Type "ArrayOfDoubles", &Dim (3,1)] "Total"
                                                         0

0                                     -3.6310460583709947e-01
1                                      9.7827700471957790e-01
2                                      1.5499015446875770e+00
   &DIPOLEMAGNITUDE [&Type "Double", &Units "a.u."]       1.8684393624006539e+00
$End
