*************************************************
******************* ORCA 6.0.0 ******************
*************************************************
$Calculation_Status
   &GeometryIndex 1
   &ListStatus       OUT
   &VERSION [&Type "String"] "6.0.0"
   &PROGNAME [&Type "String"] "LeanSCF"
   &STATUS [&Type "String"] "NORMAL TERMINATION"
$End
$Geometry
   &GeometryIndex 1
   &ListStatus       OUT
   &NATOMS [&Type "Integer"] 41
   &NCORELESSECP [&Type "Integer"] 0
   &NGHOSTATOMS [&Type "Integer"] 0
   &CartesianCoordinates [&Type "Coordinates", &Dim(41,4), &Units "Bohr"] 
              C      8.529072165824    1.822021653195   -3.760238140249
              C      7.659583123055    0.149425030897   -1.606803506016
              O      5.560775177097    1.411426651952   -0.361578911561
              P      3.691104637471   -0.004226700933    1.472661514096
              S      1.656067041351    2.310603462360    3.502054371263
              O      5.556574473315   -1.725395065924    3.090998528933
              C      4.806428234071   -2.858305313373    5.442415577103
              C      2.942239361370   -4.993427067067    5.040814257986
              S      1.859129944316   -2.742986469434   -0.906417190077
              C      1.184540964290   -0.757344964435   -3.620796960352
              S     -0.521150489996    2.113657894854   -2.872020222833
              P     -3.908241869759    0.308372612502   -1.778406814087
              S     -4.989050700769   -2.569062539310   -3.819505953201
              O     -5.942221474167    2.502755064328   -1.838013675087
              C     -5.526453175667    5.105683818431   -1.117562700215
              C     -5.070278994100    5.412560677549    1.690809154601
              O     -3.309410729963   -0.353051328307    1.104434086792
              C     -4.431552836022   -2.474159044956    2.375305323784
              C     -7.210572828633   -2.027947495221    2.892819990524
              H      7.013877626785    2.110473519046   -5.116892827638
              H      9.107111632948    3.652827201704   -3.034667407840
              H     10.118214932576    0.930980477566   -4.702082853291
              H      9.148944386235   -0.112557783982   -0.204777511012
              H      7.030390196040   -1.704292720008   -2.269693118792
              H      6.575568642456   -3.531527524217    6.258348039666
              H      3.989265553938   -1.386951667397    6.646371912915
              H      2.520826946016   -5.882263490901    6.840018117424
              H      1.198389698485   -4.252763093916    4.233895852956
              H      3.717119827816   -6.390238850164    3.749790205014
              H      0.044960999504   -1.917919466827   -4.888609547661
              H      2.931840928834   -0.167998377114   -4.525215656950
              H     -3.931170265974    5.839775136249   -2.207370100939
              H     -7.265170984311    6.042660050822   -1.711744495403
              H     -6.623616067404    4.596244877049    2.757950616937
              H     -3.317789841970    4.491989204970    2.252975441497
              H     -4.929598869309    7.411635867878    2.129333454326
              H     -4.161944385843   -4.162045049853    1.208392132674
              H     -3.346973267405   -2.639771379020    4.121934724867
              H     -8.209165844946   -1.760403746965    1.110661002744
              H     -7.994329355360   -3.655971421587    3.863275470551
              H     -7.458158983602   -0.353418811443    4.055801154579
$End
$SCF_Energy
   &GeometryIndex 1
   &ListStatus       OUT
   &SCF_ENERGY [&Type "Double"]      -2.9296322388135436e+03
$End
$DFT_Energy
   &GeometryIndex 1
   &ListStatus       OUT
   &NALPHAEL [&Type "Integer"] 101
   &NBETAEL [&Type "Integer"] 101
   &NTOTALEL [&Type "Integer"] 202
   &EEXCHANGE [&Type "Double"]      -2.3180590549960755e+02
   &ECORR [&Type "Double"]      -7.2960355372370280e+00
   &ECNL [&Type "Double"]       0.0000000000000000e+00
   &EXC [&Type "Double"]      -2.3910194103684458e+02
   &EEMBED [&Type "Double"]       0.0000000000000000e+00
   &FINALEN [&Type "Double"]      -2.9296322388135436e+03  "No Van der Waals correction"
$End
$Mulliken_Population_Analysis
   &GeometryIndex 1
   &ListStatus       OUT
   &NATOMS [&Type "Integer"] 41
   &ATNO [&Type "ArrayOfIntegers", &Dim (41,1)] 
                                                         0

0                                                        6
1                                                        6
2                                                        8
3                                                       15
4                                                       16
5                                                        8
6                                                        6
7                                                        6
8                                                       16
9                                                        6
10                                                      16
11                                                      15
12                                                      16
13                                                       8
14                                                       6
15                                                       6
16                                                       8
17                                                       6
18                                                       6
19                                                       1
20                                                       1
21                                                       1
22                                                       1
23                                                       1
24                                                       1
25                                                       1
26                                                       1
27                                                       1
28                                                       1
29                                                       1
30                                                       1
31                                                       1
32                                                       1
33                                                       1
34                                                       1
35                                                       1
36                                                       1
37                                                       1
38                                                       1
39                                                       1
40                                                       1
   &ATOMICCHARGES [&Type "ArrayOfDoubles", &Dim (41,1)] 
                                                         0

0                                     -2.8791121653021001e-01
1                                     -2.1193555114091822e-02
2                                     -3.6857214152208684e-01
3                                      6.0408295257483857e-01
4                                     -2.9070563919431791e-01
5                                     -3.8386519469267988e-01
6                                     -1.4190722143148093e-05
7                                     -3.4786628086844562e-01
8                                     -1.0731781318212796e-01
9                                     -3.5127122037834724e-01
10                                    -1.0086834518707022e-01
11                                     6.3248646441446787e-01
12                                    -3.2793931172788504e-01
13                                    -3.7027573624555465e-01
14                                    -2.5621454924297460e-02
15                                    -3.3261111725250014e-01
16                                    -3.6450280773805765e-01
17                                    -2.4844863065043299e-02
18                                    -3.0553791625904658e-01
19                                     1.2380137394071755e-01
20                                     1.2575753207818441e-01
21                                     1.1481999727542413e-01
22                                     1.1346510259782261e-01
23                                     1.0637043601634877e-01
24                                     1.0527650977539560e-01
25                                     1.1060719615243586e-01
26                                     1.1684275155875301e-01
27                                     1.5133413429578990e-01
28                                     1.2169586529311793e-01
29                                     1.9299301262453050e-01
30                                     1.8916462706282011e-01
31                                     1.2189984275597165e-01
32                                     1.1263387612039799e-01
33                                     1.1973367053512973e-01
34                                     1.5949810381606189e-01
35                                     1.1100757133033690e-01
36                                     1.1075540585515731e-01
37                                     1.1476512192304544e-01
38                                     1.2688464595008120e-01
39                                     1.0843224328496126e-01
40                                     1.1661036737203334e-01
$End
$Loewdin_Population_Analysis
   &GeometryIndex 1
   &ListStatus       OUT
   &NATOMS [&Type "Integer"] 41
   &ATNO [&Type "ArrayOfIntegers", &Dim (41,1)] 
                                                         0

0                                                        6
1                                                        6
2                                                        8
3                                                       15
4                                                       16
5                                                        8
6                                                        6
7                                                        6
8                                                       16
9                                                        6
10                                                      16
11                                                      15
12                                                      16
13                                                       8
14                                                       6
15                                                       6
16                                                       8
17                                                       6
18                                                       6
19                                                       1
20                                                       1
21                                                       1
22                                                       1
23                                                       1
24                                                       1
25                                                       1
26                                                       1
27                                                       1
28                                                       1
29                                                       1
30                                                       1
31                                                       1
32                                                       1
33                                                       1
34                                                       1
35                                                       1
36                                                       1
37                                                       1
38                                                       1
39                                                       1
40                                                       1
   &ATOMICCHARGES [&Type "ArrayOfDoubles", &Dim (41,1)] 
                                                         0

0                                      4.0178070675160361e-03
1                                      3.4164041587019696e-02
2                                      3.4082111416671346e-01
3                                      5.5385796851263880e-02
4                                      8.5959135184214159e-05
5                                      4.7803870975989948e-01
6                                      8.3027221338606766e-02
7                                      1.7770810760098642e-03
8                                      9.5819991093849797e-05
9                                      1.4296810721972126e-04
10                                     2.5312060761363623e-04
11                                     1.5025051170079300e-04
12                                     3.9763757429447433e-06
13                                     1.4798625646417034e-04
14                                     5.1426401677067306e-06
15                                     4.6933321001131056e-06
16                                     8.2069381396874651e-04
17                                     3.7861942586640768e-05
18                                     2.2896067047715571e-06
19                                     2.7037669382930272e-06
20                                     7.5777799913277895e-06
21                                     4.8619576499150748e-05
22                                     9.5429691023808742e-06
23                                     1.8571581191641677e-05
24                                     5.9564493242213613e-04
25                                     1.3155529547077875e-04
26                                     1.1484666425459154e-04
27                                     4.0943307560101706e-05
28                                     3.6726639706440508e-06
29                                     1.6575329720405441e-05
30                                     1.7658141400956901e-05
31                                     1.4756545436162995e-08
32                                     2.3295580729680582e-07
33                                     3.0755405565153659e-07
34                                     4.6658867341069202e-06
35                                     1.5217451606868926e-08
36                                     1.9315724929676848e-06
37                                     1.9534373200455239e-06
38                                     4.4212911791278567e-08
39                                     2.7613430049242939e-07
40                                     1.1209628168309507e-07
$End
$Mayer_Population_Analysis
   &GeometryIndex 1
   &ListStatus       OUT
   &NATOMS [&Type "Integer"] 41 "Total number of atoms"
   &BONDTHRESH [&Type "Double"]       1.0000000000000001e-01  "The threshold for printing"
   &NBONDORDERSPRINT [&Type "Integer"] 41 "The number of bond orders larger than threshold"
   &BONDORDERS [&Type "ArrayOfDoubles", &Dim (41,1)] "The bond orders"
                                                         0

0                                      1.1585241201731895e+00
1                                      9.4738660514547790e-01
2                                      9.4603567022163715e-01
3                                      9.4000202344471673e-01
4                                      8.8661916564282839e-01
5                                      9.2939891995703028e-01
6                                      9.1213316033129155e-01
7                                      1.1170818850521740e+00
8                                      1.6789459305321905e+00
9                                      1.0697807184164498e+00
10                                     9.3800960246799303e-01
11                                     1.0943329696617538e-01
12                                     9.1285978180840732e-01
13                                     1.1625189871645174e+00
14                                     9.3272390201570110e-01
15                                     9.1199367566728162e-01
16                                     9.3828422760434371e-01
17                                     9.2404536272203297e-01
18                                     9.4253626694644199e-01
19                                     9.9625839966548435e-01
20                                     1.0231362981801118e+00
21                                     8.7525728158211691e-01
22                                     8.9417803628719283e-01
23                                     9.5161591840696147e-01
24                                     1.6175450800723505e+00
25                                     1.1276919815358457e+00
26                                     1.0958403986444831e+00
27                                     9.0580132640214495e-01
28                                     1.1640535348393040e+00
29                                     9.1778941253569912e-01
30                                     9.3480566062030512e-01
31                                     9.4133287094106310e-01
32                                     9.2477991907877743e-01
33                                     9.3521721908393962e-01
34                                     9.0777918654897782e-01
35                                     1.1614868348842957e+00
36                                     9.1286145221275894e-01
37                                     9.1958978588469009e-01
38                                     9.3340419784014517e-01
39                                     9.3961787893494575e-01
40                                     9.4248152292019993e-01
   &COMPONENTS [&Type "ArrayOfIntegers", &Dim (41,4)] "The indices and atomic numbers of the bonding atoms"
                                                         0                           1                           2                           3

0                                                        0                           6                           1                           6
1                                                        0                           6                          19                           1
2                                                        0                           6                          20                           1
3                                                        0                           6                          21                           1
4                                                        1                           6                           2                           8
5                                                        1                           6                          22                           1
6                                                        1                           6                          23                           1
7                                                        2                           8                           3                          15
8                                                        3                          15                           4                          16
9                                                        3                          15                           5                           8
10                                                       3                          15                           8                          16
11                                                       4                          16                           8                          16
12                                                       5                           8                           6                           6
13                                                       6                           6                           7                           6
14                                                       6                           6                          24                           1
15                                                       6                           6                          25                           1
16                                                       7                           6                          26                           1
17                                                       7                           6                          27                           1
18                                                       7                           6                          28                           1
19                                                       8                          16                           9                           6
20                                                       9                           6                          10                          16
21                                                       9                           6                          29                           1
22                                                       9                           6                          30                           1
23                                                      10                          16                          11                          15
24                                                      11                          15                          12                          16
25                                                      11                          15                          13                           8
26                                                      11                          15                          16                           8
27                                                      13                           8                          14                           6
28                                                      14                           6                          15                           6
29                                                      14                           6                          31                           1
30                                                      14                           6                          32                           1
31                                                      15                           6                          33                           1
32                                                      15                           6                          34                           1
33                                                      15                           6                          35                           1
34                                                      16                           8                          17                           6
35                                                      17                           6                          18                           6
36                                                      17                           6                          36                           1
37                                                      17                           6                          37                           1
38                                                      18                           6                          38                           1
39                                                      18                           6                          39                           1
40                                                      18                           6                          40                           1
   &ATNO [&Type "ArrayOfIntegers", &Dim (41,1)] "Atomic number of the elements"
                                                         0

0                                                        6
1                                                        6
2                                                        8
3                                                       15
4                                                       16
5                                                        8
6                                                        6
7                                                        6
8                                                       16
9                                                        6
10                                                      16
11                                                      15
12                                                      16
13                                                       8
14                                                       6
15                                                       6
16                                                       8
17                                                       6
18                                                       6
19                                                       1
20                                                       1
21                                                       1
22                                                       1
23                                                       1
24                                                       1
25                                                       1
26                                                       1
27                                                       1
28                                                       1
29                                                       1
30                                                       1
31                                                       1
32                                                       1
33                                                       1
34                                                       1
35                                                       1
36                                                       1
37                                                       1
38                                                       1
39                                                       1
40                                                       1
   &NA [&Type "ArrayOfDoubles", &Dim (41,1)] "Mulliken gross atomic population"
                                                         0

0                                      6.2879112165302082e+00
1                                      6.0211935551140794e+00
2                                      8.3685721415220957e+00
3                                      1.4395917047425177e+01
4                                      1.6290705639194275e+01
5                                      8.3838651946926959e+00
6                                      6.0000141907221396e+00
7                                      6.3478662808684412e+00
8                                      1.6107317813182220e+01
9                                      6.3512712203783463e+00
10                                     1.6100868345187084e+01
11                                     1.4367513535585500e+01
12                                     1.6327939311727871e+01
13                                     8.3702757362455262e+00
14                                     6.0256214549243108e+00
15                                     6.3326111172525099e+00
16                                     8.3645028077380328e+00
17                                     6.0248448630650504e+00
18                                     6.3055379162590377e+00
19                                     8.7619862605928256e-01
20                                     8.7424246792181581e-01
21                                     8.8518000272457542e-01
22                                     8.8653489740217672e-01
23                                     8.9362956398365145e-01
24                                     8.9472349022460396e-01
25                                     8.8939280384756425e-01
26                                     8.8315724844124577e-01
27                                     8.4866586570420843e-01
28                                     8.7830413470688284e-01
29                                     8.0700698737546994e-01
30                                     8.1083537293718067e-01
31                                     8.7810015724402879e-01
32                                     8.8736612387960323e-01
33                                     8.8026632946486982e-01
34                                     8.4050189618393800e-01
35                                     8.8899242866966344e-01
36                                     8.8924459414484358e-01
37                                     8.8523487807695511e-01
38                                     8.7311535404991991e-01
39                                     8.9156775671503874e-01
40                                     8.8338963262796644e-01
   &ZA [&Type "ArrayOfDoubles", &Dim (41,1)] "Total nuclear charge"
                                                         0

0                                      6.0000000000000000e+00
1                                      6.0000000000000000e+00
2                                      8.0000000000000000e+00
3                                      1.5000000000000000e+01
4                                      1.6000000000000000e+01
5                                      8.0000000000000000e+00
6                                      6.0000000000000000e+00
7                                      6.0000000000000000e+00
8                                      1.6000000000000000e+01
9                                      6.0000000000000000e+00
10                                     1.6000000000000000e+01
11                                     1.5000000000000000e+01
12                                     1.6000000000000000e+01
13                                     8.0000000000000000e+00
14                                     6.0000000000000000e+00
15                                     6.0000000000000000e+00
16                                     8.0000000000000000e+00
17                                     6.0000000000000000e+00
18                                     6.0000000000000000e+00
19                                     1.0000000000000000e+00
20                                     1.0000000000000000e+00
21                                     1.0000000000000000e+00
22                                     1.0000000000000000e+00
23                                     1.0000000000000000e+00
24                                     1.0000000000000000e+00
25                                     1.0000000000000000e+00
26                                     1.0000000000000000e+00
27                                     1.0000000000000000e+00
28                                     1.0000000000000000e+00
29                                     1.0000000000000000e+00
30                                     1.0000000000000000e+00
31                                     1.0000000000000000e+00
32                                     1.0000000000000000e+00
33                                     1.0000000000000000e+00
34                                     1.0000000000000000e+00
35                                     1.0000000000000000e+00
36                                     1.0000000000000000e+00
37                                     1.0000000000000000e+00
38                                     1.0000000000000000e+00
39                                     1.0000000000000000e+00
40                                     1.0000000000000000e+00
   &QA [&Type "ArrayOfDoubles", &Dim (41,1)] "Mulliken gross atomic charge"
                                                         0

0                                     -2.8791121653020824e-01
1                                     -2.1193555114079388e-02
2                                     -3.6857214152209572e-01
3                                      6.0408295257482258e-01
4                                     -2.9070563919427528e-01
5                                     -3.8386519469269587e-01
6                                     -1.4190722139595380e-05
7                                     -3.4786628086844118e-01
8                                     -1.0731781318222033e-01
9                                     -3.5127122037834635e-01
10                                    -1.0086834518708443e-01
11                                     6.3248646441449985e-01
12                                    -3.2793931172787083e-01
13                                    -3.7027573624552623e-01
14                                    -2.5621454924310783e-02
15                                    -3.3261111725250991e-01
16                                    -3.6450280773803279e-01
17                                    -2.4844863065050404e-02
18                                    -3.0553791625903770e-01
19                                     1.2380137394071744e-01
20                                     1.2575753207818419e-01
21                                     1.1481999727542458e-01
22                                     1.1346510259782328e-01
23                                     1.0637043601634855e-01
24                                     1.0527650977539604e-01
25                                     1.1060719615243575e-01
26                                     1.1684275155875423e-01
27                                     1.5133413429579157e-01
28                                     1.2169586529311716e-01
29                                     1.9299301262453006e-01
30                                     1.8916462706281933e-01
31                                     1.2189984275597121e-01
32                                     1.1263387612039677e-01
33                                     1.1973367053513018e-01
34                                     1.5949810381606200e-01
35                                     1.1100757133033656e-01
36                                     1.1075540585515642e-01
37                                     1.1476512192304489e-01
38                                     1.2688464595008009e-01
39                                     1.0843224328496126e-01
40                                     1.1661036737203356e-01
   &VA [&Type "ArrayOfDoubles", &Dim (41,1)] "Mayer's total valence"
                                                         0

0                                      3.9977404946432049e+00
1                                      3.9826632474532517e+00
2                                      2.1496071047479619e+00
3                                      4.9566141915319069e+00
4                                      2.0716965368595868e+00
5                                      2.1596067925513225e+00
6                                      3.9970210214482491e+00
7                                      3.9851519056365539e+00
8                                      2.2848673366587136e+00
9                                      3.8500626384598631e+00
10                                     2.2950260742029203e+00
11                                     4.9428047175355010e+00
12                                     2.0303095307297223e+00
13                                     2.1781926345176559e+00
14                                     4.0166775056250330e+00
15                                     3.9886653297301877e+00
16                                     2.1868567108188919e+00
17                                     4.0006843105748597e+00
18                                     3.9876316722640257e+00
19                                     9.6492865522442273e-01
20                                     9.5758143454203215e-01
21                                     9.5397125815787487e-01
22                                     9.5679333921758880e-01
23                                     9.7634118320297580e-01
24                                     9.4921597988587647e-01
25                                     9.9037918493018451e-01
26                                     9.5520340239281232e-01
27                                     9.7385656736591353e-01
28                                     9.5833662676675668e-01
29                                     9.7622079707610687e-01
30                                     9.3929604142102008e-01
31                                     9.4992578441314379e-01
32                                     9.4744935603509639e-01
33                                     9.6119238486034864e-01
34                                     9.8359651218656508e-01
35                                     9.5332411284097174e-01
36                                     9.8687530561461356e-01
37                                     9.5142717510206876e-01
38                                     9.8369836542019062e-01
39                                     9.5568761290172111e-01
40                                     9.5984930222060139e-01
   &BVA [&Type "ArrayOfDoubles", &Dim (41,1)] "Mayer's bonded valence"
                                                         0

0                                      3.9977404946432169e+00
1                                      3.9826632474533099e+00
2                                      2.1496071047479672e+00
3                                      4.9566141915318109e+00
4                                      2.0716965368596054e+00
5                                      2.1596067925512186e+00
6                                      3.9970210214482793e+00
7                                      3.9851519056365650e+00
8                                      2.2848673366584982e+00
9                                      3.8500626384598879e+00
10                                     2.2950260742029736e+00
11                                     4.9428047175355836e+00
12                                     2.0303095307298564e+00
13                                     2.1781926345177451e+00
14                                     4.0166775056250605e+00
15                                     3.9886653297301442e+00
16                                     2.1868567108189452e+00
17                                     4.0006843105748535e+00
18                                     3.9876316722640386e+00
19                                     9.6492865522442528e-01
20                                     9.5758143454203382e-01
21                                     9.5397125815787365e-01
22                                     9.5679333921759746e-01
23                                     9.7634118320297436e-01
24                                     9.4921597988588002e-01
25                                     9.9037918493019250e-01
26                                     9.5520340239281898e-01
27                                     9.7385656736591109e-01
28                                     9.5833662676675524e-01
29                                     9.7622079707611098e-01
30                                     9.3929604142101286e-01
31                                     9.4992578441314024e-01
32                                     9.4744935603509939e-01
33                                     9.6119238486035008e-01
34                                     9.8359651218656430e-01
35                                     9.5332411284097296e-01
36                                     9.8687530561460712e-01
37                                     9.5142717510206964e-01
38                                     9.8369836542019073e-01
39                                     9.5568761290171389e-01
40                                     9.5984930222060794e-01
   &FA [&Type "ArrayOfDoubles", &Dim (41,1)] "Mayer's free valence"
                                                         0

0                                      0.0000000000000000e+00
1                                      0.0000000000000000e+00
2                                      0.0000000000000000e+00
3                                      0.0000000000000000e+00
4                                      0.0000000000000000e+00
5                                      0.0000000000000000e+00
6                                      0.0000000000000000e+00
7                                      0.0000000000000000e+00
8                                      0.0000000000000000e+00
9                                      0.0000000000000000e+00
10                                     0.0000000000000000e+00
11                                     0.0000000000000000e+00
12                                     0.0000000000000000e+00
13                                     0.0000000000000000e+00
14                                     0.0000000000000000e+00
15                                     0.0000000000000000e+00
16                                     0.0000000000000000e+00
17                                     0.0000000000000000e+00
18                                     0.0000000000000000e+00
19                                     0.0000000000000000e+00
20                                     0.0000000000000000e+00
21                                     0.0000000000000000e+00
22                                     0.0000000000000000e+00
23                                     0.0000000000000000e+00
24                                     0.0000000000000000e+00
25                                     0.0000000000000000e+00
26                                     0.0000000000000000e+00
27                                     0.0000000000000000e+00
28                                     0.0000000000000000e+00
29                                     0.0000000000000000e+00
30                                     0.0000000000000000e+00
31                                     0.0000000000000000e+00
32                                     0.0000000000000000e+00
33                                     0.0000000000000000e+00
34                                     0.0000000000000000e+00
35                                     0.0000000000000000e+00
36                                     0.0000000000000000e+00
37                                     0.0000000000000000e+00
38                                     0.0000000000000000e+00
39                                     0.0000000000000000e+00
40                                     0.0000000000000000e+00
$End
$VdW_Correction
   &GeometryIndex 1
   &ListStatus       OUT
   &VDW [&Type "Double"]      -6.7770247552773735e-02
$End
$Calculation_Info
   &GeometryIndex 1
   &ListStatus       OUT
   &MULT [&Type "Integer"] 1
   &CHARGE [&Type "Integer"] 0
   &NUMOFATOMS [&Type "Integer"] 41
   &NUMOFELECTRONS [&Type "Integer"] 202
   &NUMOFFCELECTRONS [&Type "Integer"] 1
   &NUMOFCORRELECTRONS [&Type "Integer"] 0
   &NUMOFBASISFUNCTS [&Type "Integer"] 334
   &NUMOFAUXCBASISFUNCTS [&Type "Integer"] 0
   &NUMOFAUXJBASISFUNCTS [&Type "Integer"] 1185
   &NUMOFAUXJKBASISFUNCTS [&Type "Integer"] 0
   &NUMOFCABSBASISFUNCTS [&Type "Integer"] 0
   &TOTALENERGY [&Type "Double"]      -2.9295142592625962e+03  "Hartrees"
$End
$SCF_Dipole_Moment
   &GeometryIndex 1
   &ListStatus       OUT
   &METHOD [&Type "String"] "SCF"
   &LEVEL [&Type "String"] "Relaxed density"
   &MULT [&Type "Integer"] 1
   &STATE [&Type "Integer"] -1
   &IRREP [&Type "Integer"] 0
   &NATOMS [&Type "Integer"] 41
   &DODIPOLEATOM [&Type "Boolean"] false
   &DIPOLEELECCONTRIB [&Type "ArrayOfDoubles", &Dim (3,1)] "Electronic contribution"
                                                         0

0                                     -2.0299226340994148e+00
1                                      1.4341858010131998e+00
2                                     -9.8888436514598581e+00
   &DIPOLENUCCONTRIB [&Type "ArrayOfDoubles", &Dim (3,1)] "Nuclear contribution"
                                                         0

0                                      3.2053393015399587e+00
1                                     -1.5265277004022040e+00
2                                      1.0433966762907717e+01
   &DIPOLETOTAL [&Type "ArrayOfDoubles", &Dim (3,1)] "Total"
                                                         0

0                                      1.1754166674405440e+00
1                                     -9.2341899389004167e-02
2                                      5.4512311144785919e-01
   &DIPOLEMAGNITUDE [&Type "Double", &Units "a.u."]       1.2989574954995251e+00
$End
