*************************************************
******************* ORCA 6.0.0 ******************
*************************************************
$Calculation_Status
   &GeometryIndex 1
   &ListStatus       OUT
   &VERSION [&Type "String"] "6.0.0"
   &PROGNAME [&Type "String"] "LeanSCF"
   &STATUS [&Type "String"] "NORMAL TERMINATION"
$End
$Geometry
   &GeometryIndex 1
   &ListStatus       OUT
   &NATOMS [&Type "Integer"] 41
   &NCORELESSECP [&Type "Integer"] 0
   &NGHOSTATOMS [&Type "Integer"] 0
   &CartesianCoordinates [&Type "Coordinates", &Dim(41,4), &Units "Bohr"] 
              C      2.329696373471    0.962328379062    5.400199622694
              C      5.137369730706    0.562482292569    5.007828323546
              O      5.902467908688    1.143500888944    2.466075396165
              P      5.149543392381   -0.583473933225    0.124111484527
              S      5.207037869322   -4.233664747953    0.798574639595
              O      7.023454345171    0.399773522143   -1.989079264546
              C      9.522209537685   -0.642258386169   -2.321131015158
              C     11.245926134684   -0.049587650580   -0.114689743149
              S      1.786614434770    0.982436650418   -1.397400143282
              C     -0.162567971845   -1.850183794282   -1.504208690237
              S     -2.650362752405   -1.839064258883    0.829970811878
              P     -5.041929747638    0.728844889671   -1.158939530049
              S     -5.345811782763    0.148457773630   -4.794485575164
              O     -3.925153386845    3.427741349684   -0.582800477728
              C     -3.480459886806    4.407992077160    1.934147543671
              C     -5.689632039468    6.001032891990    2.814813933286
              O     -7.603224490574    0.698110151771    0.407285029324
              C     -9.597868468138   -1.087964988609   -0.076190027967
              C     -8.819408279115   -3.778663378046    0.513161927688
              H      1.258375176322   -0.414950479832    4.305161123471
              H      1.878466909211    0.716922301168    7.385507702524
              H      1.794904557684    2.855062151965    4.806989400341
              H      5.656853907629   -1.397921845456    5.417409712730
              H      6.258007159527    1.845060629570    6.169048007353
              H      9.345564019447   -2.686919259368   -2.582325495064
              H     10.186243094476    0.230669261233   -4.066517659393
              H     10.599020455016   -1.037947424388    1.570389691706
              H     13.150815275579   -0.668033302938   -0.559183351926
              H     11.250220645982    1.970031240667    0.258202331765
              H      1.018711838198   -3.500297891609   -1.128710952837
              H     -1.021985527754   -1.950812989124   -3.374575008128
              H     -3.142874894297    2.825287455034    3.219556842732
              H     -1.763324255211    5.535054113554    1.738046666928
              H     -7.375346076862    4.842418226840    2.992734156839
              H     -5.236364700781    6.824397957730    4.638145141936
              H     -6.056482934509    7.503145847410    1.463892199720
              H    -11.129967552308   -0.454261315169    1.148991146375
              H    -10.161834493544   -0.911295033188   -2.057669274529
              H    -10.457612370680   -5.003626113464    0.365278707526
              H     -7.394710977767   -4.411740140699   -0.829901526770
              H     -8.042260634527   -3.901817739719    2.410847730193
$End
$SCF_Energy
   &GeometryIndex 1
   &ListStatus       OUT
   &SCF_ENERGY [&Type "Double"]      -2.9296434420068281e+03
$End
$DFT_Energy
   &GeometryIndex 1
   &ListStatus       OUT
   &NALPHAEL [&Type "Integer"] 101
   &NBETAEL [&Type "Integer"] 101
   &NTOTALEL [&Type "Integer"] 202
   &EEXCHANGE [&Type "Double"]      -2.3180679392223703e+02
   &ECORR [&Type "Double"]      -7.2932904102116725e+00
   &ECNL [&Type "Double"]       0.0000000000000000e+00
   &EXC [&Type "Double"]      -2.3910008433244872e+02
   &EEMBED [&Type "Double"]       0.0000000000000000e+00
   &FINALEN [&Type "Double"]      -2.9296434420068281e+03  "No Van der Waals correction"
$End
$Mulliken_Population_Analysis
   &GeometryIndex 1
   &ListStatus       OUT
   &NATOMS [&Type "Integer"] 41
   &ATNO [&Type "ArrayOfIntegers", &Dim (41,1)] 
                                                         0

0                                                        6
1                                                        6
2                                                        8
3                                                       15
4                                                       16
5                                                        8
6                                                        6
7                                                        6
8                                                       16
9                                                        6
10                                                      16
11                                                      15
12                                                      16
13                                                       8
14                                                       6
15                                                       6
16                                                       8
17                                                       6
18                                                       6
19                                                       1
20                                                       1
21                                                       1
22                                                       1
23                                                       1
24                                                       1
25                                                       1
26                                                       1
27                                                       1
28                                                       1
29                                                       1
30                                                       1
31                                                       1
32                                                       1
33                                                       1
34                                                       1
35                                                       1
36                                                       1
37                                                       1
38                                                       1
39                                                       1
40                                                       1
   &ATOMICCHARGES [&Type "ArrayOfDoubles", &Dim (41,1)] 
                                                         0

0                                     -3.3327544394347974e-01
1                                      4.7129663468048477e-04
2                                     -3.7105709688402655e-01
3                                      6.1412338657001975e-01
4                                     -3.3405336959669896e-01
5                                     -3.6614141104620934e-01
6                                     -2.1041982121108305e-03
7                                     -3.0924260929950442e-01
8                                     -6.9215701321361678e-02
9                                     -3.7154754000593737e-01
10                                    -9.7982633153325338e-02
11                                     5.9845076076414827e-01
12                                    -3.0784549421065677e-01
13                                    -3.5013267230330136e-01
14                                    -2.9166963562420101e-02
15                                    -2.8594970901801986e-01
16                                    -3.8165198090815977e-01
17                                    -6.5155488273660467e-04
18                                    -3.2163958336933440e-01
19                                     1.3442718839333379e-01
20                                     1.1122172262480201e-01
21                                     1.1936203567486237e-01
22                                     1.1102676219209229e-01
23                                     1.0466857714839051e-01
24                                     1.1309128297143167e-01
25                                     1.0918090627132271e-01
26                                     1.2239386742419445e-01
27                                     1.1305994026828492e-01
28                                     1.1925342795303040e-01
29                                     1.9638494228198899e-01
30                                     1.9684394732982102e-01
31                                     1.1289384294962157e-01
32                                     1.1729937902070264e-01
33                                     1.2059559271858378e-01
34                                     1.0849408129055471e-01
35                                     1.2060096899128792e-01
36                                     1.0579873364188996e-01
37                                     1.1521216592346561e-01
38                                     1.1612656522120357e-01
39                                     1.3270015101425203e-01
40                                     1.1797643644316780e-01
$End
$Loewdin_Population_Analysis
   &GeometryIndex 1
   &ListStatus       OUT
   &NATOMS [&Type "Integer"] 41
   &ATNO [&Type "ArrayOfIntegers", &Dim (41,1)] 
                                                         0

0                                                        6
1                                                        6
2                                                        8
3                                                       15
4                                                       16
5                                                        8
6                                                        6
7                                                        6
8                                                       16
9                                                        6
10                                                      16
11                                                      15
12                                                      16
13                                                       8
14                                                       6
15                                                       6
16                                                       8
17                                                       6
18                                                       6
19                                                       1
20                                                       1
21                                                       1
22                                                       1
23                                                       1
24                                                       1
25                                                       1
26                                                       1
27                                                       1
28                                                       1
29                                                       1
30                                                       1
31                                                       1
32                                                       1
33                                                       1
34                                                       1
35                                                       1
36                                                       1
37                                                       1
38                                                       1
39                                                       1
40                                                       1
   &ATOMICCHARGES [&Type "ArrayOfDoubles", &Dim (41,1)] 
                                                         0

0                                      1.5077983005634573e-04
1                                      3.4846847274608672e-03
2                                      1.6893782661172765e-02
3                                      1.3005997331118147e-03
4                                      2.0789562289623361e-06
5                                      7.9896835862245646e-03
6                                      8.3814597407231379e-04
7                                      3.7073111671849789e-05
8                                      8.1887817302982044e-05
9                                      2.3080572189889461e-04
10                                     2.9701223433948644e-04
11                                     5.0120831129774224e-02
12                                     8.4053514168101721e-05
13                                     3.1039204695220501e-01
14                                     3.2138945088503686e-02
15                                     5.6929138702689402e-04
16                                     4.8582670679456197e-01
17                                     8.6193766381705950e-02
18                                     2.0341110823995008e-03
19                                     1.5288168099640863e-05
20                                     7.3626993372980890e-06
21                                     1.5707543836049450e-05
22                                     5.9435857575401030e-06
23                                     1.9477862708464823e-05
24                                     1.0788028924931462e-06
25                                     7.0314531746403672e-06
26                                     2.8234347081925480e-06
27                                     4.3645375878560348e-06
28                                     1.1094650135327019e-06
29                                     5.1170581609286661e-06
30                                     8.9700226197638624e-06
31                                     7.4111814828016105e-05
32                                     2.0327202786322112e-04
33                                     4.3252872351445007e-06
34                                     5.5226864744643110e-05
35                                     1.1115183056689008e-05
36                                     6.0389137773759940e-04
37                                     1.4827973545157585e-04
38                                     1.2297885224713589e-04
39                                     1.2816823551116412e-05
40                                     3.4207155011096030e-06
$End
$Mayer_Population_Analysis
   &GeometryIndex 1
   &ListStatus       OUT
   &NATOMS [&Type "Integer"] 41 "Total number of atoms"
   &BONDTHRESH [&Type "Double"]       1.0000000000000001e-01  "The threshold for printing"
   &NBONDORDERSPRINT [&Type "Integer"] 43 "The number of bond orders larger than threshold"
   &BONDORDERS [&Type "ArrayOfDoubles", &Dim (43,1)] "The bond orders"
                                                         0

0                                      1.1625939275085291e+00
1                                      9.2746338172778386e-01
2                                      9.3749958094233621e-01
3                                      9.4062553824852102e-01
4                                      9.1366652911855761e-01
5                                      9.1482390492285748e-01
6                                      9.3291726688021404e-01
7                                      1.1008146284174063e+00
8                                      1.5820454118642748e+00
9                                      1.1401454102857611e+00
10                                     9.6468098319144224e-01
11                                     1.1665926491554533e-01
12                                     1.0871651627818481e-01
13                                     9.0940645607303516e-01
14                                     1.1628359649791897e+00
15                                     9.1996537164013759e-01
16                                     9.3530710060133893e-01
17                                     9.3858712415070955e-01
18                                     9.3803293189453718e-01
19                                     9.4568452849137319e-01
20                                     1.0068525299125697e+00
21                                     1.0046388091897811e+00
22                                     8.5330828121187630e-01
23                                     8.6594415479512010e-01
24                                     9.4943929171059482e-01
25                                     1.0728821197612065e-01
26                                     1.6401559043761851e+00
27                                     1.1444300410611139e+00
28                                     1.0871851642468682e+00
29                                     8.9115193373293389e-01
30                                     1.1600542974409445e+00
31                                     9.0760724354648270e-01
32                                     9.3132548458885822e-01
33                                     9.4147508176507588e-01
34                                     9.4006467182171716e-01
35                                     9.4675739438450313e-01
36                                     9.0301823736283382e-01
37                                     1.1661867788231322e+00
38                                     9.3397005083656182e-01
39                                     9.1899741655502831e-01
40                                     9.3678073219534752e-01
41                                     9.3396484878437647e-01
42                                     9.4353086025130883e-01
   &COMPONENTS [&Type "ArrayOfIntegers", &Dim (43,4)] "The indices and atomic numbers of the bonding atoms"
                                                         0                           1                           2                           3

0                                                        0                           6                           1                           6
1                                                        0                           6                          19                           1
2                                                        0                           6                          20                           1
3                                                        0                           6                          21                           1
4                                                        1                           6                           2                           8
5                                                        1                           6                          22                           1
6                                                        1                           6                          23                           1
7                                                        2                           8                           3                          15
8                                                        3                          15                           4                          16
9                                                        3                          15                           5                           8
10                                                       3                          15                           8                          16
11                                                       4                          16                           8                          16
12                                                       4                          16                          29                           1
13                                                       5                           8                           6                           6
14                                                       6                           6                           7                           6
15                                                       6                           6                          24                           1
16                                                       6                           6                          25                           1
17                                                       7                           6                          26                           1
18                                                       7                           6                          27                           1
19                                                       7                           6                          28                           1
20                                                       8                          16                           9                           6
21                                                       9                           6                          10                          16
22                                                       9                           6                          29                           1
23                                                       9                           6                          30                           1
24                                                      10                          16                          11                          15
25                                                      10                          16                          12                          16
26                                                      11                          15                          12                          16
27                                                      11                          15                          13                           8
28                                                      11                          15                          16                           8
29                                                      13                           8                          14                           6
30                                                      14                           6                          15                           6
31                                                      14                           6                          31                           1
32                                                      14                           6                          32                           1
33                                                      15                           6                          33                           1
34                                                      15                           6                          34                           1
35                                                      15                           6                          35                           1
36                                                      16                           8                          17                           6
37                                                      17                           6                          18                           6
38                                                      17                           6                          36                           1
39                                                      17                           6                          37                           1
40                                                      18                           6                          38                           1
41                                                      18                           6                          39                           1
42                                                      18                           6                          40                           1
   &ATNO [&Type "ArrayOfIntegers", &Dim (41,1)] "Atomic number of the elements"
                                                         0

0                                                        6
1                                                        6
2                                                        8
3                                                       15
4                                                       16
5                                                        8
6                                                        6
7                                                        6
8                                                       16
9                                                        6
10                                                      16
11                                                      15
12                                                      16
13                                                       8
14                                                       6
15                                                       6
16                                                       8
17                                                       6
18                                                       6
19                                                       1
20                                                       1
21                                                       1
22                                                       1
23                                                       1
24                                                       1
25                                                       1
26                                                       1
27                                                       1
28                                                       1
29                                                       1
30                                                       1
31                                                       1
32                                                       1
33                                                       1
34                                                       1
35                                                       1
36                                                       1
37                                                       1
38                                                       1
39                                                       1
40                                                       1
   &NA [&Type "ArrayOfDoubles", &Dim (41,1)] "Mulliken gross atomic population"
                                                         0

0                                      6.3332754439434922e+00
1                                      5.9995287033653169e+00
2                                      8.3710570968840408e+00
3                                      1.4385876613429998e+01
4                                      1.6334053369596688e+01
5                                      8.3661414110462058e+00
6                                      6.0021041982121055e+00
7                                      6.3092426092995062e+00
8                                      1.6069215701321362e+01
9                                      6.3715475400059569e+00
10                                     1.6097982633153332e+01
11                                     1.4401549239235869e+01
12                                     1.6307845494210632e+01
13                                     8.3501326723033014e+00
14                                     6.0291669635624148e+00
15                                     6.2859497090180154e+00
16                                     8.3816519809081793e+00
17                                     6.0006515548827313e+00
18                                     6.3216395833693442e+00
19                                     8.6557281160666633e-01
20                                     8.8877827737519743e-01
21                                     8.8063796432513763e-01
22                                     8.8897323780790705e-01
23                                     8.9533142285160827e-01
24                                     8.8690871702856899e-01
25                                     8.9081909372867651e-01
26                                     8.7760613257580578e-01
27                                     8.8694005973171541e-01
28                                     8.8074657204696982e-01
29                                     8.0361505771801112e-01
30                                     8.0315605267017942e-01
31                                     8.8710615705037899e-01
32                                     8.8270062097929736e-01
33                                     8.7940440728141656e-01
34                                     8.9150591870944484e-01
35                                     8.7939903100871142e-01
36                                     8.9420126635811059e-01
37                                     8.8478783407653372e-01
38                                     8.8387343477879632e-01
39                                     8.6729984898574819e-01
40                                     8.8202356355683231e-01
   &ZA [&Type "ArrayOfDoubles", &Dim (41,1)] "Total nuclear charge"
                                                         0

0                                      6.0000000000000000e+00
1                                      6.0000000000000000e+00
2                                      8.0000000000000000e+00
3                                      1.5000000000000000e+01
4                                      1.6000000000000000e+01
5                                      8.0000000000000000e+00
6                                      6.0000000000000000e+00
7                                      6.0000000000000000e+00
8                                      1.6000000000000000e+01
9                                      6.0000000000000000e+00
10                                     1.6000000000000000e+01
11                                     1.5000000000000000e+01
12                                     1.6000000000000000e+01
13                                     8.0000000000000000e+00
14                                     6.0000000000000000e+00
15                                     6.0000000000000000e+00
16                                     8.0000000000000000e+00
17                                     6.0000000000000000e+00
18                                     6.0000000000000000e+00
19                                     1.0000000000000000e+00
20                                     1.0000000000000000e+00
21                                     1.0000000000000000e+00
22                                     1.0000000000000000e+00
23                                     1.0000000000000000e+00
24                                     1.0000000000000000e+00
25                                     1.0000000000000000e+00
26                                     1.0000000000000000e+00
27                                     1.0000000000000000e+00
28                                     1.0000000000000000e+00
29                                     1.0000000000000000e+00
30                                     1.0000000000000000e+00
31                                     1.0000000000000000e+00
32                                     1.0000000000000000e+00
33                                     1.0000000000000000e+00
34                                     1.0000000000000000e+00
35                                     1.0000000000000000e+00
36                                     1.0000000000000000e+00
37                                     1.0000000000000000e+00
38                                     1.0000000000000000e+00
39                                     1.0000000000000000e+00
40                                     1.0000000000000000e+00
   &QA [&Type "ArrayOfDoubles", &Dim (41,1)] "Mulliken gross atomic charge"
                                                         0

0                                     -3.3327544394349218e-01
1                                      4.7129663468314931e-04
2                                     -3.7105709688404076e-01
3                                      6.1412338657000198e-01
4                                     -3.3405336959668830e-01
5                                     -3.6614141104620579e-01
6                                     -2.1041982121055014e-03
7                                     -3.0924260929950620e-01
8                                     -6.9215701321361678e-02
9                                     -3.7154754000595691e-01
10                                    -9.7982633153332443e-02
11                                     5.9845076076413051e-01
12                                    -3.0784549421063190e-01
13                                    -3.5013267230330136e-01
14                                    -2.9166963562414772e-02
15                                    -2.8594970901801542e-01
16                                    -3.8165198090817931e-01
17                                    -6.5155488273127560e-04
18                                    -3.2163958336934417e-01
19                                     1.3442718839333367e-01
20                                     1.1122172262480257e-01
21                                     1.1936203567486237e-01
22                                     1.1102676219209295e-01
23                                     1.0466857714839173e-01
24                                     1.1309128297143101e-01
25                                     1.0918090627132349e-01
26                                     1.2239386742419422e-01
27                                     1.1305994026828459e-01
28                                     1.1925342795303018e-01
29                                     1.9638494228198888e-01
30                                     1.9684394732982058e-01
31                                     1.1289384294962101e-01
32                                     1.1729937902070264e-01
33                                     1.2059559271858344e-01
34                                     1.0849408129055516e-01
35                                     1.2060096899128858e-01
36                                     1.0579873364188941e-01
37                                     1.1521216592346628e-01
38                                     1.1612656522120368e-01
39                                     1.3270015101425181e-01
40                                     1.1797643644316769e-01
   &VA [&Type "ArrayOfDoubles", &Dim (41,1)] "Mayer's total valence"
                                                         0

0                                      3.9908123094590362e+00
1                                      3.9960718306513283e+00
2                                      2.1828123369972978e+00
3                                      4.9471316285130644e+00
4                                      2.0759590036185016e+00
5                                      2.1810575576144346e+00
6                                      4.0032734011381210e+00
7                                      3.9964704687647208e+00
8                                      2.2660489274832485e+00
9                                      3.7799508212500110e+00
10                                     2.3048943664946306e+00
11                                     4.9656721670361614e+00
12                                     2.0423077672838206e+00
13                                     2.1772000690772977e+00
14                                     3.9984568627245793e+00
15                                     3.9841032483635734e+00
16                                     2.1751327484456189e+00
17                                     4.0023802447452796e+00
18                                     3.9871510408594957e+00
19                                     9.8694548214520317e-01
20                                     9.5410657377686181e-01
21                                     9.6632850217993771e-01
22                                     9.8097620994459123e-01
23                                     9.4909754926584577e-01
24                                     9.7610461555626615e-01
25                                     9.4863911932676137e-01
26                                     9.7541174512847661e-01
27                                     9.5315955961143606e-01
28                                     9.6058126497386398e-01
29                                     9.9235514081750642e-01
30                                     9.7847800299282928e-01
31                                     9.7199393314164251e-01
32                                     9.5297275114668156e-01
33                                     9.8016575439187092e-01
34                                     9.5487718102250807e-01
35                                     9.5824607788596727e-01
36                                     9.4753666242039181e-01
37                                     9.7815610234858175e-01
38                                     9.5474074355754934e-01
39                                     9.8178433940135701e-01
40                                     9.6074646203075442e-01
   &BVA [&Type "ArrayOfDoubles", &Dim (41,1)] "Mayer's bonded valence"
                                                         0

0                                      3.9908123094590056e+00
1                                      3.9960718306513279e+00
2                                      2.1828123369972450e+00
3                                      4.9471316285130840e+00
4                                      2.0759590036184719e+00
5                                      2.1810575576144835e+00
6                                      4.0032734011381237e+00
7                                      3.9964704687647385e+00
8                                      2.2660489274832374e+00
9                                      3.7799508212499426e+00
10                                     2.3048943664946573e+00
11                                     4.9656721670361543e+00
12                                     2.0423077672840240e+00
13                                     2.1772000690773003e+00
14                                     3.9984568627246300e+00
15                                     3.9841032483635961e+00
16                                     2.1751327484456611e+00
17                                     4.0023802447452965e+00
18                                     3.9871510408594539e+00
19                                     9.8694548214520639e-01
20                                     9.5410657377686225e-01
21                                     9.6632850217993382e-01
22                                     9.8097620994458801e-01
23                                     9.4909754926584100e-01
24                                     9.7610461555626726e-01
25                                     9.4863911932676614e-01
26                                     9.7541174512847639e-01
27                                     9.5315955961143539e-01
28                                     9.6058126497386587e-01
29                                     9.9235514081749621e-01
30                                     9.7847800299282051e-01
31                                     9.7199393314164728e-01
32                                     9.5297275114668811e-01
33                                     9.8016575439187736e-01
34                                     9.5487718102250640e-01
35                                     9.5824607788597904e-01
36                                     9.4753666242039480e-01
37                                     9.7815610234858907e-01
38                                     9.5474074355754723e-01
39                                     9.8178433940135468e-01
40                                     9.6074646203074809e-01
   &FA [&Type "ArrayOfDoubles", &Dim (41,1)] "Mayer's free valence"
                                                         0

0                                      0.0000000000000000e+00
1                                      0.0000000000000000e+00
2                                      0.0000000000000000e+00
3                                      0.0000000000000000e+00
4                                      0.0000000000000000e+00
5                                      0.0000000000000000e+00
6                                      0.0000000000000000e+00
7                                      0.0000000000000000e+00
8                                      0.0000000000000000e+00
9                                      0.0000000000000000e+00
10                                     0.0000000000000000e+00
11                                     0.0000000000000000e+00
12                                     0.0000000000000000e+00
13                                     0.0000000000000000e+00
14                                     0.0000000000000000e+00
15                                     0.0000000000000000e+00
16                                     0.0000000000000000e+00
17                                     0.0000000000000000e+00
18                                     0.0000000000000000e+00
19                                     0.0000000000000000e+00
20                                     0.0000000000000000e+00
21                                     0.0000000000000000e+00
22                                     0.0000000000000000e+00
23                                     0.0000000000000000e+00
24                                     0.0000000000000000e+00
25                                     0.0000000000000000e+00
26                                     0.0000000000000000e+00
27                                     0.0000000000000000e+00
28                                     0.0000000000000000e+00
29                                     0.0000000000000000e+00
30                                     0.0000000000000000e+00
31                                     0.0000000000000000e+00
32                                     0.0000000000000000e+00
33                                     0.0000000000000000e+00
34                                     0.0000000000000000e+00
35                                     0.0000000000000000e+00
36                                     0.0000000000000000e+00
37                                     0.0000000000000000e+00
38                                     0.0000000000000000e+00
39                                     0.0000000000000000e+00
40                                     0.0000000000000000e+00
$End
$VdW_Correction
   &GeometryIndex 1
   &ListStatus       OUT
   &VDW [&Type "Double"]      -6.3621557394298228e-02
$End
$Calculation_Info
   &GeometryIndex 1
   &ListStatus       OUT
   &MULT [&Type "Integer"] 1
   &CHARGE [&Type "Integer"] 0
   &NUMOFATOMS [&Type "Integer"] 41
   &NUMOFELECTRONS [&Type "Integer"] 202
   &NUMOFFCELECTRONS [&Type "Integer"] 1
   &NUMOFCORRELECTRONS [&Type "Integer"] 0
   &NUMOFBASISFUNCTS [&Type "Integer"] 334
   &NUMOFAUXCBASISFUNCTS [&Type "Integer"] 0
   &NUMOFAUXJBASISFUNCTS [&Type "Integer"] 1185
   &NUMOFAUXJKBASISFUNCTS [&Type "Integer"] 0
   &NUMOFCABSBASISFUNCTS [&Type "Integer"] 0
   &TOTALENERGY [&Type "Double"]      -2.9295220865567221e+03  "Hartrees"
$End
$SCF_Dipole_Moment
   &GeometryIndex 1
   &ListStatus       OUT
   &METHOD [&Type "String"] "SCF"
   &LEVEL [&Type "String"] "Relaxed density"
   &MULT [&Type "Integer"] 1
   &STATE [&Type "Integer"] -1
   &IRREP [&Type "Integer"] 0
   &NATOMS [&Type "Integer"] 41
   &DODIPOLEATOM [&Type "Boolean"] false
   &DIPOLEELECCONTRIB [&Type "ArrayOfDoubles", &Dim (3,1)] "Electronic contribution"
                                                         0

0                                     -1.5569123015873765e-01
1                                     -3.9782373196334846e+00
2                                     -1.5504820701556778e+01
   &DIPOLENUCCONTRIB [&Type "ArrayOfDoubles", &Dim (3,1)] "Nuclear contribution"
                                                         0

0                                      2.8046126090454138e-01
1                                      4.4244189484205450e+00
2                                      1.7089333729739728e+01
   &DIPOLETOTAL [&Type "ArrayOfDoubles", &Dim (3,1)] "Total"
                                                         0

0                                      1.2477003074580373e-01
1                                      4.4618162878706036e-01
2                                      1.5845130281829505e+00
   &DIPOLEMAGNITUDE [&Type "Double", &Units "a.u."]       1.6508564876817386e+00
$End
