*************************************************
******************* ORCA 6.0.0 ******************
*************************************************
$Calculation_Status
   &GeometryIndex 1
   &ListStatus       OUT
   &VERSION [&Type "String"] "6.0.0"
   &PROGNAME [&Type "String"] "LeanSCF"
   &STATUS [&Type "String"] "NORMAL TERMINATION"
$End
$Geometry
   &GeometryIndex 1
   &ListStatus       OUT
   &NATOMS [&Type "Integer"] 41
   &NCORELESSECP [&Type "Integer"] 0
   &NGHOSTATOMS [&Type "Integer"] 0
   &CartesianCoordinates [&Type "Coordinates", &Dim(41,4), &Units "Bohr"] 
              C     10.106964900627   -0.192285998346   -4.118438719803
              C      7.584457651140   -1.429982769914   -3.572009308512
              O      6.300780418551    0.079879115988   -1.696272145363
              P      3.381711801891   -0.305068761405   -1.145387978532
              S      1.162725754529   -0.131027492327   -4.101672548923
              O      2.799868268249    1.819735736907    0.843674168497
              C      4.490248706352    2.777158166016    2.777752226182
              C      5.128271851348    0.807708734987    4.752508821533
              S      3.248035182622   -3.878808738747    0.686666009232
              C     -0.153566724011   -4.154808789220    0.760461195963
              S     -1.631839389822   -1.945858706780    2.960088034653
              P     -3.785462331863    0.547512842684    0.669617196739
              S     -2.562471747331    4.011159521248    0.101869757908
              O     -6.476767500646    0.556470015869    2.030836066717
              C     -7.095012026806    2.349001953227    3.968235753286
              C     -5.641859420762    1.825424211680    6.378201186599
              O     -4.331334677212   -1.277321797119   -1.637045259721
              C     -6.369385776511   -0.924497444385   -3.419932060215
              C     -5.891215612847    1.271185792111   -5.191713109160
              H      9.819696629969    1.706210389523   -4.845778089986
              H     11.225948027664   -0.087232332527   -2.401297440005
              H     11.110258388277   -1.307079959135   -5.516353970871
              H      7.822350808339   -3.333816864425   -2.806877760234
              H      6.396674435345   -1.523156607575   -5.263547556494
              H      6.187443731597    3.487974398273    1.847433708531
              H      3.415766241155    4.346182295130    3.577825247392
              H      6.288011582150   -0.682282674002    3.939158716409
              H      6.169582829329    1.711892431479    6.271147240753
              H      3.410191965556   -0.025025998271    5.515963928751
              H     -0.570606098040   -6.047915989015    1.436800515545
              H     -0.905042808511   -3.834149332542   -1.127927310433
              H     -6.671891171848    4.247455510075    3.259901593536
              H     -9.127253045376    2.127977234918    4.230483508902
              H     -3.624615758229    2.060024185286    6.025741447074
              H     -6.225114808672    3.146520693038    7.833745539641
              H     -5.976391353021   -0.097766163562    7.015828378034
              H     -6.413005883988   -2.713944193503   -4.444938012838
              H     -8.123077504054   -0.669754446036   -2.361558696216
              H     -4.046940053559    1.067262811855   -6.080260101973
              H     -7.344659644708    1.307635162374   -6.638012986774
              H     -5.917899689521    3.050715969961   -4.160091533179
$End
$SCF_Energy
   &GeometryIndex 1
   &ListStatus       OUT
   &SCF_ENERGY [&Type "Double"]      -2.9296235477841069e+03
$End
$DFT_Energy
   &GeometryIndex 1
   &ListStatus       OUT
   &NALPHAEL [&Type "Integer"] 100
   &NBETAEL [&Type "Integer"] 100
   &NTOTALEL [&Type "Integer"] 201
   &EEXCHANGE [&Type "Double"]      -2.3180815351417530e+02
   &ECORR [&Type "Double"]      -7.2964482805232871e+00
   &ECNL [&Type "Double"]       0.0000000000000000e+00
   &EXC [&Type "Double"]      -2.3910460179469860e+02
   &EEMBED [&Type "Double"]       0.0000000000000000e+00
   &FINALEN [&Type "Double"]      -2.9296235477841069e+03  "No Van der Waals correction"
$End
$Mulliken_Population_Analysis
   &GeometryIndex 1
   &ListStatus       OUT
   &NATOMS [&Type "Integer"] 41
   &ATNO [&Type "ArrayOfIntegers", &Dim (41,1)] 
                                                         0

0                                                        6
1                                                        6
2                                                        8
3                                                       15
4                                                       16
5                                                        8
6                                                        6
7                                                        6
8                                                       16
9                                                        6
10                                                      16
11                                                      15
12                                                      16
13                                                       8
14                                                       6
15                                                       6
16                                                       8
17                                                       6
18                                                       6
19                                                       1
20                                                       1
21                                                       1
22                                                       1
23                                                       1
24                                                       1
25                                                       1
26                                                       1
27                                                       1
28                                                       1
29                                                       1
30                                                       1
31                                                       1
32                                                       1
33                                                       1
34                                                       1
35                                                       1
36                                                       1
37                                                       1
38                                                       1
39                                                       1
40                                                       1
   &ATOMICCHARGES [&Type "ArrayOfDoubles", &Dim (41,1)] 
                                                         0

0                                     -2.8071662674873021e-01
1                                     -1.2454121785623329e-02
2                                     -3.8668559976882300e-01
3                                      6.0966473744088923e-01
4                                     -3.1001726376430128e-01
5                                     -3.3571346396698587e-01
6                                      9.6532434599794215e-03
7                                     -3.2007634369466942e-01
8                                     -1.1560142247668637e-01
9                                     -3.5220455895951641e-01
10                                    -1.1848215844348431e-01
11                                     6.3314206448698762e-01
12                                    -3.0057811771363063e-01
13                                    -3.7935399759057375e-01
14                                    -3.3701899316724848e-03
15                                    -3.2012089248711639e-01
16                                    -3.7523918018398916e-01
17                                     7.3325008656066615e-04
18                                    -3.1274745099767731e-01
19                                     1.2333882090690351e-01
20                                     1.1426529207278380e-01
21                                     1.1343466741866637e-01
22                                     1.0463360636983876e-01
23                                     1.0726517481988718e-01
24                                     1.0748732498054492e-01
25                                     1.1033078470828084e-01
26                                     1.1686840856434788e-01
27                                     1.0926056693864994e-01
28                                     1.3052415847102461e-01
29                                     1.8003159691919768e-01
30                                     2.1534124174144875e-01
31                                     1.0743840620621437e-01
32                                     1.0039095084903260e-01
33                                     1.2227837477202885e-01
34                                     1.1315917276970189e-01
35                                     1.2012650175485318e-01
36                                     1.0308171297919755e-01
37                                     1.0589177431045138e-01
38                                     1.3463236574605730e-01
39                                     1.0312185175150124e-01
40                                     1.2726533798859940e-01
$End
$Loewdin_Population_Analysis
   &GeometryIndex 1
   &ListStatus       OUT
   &NATOMS [&Type "Integer"] 41
   &ATNO [&Type "ArrayOfIntegers", &Dim (41,1)] 
                                                         0

0                                                        6
1                                                        6
2                                                        8
3                                                       15
4                                                       16
5                                                        8
6                                                        6
7                                                        6
8                                                       16
9                                                        6
10                                                      16
11                                                      15
12                                                      16
13                                                       8
14                                                       6
15                                                       6
16                                                       8
17                                                       6
18                                                       6
19                                                       1
20                                                       1
21                                                       1
22                                                       1
23                                                       1
24                                                       1
25                                                       1
26                                                       1
27                                                       1
28                                                       1
29                                                       1
30                                                       1
31                                                       1
32                                                       1
33                                                       1
34                                                       1
35                                                       1
36                                                       1
37                                                       1
38                                                       1
39                                                       1
40                                                       1
   &ATOMICCHARGES [&Type "ArrayOfDoubles", &Dim (41,1)] 
                                                         0

0                                      6.6887479465454897e-03
1                                      8.3091093664739990e-02
2                                      5.0538041495024799e-01
3                                      5.4444969832416097e-02
4                                      8.1100158778316239e-05
5                                      2.0421110289730823e-01
6                                      8.2205620406691857e-03
7                                      2.4977109837058791e-04
8                                      1.0402183414166580e-04
9                                      1.4271124136496077e-04
10                                     2.5816111826452634e-05
11                                     7.0388900618792334e-03
12                                     4.7426959223840057e-05
13                                     7.1862109166206597e-02
14                                     1.3244678585889300e-02
15                                     3.0748276221410556e-04
16                                     4.0584186262528223e-02
17                                     3.5306315522833738e-03
18                                     1.0245133911473850e-04
19                                     1.7846330814500862e-05
20                                     5.9519026092688984e-06
21                                     9.3368245634704354e-05
22                                     5.7017417120336352e-05
23                                     1.3270255359248769e-04
24                                     5.1017048157040089e-06
25                                     8.0561731394600310e-05
26                                     5.3714853638000477e-06
27                                     1.5171796121019050e-05
28                                     5.5566223400541258e-06
29                                     1.3291466244279268e-06
30                                     2.0598634955174243e-05
31                                     2.0432672787235337e-05
32                                     8.9556029912299493e-05
33                                     1.2792363460004287e-07
34                                     1.9299228131160141e-05
35                                     8.6083446627092006e-07
36                                     3.5869790837248910e-05
37                                     1.0645377384353125e-05
38                                     8.0115494220203680e-06
39                                     1.4262219159599790e-05
40                                     2.1883371300879564e-06
$End
$Mayer_Population_Analysis
   &GeometryIndex 1
   &ListStatus       OUT
   &NATOMS [&Type "Integer"] 41 "Total number of atoms"
   &BONDTHRESH [&Type "Double"]       1.0000000000000001e-01  "The threshold for printing"
   &NBONDORDERSPRINT [&Type "Integer"] 42 "The number of bond orders larger than threshold"
   &BONDORDERS [&Type "ArrayOfDoubles", &Dim (42,1)] "The bond orders"
                                                         0

0                                      1.1599702542186974e+00
1                                      9.5054032269157496e-01
2                                      9.5101841502335804e-01
3                                      9.4162829130481840e-01
4                                      9.0195055763463661e-01
5                                      9.2886462245269963e-01
6                                      9.0960753361572499e-01
7                                      1.0772218418081563e+00
8                                      1.6520594351904037e+00
9                                      1.1627147817319758e+00
10                                     9.3242838220671564e-01
11                                     1.0762804308084695e-01
12                                     8.9379174568761210e-01
13                                     1.1696676964789996e+00
14                                     9.2969001614599744e-01
15                                     9.3029842653210160e-01
16                                     9.4054651315126092e-01
17                                     9.3588315109871401e-01
18                                     9.3770908634460315e-01
19                                     1.0076109022516471e+00
20                                     9.9806813373812620e-01
21                                     9.1134833735725596e-01
22                                     8.5873598130292605e-01
23                                     9.3950263456698113e-01
24                                     1.0722354976426360e-01
25                                     1.6503336026940241e+00
26                                     1.0624848293526941e+00
27                                     1.1097387319894436e+00
28                                     9.1986099858053183e-01
29                                     1.1631203716475174e+00
30                                     9.0602836760129790e-01
31                                     9.3102893558394251e-01
32                                     9.3085052251743439e-01
33                                     9.3927548113112713e-01
34                                     9.4424803763382426e-01
35                                     9.0210302001165121e-01
36                                     1.1673821433338321e+00
37                                     9.3595696390113792e-01
38                                     9.2696877579023496e-01
39                                     9.4002982355370601e-01
40                                     9.3673515074490499e-01
41                                     9.3294672787897093e-01
   &COMPONENTS [&Type "ArrayOfIntegers", &Dim (42,4)] "The indices and atomic numbers of the bonding atoms"
                                                         0                           1                           2                           3

0                                                        0                           6                           1                           6
1                                                        0                           6                          19                           1
2                                                        0                           6                          20                           1
3                                                        0                           6                          21                           1
4                                                        1                           6                           2                           8
5                                                        1                           6                          22                           1
6                                                        1                           6                          23                           1
7                                                        2                           8                           3                          15
8                                                        3                          15                           4                          16
9                                                        3                          15                           5                           8
10                                                       3                          15                           8                          16
11                                                       4                          16                           8                          16
12                                                       5                           8                           6                           6
13                                                       6                           6                           7                           6
14                                                       6                           6                          24                           1
15                                                       6                           6                          25                           1
16                                                       7                           6                          26                           1
17                                                       7                           6                          27                           1
18                                                       7                           6                          28                           1
19                                                       8                          16                           9                           6
20                                                       9                           6                          10                          16
21                                                       9                           6                          29                           1
22                                                       9                           6                          30                           1
23                                                      10                          16                          11                          15
24                                                      10                          16                          12                          16
25                                                      11                          15                          12                          16
26                                                      11                          15                          13                           8
27                                                      11                          15                          16                           8
28                                                      13                           8                          14                           6
29                                                      14                           6                          15                           6
30                                                      14                           6                          31                           1
31                                                      14                           6                          32                           1
32                                                      15                           6                          33                           1
33                                                      15                           6                          34                           1
34                                                      15                           6                          35                           1
35                                                      16                           8                          17                           6
36                                                      17                           6                          18                           6
37                                                      17                           6                          36                           1
38                                                      17                           6                          37                           1
39                                                      18                           6                          38                           1
40                                                      18                           6                          39                           1
41                                                      18                           6                          40                           1
   &ATNO [&Type "ArrayOfIntegers", &Dim (41,1)] "Atomic number of the elements"
                                                         0

0                                                        6
1                                                        6
2                                                        8
3                                                       15
4                                                       16
5                                                        8
6                                                        6
7                                                        6
8                                                       16
9                                                        6
10                                                      16
11                                                      15
12                                                      16
13                                                       8
14                                                       6
15                                                       6
16                                                       8
17                                                       6
18                                                       6
19                                                       1
20                                                       1
21                                                       1
22                                                       1
23                                                       1
24                                                       1
25                                                       1
26                                                       1
27                                                       1
28                                                       1
29                                                       1
30                                                       1
31                                                       1
32                                                       1
33                                                       1
34                                                       1
35                                                       1
36                                                       1
37                                                       1
38                                                       1
39                                                       1
40                                                       1
   &NA [&Type "ArrayOfDoubles", &Dim (41,1)] "Mulliken gross atomic population"
                                                         0

0                                      6.2807166267487338e+00
1                                      6.0124541217856056e+00
2                                      8.3866855997688585e+00
3                                      1.4390335262559075e+01
4                                      1.6310017263764280e+01
5                                      8.3357134639669379e+00
6                                      5.9903467565400401e+00
7                                      6.3200763436946712e+00
8                                      1.6115601422476690e+01
9                                      6.3522045589595013e+00
10                                     1.6118482158443523e+01
11                                     1.4366857935512968e+01
12                                     1.6300578117713577e+01
13                                     8.3793539975905897e+00
14                                     6.0033701899316716e+00
15                                     6.3201208924871084e+00
16                                     8.3752391801839980e+00
17                                     5.9992667499134340e+00
18                                     6.3127474509976800e+00
19                                     8.7666117909309771e-01
20                                     8.8573470792721565e-01
21                                     8.8656533258133374e-01
22                                     8.9536639363016113e-01
23                                     8.9273482518011316e-01
24                                     8.9251267501945530e-01
25                                     8.8966921529171961e-01
26                                     8.8313159143565290e-01
27                                     8.9073943306135051e-01
28                                     8.6947584152897550e-01
29                                     8.1996840308080254e-01
30                                     7.8465875825855136e-01
31                                     8.9256159379378575e-01
32                                     8.9960904915096729e-01
33                                     8.7772162522797159e-01
34                                     8.8684082723029878e-01
35                                     8.7987349824514716e-01
36                                     8.9691828702080278e-01
37                                     8.9410822568954862e-01
38                                     8.6536763425394247e-01
39                                     8.9687814824849832e-01
40                                     8.7273466201140026e-01
   &ZA [&Type "ArrayOfDoubles", &Dim (41,1)] "Total nuclear charge"
                                                         0

0                                      6.0000000000000000e+00
1                                      6.0000000000000000e+00
2                                      8.0000000000000000e+00
3                                      1.5000000000000000e+01
4                                      1.6000000000000000e+01
5                                      8.0000000000000000e+00
6                                      6.0000000000000000e+00
7                                      6.0000000000000000e+00
8                                      1.6000000000000000e+01
9                                      6.0000000000000000e+00
10                                     1.6000000000000000e+01
11                                     1.5000000000000000e+01
12                                     1.6000000000000000e+01
13                                     8.0000000000000000e+00
14                                     6.0000000000000000e+00
15                                     6.0000000000000000e+00
16                                     8.0000000000000000e+00
17                                     6.0000000000000000e+00
18                                     6.0000000000000000e+00
19                                     1.0000000000000000e+00
20                                     1.0000000000000000e+00
21                                     1.0000000000000000e+00
22                                     1.0000000000000000e+00
23                                     1.0000000000000000e+00
24                                     1.0000000000000000e+00
25                                     1.0000000000000000e+00
26                                     1.0000000000000000e+00
27                                     1.0000000000000000e+00
28                                     1.0000000000000000e+00
29                                     1.0000000000000000e+00
30                                     1.0000000000000000e+00
31                                     1.0000000000000000e+00
32                                     1.0000000000000000e+00
33                                     1.0000000000000000e+00
34                                     1.0000000000000000e+00
35                                     1.0000000000000000e+00
36                                     1.0000000000000000e+00
37                                     1.0000000000000000e+00
38                                     1.0000000000000000e+00
39                                     1.0000000000000000e+00
40                                     1.0000000000000000e+00
   &QA [&Type "ArrayOfDoubles", &Dim (41,1)] "Mulliken gross atomic charge"
                                                         0

0                                     -2.8071662674873377e-01
1                                     -1.2454121785605565e-02
2                                     -3.8668559976885852e-01
3                                      6.0966473744092475e-01
4                                     -3.1001726376427996e-01
5                                     -3.3571346396693791e-01
6                                      9.6532434599598815e-03
7                                     -3.2007634369467119e-01
8                                     -1.1560142247668992e-01
9                                     -3.5220455895950131e-01
10                                    -1.1848215844352339e-01
11                                     6.3314206448703203e-01
12                                    -3.0057811771357734e-01
13                                    -3.7935399759058974e-01
14                                    -3.3701899316715966e-03
15                                    -3.2012089248710840e-01
16                                    -3.7523918018399804e-01
17                                     7.3325008656599522e-04
18                                    -3.1274745099767998e-01
19                                     1.2333882090690229e-01
20                                     1.1426529207278435e-01
21                                     1.1343466741866626e-01
22                                     1.0463360636983887e-01
23                                     1.0726517481988684e-01
24                                     1.0748732498054470e-01
25                                     1.1033078470828039e-01
26                                     1.1686840856434710e-01
27                                     1.0926056693864949e-01
28                                     1.3052415847102450e-01
29                                     1.8003159691919746e-01
30                                     2.1534124174144864e-01
31                                     1.0743840620621425e-01
32                                     1.0039095084903271e-01
33                                     1.2227837477202841e-01
34                                     1.1315917276970122e-01
35                                     1.2012650175485284e-01
36                                     1.0308171297919722e-01
37                                     1.0589177431045138e-01
38                                     1.3463236574605753e-01
39                                     1.0312185175150168e-01
40                                     1.2726533798859974e-01
   &VA [&Type "ArrayOfDoubles", &Dim (41,1)] "Mayer's total valence"
                                                         0

0                                      4.0032896204041961e+00
1                                      3.9642351429761673e+00
2                                      2.1564160992826027e+00
3                                      4.9797100284929776e+00
4                                      2.0751988355830568e+00
5                                      2.2124432483073071e+00
6                                      4.0195572904840171e+00
7                                      4.0010879509821988e+00
8                                      2.2476254572317762e+00
9                                      3.8411493483542616e+00
10                                     2.2388108380285989e+00
11                                     4.9420934438882052e+00
12                                     2.0900949634119441e+00
13                                     2.1654019694184843e+00
14                                     4.0021194849290351e+00
15                                     3.9859680178980295e+00
16                                     2.1856234637785481e+00
17                                     4.0215762154770145e+00
18                                     3.9863141213854618e+00
19                                     9.5915583839371155e-01
20                                     9.5822939520441652e-01
21                                     9.5449083658087674e-01
22                                     9.5684191076564518e-01
23                                     9.9395662403557761e-01
24                                     9.5886020447246001e-01
25                                     9.5725198660365429e-01
26                                     9.6954791367595750e-01
27                                     9.5323181971523074e-01
28                                     9.7760502555151030e-01
29                                     9.3337478581909150e-01
30                                     9.7990502402270341e-01
31                                     9.9688126568708635e-01
32                                     9.4989391331317974e-01
33                                     9.8023273029553126e-01
34                                     9.5574097817339276e-01
35                                     9.6039123998458220e-01
36                                     9.4770754797265833e-01
37                                     9.6463766752029034e-01
38                                     9.6794497378982924e-01
39                                     9.5282373695622957e-01
40                                     9.8917218666580586e-01
   &BVA [&Type "ArrayOfDoubles", &Dim (41,1)] "Mayer's bonded valence"
                                                         0

0                                      4.0032896204042228e+00
1                                      3.9642351429761873e+00
2                                      2.1564160992825250e+00
3                                      4.9797100284930949e+00
4                                      2.0751988355830902e+00
5                                      2.2124432483074310e+00
6                                      4.0195572904839336e+00
7                                      4.0010879509821855e+00
8                                      2.2476254572316940e+00
9                                      3.8411493483542927e+00
10                                     2.2388108380284559e+00
11                                     4.9420934438883091e+00
12                                     2.0900949634119650e+00
13                                     2.1654019694184572e+00
14                                     4.0021194849289889e+00
15                                     3.9859680178980188e+00
16                                     2.1856234637785543e+00
17                                     4.0215762154770172e+00
18                                     3.9863141213854241e+00
19                                     9.5915583839370699e-01
20                                     9.5822939520441452e-01
21                                     9.5449083658087941e-01
22                                     9.5684191076563785e-01
23                                     9.9395662403557739e-01
24                                     9.5886020447245568e-01
25                                     9.5725198660364019e-01
26                                     9.6954791367595983e-01
27                                     9.5323181971523685e-01
28                                     9.7760502555151307e-01
29                                     9.3337478581909183e-01
30                                     9.7990502402270563e-01
31                                     9.9688126568708346e-01
32                                     9.4989391331317585e-01
33                                     9.8023273029553448e-01
34                                     9.5574097817339143e-01
35                                     9.6039123998457976e-01
36                                     9.4770754797264911e-01
37                                     9.6463766752028701e-01
38                                     9.6794497378982602e-01
39                                     9.5282373695622846e-01
40                                     9.8917218666580375e-01
   &FA [&Type "ArrayOfDoubles", &Dim (41,1)] "Mayer's free valence"
                                                         0

0                                      0.0000000000000000e+00
1                                      0.0000000000000000e+00
2                                      0.0000000000000000e+00
3                                      0.0000000000000000e+00
4                                      0.0000000000000000e+00
5                                      0.0000000000000000e+00
6                                      0.0000000000000000e+00
7                                      0.0000000000000000e+00
8                                      0.0000000000000000e+00
9                                      0.0000000000000000e+00
10                                     0.0000000000000000e+00
11                                     0.0000000000000000e+00
12                                     0.0000000000000000e+00
13                                     0.0000000000000000e+00
14                                     0.0000000000000000e+00
15                                     0.0000000000000000e+00
16                                     0.0000000000000000e+00
17                                     0.0000000000000000e+00
18                                     0.0000000000000000e+00
19                                     0.0000000000000000e+00
20                                     0.0000000000000000e+00
21                                     0.0000000000000000e+00
22                                     0.0000000000000000e+00
23                                     0.0000000000000000e+00
24                                     0.0000000000000000e+00
25                                     0.0000000000000000e+00
26                                     0.0000000000000000e+00
27                                     0.0000000000000000e+00
28                                     0.0000000000000000e+00
29                                     0.0000000000000000e+00
30                                     0.0000000000000000e+00
31                                     0.0000000000000000e+00
32                                     0.0000000000000000e+00
33                                     0.0000000000000000e+00
34                                     0.0000000000000000e+00
35                                     0.0000000000000000e+00
36                                     0.0000000000000000e+00
37                                     0.0000000000000000e+00
38                                     0.0000000000000000e+00
39                                     0.0000000000000000e+00
40                                     0.0000000000000000e+00
$End
$VdW_Correction
   &GeometryIndex 1
   &ListStatus       OUT
   &VDW [&Type "Double"]      -6.7731514617514907e-02
$End
$Calculation_Info
   &GeometryIndex 1
   &ListStatus       OUT
   &MULT [&Type "Integer"] 1
   &CHARGE [&Type "Integer"] 0
   &NUMOFATOMS [&Type "Integer"] 41
   &NUMOFELECTRONS [&Type "Integer"] 202
   &NUMOFFCELECTRONS [&Type "Integer"] 1
   &NUMOFCORRELECTRONS [&Type "Integer"] 0
   &NUMOFBASISFUNCTS [&Type "Integer"] 334
   &NUMOFAUXCBASISFUNCTS [&Type "Integer"] 0
   &NUMOFAUXJBASISFUNCTS [&Type "Integer"] 1185
   &NUMOFAUXJKBASISFUNCTS [&Type "Integer"] 0
   &NUMOFCABSBASISFUNCTS [&Type "Integer"] 0
   &TOTALENERGY [&Type "Double"]      -2.9295056386689243e+03  "Hartrees"
$End
$SCF_Dipole_Moment
   &GeometryIndex 1
   &ListStatus       OUT
   &METHOD [&Type "String"] "SCF"
   &LEVEL [&Type "String"] "Relaxed density"
   &MULT [&Type "Integer"] 1
   &STATE [&Type "Integer"] -1
   &IRREP [&Type "Integer"] 0
   &NATOMS [&Type "Integer"] 41
   &DODIPOLEATOM [&Type "Boolean"] false
   &DIPOLEELECCONTRIB [&Type "ArrayOfDoubles", &Dim (3,1)] "Electronic contribution"
                                                         0

0                                     -3.2630674292212181e+00
1                                     -4.4739679863989439e+00
2                                     -2.3175676158417637e+00
   &DIPOLENUCCONTRIB [&Type "ArrayOfDoubles", &Dim (3,1)] "Nuclear contribution"
                                                         0

0                                      3.5994885920513884e+00
1                                      3.8651488911959451e+00
2                                      2.8616679539056182e+00
   &DIPOLETOTAL [&Type "ArrayOfDoubles", &Dim (3,1)] "Total"
                                                         0

0                                      3.3642116283017032e-01
1                                     -6.0881909520299882e-01
2                                      5.4410033806385449e-01
   &DIPOLEMAGNITUDE [&Type "Double", &Units "a.u."]       8.8311101644414047e-01
$End
