*************************************************
******************* ORCA 6.0.0 ******************
*************************************************
$Calculation_Status
   &GeometryIndex 1
   &ListStatus       OUT
   &VERSION [&Type "String"] "6.0.0"
   &PROGNAME [&Type "String"] "LeanSCF"
   &STATUS [&Type "String"] "NORMAL TERMINATION"
$End
$Geometry
   &GeometryIndex 1
   &ListStatus       OUT
   &NATOMS [&Type "Integer"] 41
   &NCORELESSECP [&Type "Integer"] 0
   &NGHOSTATOMS [&Type "Integer"] 0
   &CartesianCoordinates [&Type "Coordinates", &Dim(41,4), &Units "Bohr"] 
              C      9.350764866454   -3.034346366236   -1.411646021944
              C      8.391412542625   -0.958842136890   -3.132085759749
              O      5.752479432134   -0.419760281274   -2.709433887952
              P      4.790799159216    0.831600153593   -0.155145170866
              S      7.074134365926    3.272379728641    1.431927164880
              O      4.155466946440   -1.603789896822    1.507763102956
              C      4.034495628333   -1.513533634362    4.216240373556
              C      1.859185655899    0.092966269575    5.156382795408
              S      1.285552036501    2.212841517612   -1.468400916578
              C      0.030945539685   -0.705869413764   -2.794802301957
              S     -1.500660794994   -2.724744805870   -0.497345606674
              P     -4.734802025486   -0.460328776975   -0.023812500430
              S     -6.145249413607    1.157529116887   -3.057263456787
              O     -3.764479171920    1.340994041447    2.162157858377
              C     -5.082540680541    3.626872471068    2.865314107104
              C     -3.895809038191    5.903270253146    1.594626614043
              O     -6.701082794348   -2.168348842888    1.479380903639
              C     -8.517330263485   -3.752846630678    0.223148981944
              C     -7.270130262524   -5.945083330793   -1.131570175374
              H     11.271950764589   -3.519838157777   -1.941972734051
              H      9.342658360292   -2.383059527169    0.540798280068
              H      8.155818466114   -4.697843714937   -1.564232437484
              H      8.468208155442   -1.508701471412   -5.117277612351
              H      9.466806937498    0.783932018978   -2.842441038669
              H      3.821212071087   -3.487058744325    4.770683285681
              H      5.828625638675   -0.762781726932    4.922297638570
              H      1.816456538610    0.049328540592    7.206368136207
              H      2.116849738103    2.041344113006    4.536223612524
              H      0.068605418054   -0.601613077069    4.426650033786
              H      1.557204772192   -1.783036897283   -3.641680134885
              H     -1.356383844092   -0.126470319867   -4.204413963987
              H     -7.077155546119    3.450688205878    2.354868475729
              H     -4.897427757945    3.725528616649    4.916397222885
              H     -4.820839006645    7.609545696490    2.256495407722
              H     -1.891589923753    5.997882581709    2.031899159365
              H     -4.106111260310    5.771778420904   -0.446353388799
              H     -9.749988624746   -4.395817485740    1.744953201152
              H     -9.589594933807   -2.588864989672   -1.109331832688
              H     -6.040139942852   -6.971182422522    0.154480794558
              H     -8.715246729571   -7.210000319660   -1.851076317982
              H     -6.146782578844   -5.248554249195   -2.709425431239
$End
$SCF_Energy
   &GeometryIndex 1
   &ListStatus       OUT
   &SCF_ENERGY [&Type "Double"]      -2.9296440272040868e+03
$End
$DFT_Energy
   &GeometryIndex 1
   &ListStatus       OUT
   &NALPHAEL [&Type "Integer"] 100
   &NBETAEL [&Type "Integer"] 100
   &NTOTALEL [&Type "Integer"] 201
   &EEXCHANGE [&Type "Double"]      -2.3180667838438359e+02
   &ECORR [&Type "Double"]      -7.2938094884708908e+00
   &ECNL [&Type "Double"]       0.0000000000000000e+00
   &EXC [&Type "Double"]      -2.3910048787285447e+02
   &EEMBED [&Type "Double"]       0.0000000000000000e+00
   &FINALEN [&Type "Double"]      -2.9296440272040868e+03  "No Van der Waals correction"
$End
$Mulliken_Population_Analysis
   &GeometryIndex 1
   &ListStatus       OUT
   &NATOMS [&Type "Integer"] 41
   &ATNO [&Type "ArrayOfIntegers", &Dim (41,1)] 
                                                         0

0                                                        6
1                                                        6
2                                                        8
3                                                       15
4                                                       16
5                                                        8
6                                                        6
7                                                        6
8                                                       16
9                                                        6
10                                                      16
11                                                      15
12                                                      16
13                                                       8
14                                                       6
15                                                       6
16                                                       8
17                                                       6
18                                                       6
19                                                       1
20                                                       1
21                                                       1
22                                                       1
23                                                       1
24                                                       1
25                                                       1
26                                                       1
27                                                       1
28                                                       1
29                                                       1
30                                                       1
31                                                       1
32                                                       1
33                                                       1
34                                                       1
35                                                       1
36                                                       1
37                                                       1
38                                                       1
39                                                       1
40                                                       1
   &ATOMICCHARGES [&Type "ArrayOfDoubles", &Dim (41,1)] 
                                                         0

0                                     -3.0829148232424153e-01
1                                     -3.3063918551325955e-03
2                                     -3.8431501274173385e-01
3                                      6.0717277788063839e-01
4                                     -3.2015298476369480e-01
5                                     -3.7920422371155205e-01
6                                      5.0099182642071582e-04
7                                     -3.3473554724883670e-01
8                                     -5.3480277455722813e-02
9                                     -3.7546995799553962e-01
10                                    -6.5301743997824957e-02
11                                     6.0927565408951168e-01
12                                    -3.3408114376150166e-01
13                                    -3.5657510795652314e-01
14                                    -8.3829392696355143e-04
15                                    -2.9859742366670794e-01
16                                    -3.7267933340299209e-01
17                                    -5.5938164626523346e-03
18                                    -3.1706768573152377e-01
19                                     1.1309301819270834e-01
20                                     1.2488657601317910e-01
21                                     1.1554263567153766e-01
22                                     1.0571287861562650e-01
23                                     1.1487782862633145e-01
24                                     1.0162788409983226e-01
25                                     1.0734450148070462e-01
26                                     1.0467063445975611e-01
27                                     1.2258254803250668e-01
28                                     1.4187323930435936e-01
29                                     1.9445116974720045e-01
30                                     1.9594796007472226e-01
31                                     1.0192849057401299e-01
32                                     1.0797941179760673e-01
33                                     1.0723026899235744e-01
34                                     1.2833731739558618e-01
35                                     1.2564188958627664e-01
36                                     1.0656133777997945e-01
37                                     1.1288401771387213e-01
38                                     1.1795905347389768e-01
39                                     1.1493262559091422e-01
40                                     1.2667571598378913e-01
$End
$Loewdin_Population_Analysis
   &GeometryIndex 1
   &ListStatus       OUT
   &NATOMS [&Type "Integer"] 41
   &ATNO [&Type "ArrayOfIntegers", &Dim (41,1)] 
                                                         0

0                                                        6
1                                                        6
2                                                        8
3                                                       15
4                                                       16
5                                                        8
6                                                        6
7                                                        6
8                                                       16
9                                                        6
10                                                      16
11                                                      15
12                                                      16
13                                                       8
14                                                       6
15                                                       6
16                                                       8
17                                                       6
18                                                       6
19                                                       1
20                                                       1
21                                                       1
22                                                       1
23                                                       1
24                                                       1
25                                                       1
26                                                       1
27                                                       1
28                                                       1
29                                                       1
30                                                       1
31                                                       1
32                                                       1
33                                                       1
34                                                       1
35                                                       1
36                                                       1
37                                                       1
38                                                       1
39                                                       1
40                                                       1
   &ATOMICCHARGES [&Type "ArrayOfDoubles", &Dim (41,1)] 
                                                         0

0                                      4.1517614924921518e-05
1                                      9.4444780361128370e-04
2                                      7.7166458315755760e-03
3                                      9.5160145134434032e-04
4                                      2.9822123615152644e-06
5                                      1.3474345754378850e-02
6                                      2.7753056838005579e-03
7                                      1.0640691094397606e-04
8                                      3.9826980033264727e-05
9                                      2.8181672123516816e-04
10                                     5.5204853453468190e-04
11                                     4.5866349533909181e-02
12                                     9.4916082974384793e-05
13                                     3.0767007969474325e-01
14                                     3.3624833626946633e-02
15                                     9.7391041638908123e-04
16                                     4.9024953262520843e-01
17                                     9.1152751359116546e-02
18                                     2.1919658796607949e-03
19                                     3.9988715359631185e-06
20                                     2.7827564954753262e-06
21                                     1.0112926543441848e-06
22                                     7.1041245557333651e-06
23                                     1.3934880444921313e-06
24                                     1.7343130292196438e-05
25                                     3.9548745526656511e-06
26                                     2.4277683786736361e-06
27                                     4.2868729057681105e-06
28                                     2.4585075651441469e-06
29                                     1.6712185321367730e-05
30                                     3.7826656360945811e-06
31                                     1.4153105904599642e-04
32                                     1.0545524629259337e-04
33                                     6.6673574431741286e-05
34                                     9.8403464245326527e-06
35                                     1.3223944379289949e-06
36                                     5.8890268149173423e-04
37                                     1.5933543571039434e-04
38                                     2.9508736101848973e-06
39                                     1.3069055481995732e-04
40                                     1.4756578103045377e-05
$End
$Mayer_Population_Analysis
   &GeometryIndex 1
   &ListStatus       OUT
   &NATOMS [&Type "Integer"] 41 "Total number of atoms"
   &BONDTHRESH [&Type "Double"]       1.0000000000000001e-01  "The threshold for printing"
   &NBONDORDERSPRINT [&Type "Integer"] 41 "The number of bond orders larger than threshold"
   &BONDORDERS [&Type "ArrayOfDoubles", &Dim (41,1)] "The bond orders"
                                                         0

0                                      1.1625405231387935e+00
1                                      9.3803257146520813e-01
2                                      9.3589150109266206e-01
3                                      9.4617686681032220e-01
4                                      9.0664848728107161e-01
5                                      9.3571958704336855e-01
6                                      9.1783923720287197e-01
7                                      1.0911579458582648e+00
8                                      1.6310867813612442e+00
9                                      1.0853018533868908e+00
10                                     9.8678796872499830e-01
11                                     9.0393209638160832e-01
12                                     1.1643008002237796e+00
13                                     9.3296740744051199e-01
14                                     9.1746909657408504e-01
15                                     9.3707312326373193e-01
16                                     9.3386188231754685e-01
17                                     9.2803237456239618e-01
18                                     9.8592972977815685e-01
19                                     9.9976799889374945e-01
20                                     8.8914037667565926e-01
21                                     8.7197352603393685e-01
22                                     9.6932750258531919e-01
23                                     1.1013472439473772e-01
24                                     1.5847352690702508e+00
25                                     1.1318142222562957e+00
26                                     1.1131283008863047e+00
27                                     8.8831128202875020e-01
28                                     1.1711009156957273e+00
29                                     9.1628468549377218e-01
30                                     9.3327002420824334e-01
31                                     9.3912967465472907e-01
32                                     9.4271285461925491e-01
33                                     9.3651163099176704e-01
34                                     9.0840210327346282e-01
35                                     1.1648720935772681e+00
36                                     9.3358815888256352e-01
37                                     9.1541150060506227e-01
38                                     9.4509858885544396e-01
39                                     9.3796340963687397e-01
40                                     9.3521987813260710e-01
   &COMPONENTS [&Type "ArrayOfIntegers", &Dim (41,4)] "The indices and atomic numbers of the bonding atoms"
                                                         0                           1                           2                           3

0                                                        0                           6                           1                           6
1                                                        0                           6                          19                           1
2                                                        0                           6                          20                           1
3                                                        0                           6                          21                           1
4                                                        1                           6                           2                           8
5                                                        1                           6                          22                           1
6                                                        1                           6                          23                           1
7                                                        2                           8                           3                          15
8                                                        3                          15                           4                          16
9                                                        3                          15                           5                           8
10                                                       3                          15                           8                          16
11                                                       5                           8                           6                           6
12                                                       6                           6                           7                           6
13                                                       6                           6                          24                           1
14                                                       6                           6                          25                           1
15                                                       7                           6                          26                           1
16                                                       7                           6                          27                           1
17                                                       7                           6                          28                           1
18                                                       8                          16                           9                           6
19                                                       9                           6                          10                          16
20                                                       9                           6                          29                           1
21                                                       9                           6                          30                           1
22                                                      10                          16                          11                          15
23                                                      10                          16                          12                          16
24                                                      11                          15                          12                          16
25                                                      11                          15                          13                           8
26                                                      11                          15                          16                           8
27                                                      13                           8                          14                           6
28                                                      14                           6                          15                           6
29                                                      14                           6                          31                           1
30                                                      14                           6                          32                           1
31                                                      15                           6                          33                           1
32                                                      15                           6                          34                           1
33                                                      15                           6                          35                           1
34                                                      16                           8                          17                           6
35                                                      17                           6                          18                           6
36                                                      17                           6                          36                           1
37                                                      17                           6                          37                           1
38                                                      18                           6                          38                           1
39                                                      18                           6                          39                           1
40                                                      18                           6                          40                           1
   &ATNO [&Type "ArrayOfIntegers", &Dim (41,1)] "Atomic number of the elements"
                                                         0

0                                                        6
1                                                        6
2                                                        8
3                                                       15
4                                                       16
5                                                        8
6                                                        6
7                                                        6
8                                                       16
9                                                        6
10                                                      16
11                                                      15
12                                                      16
13                                                       8
14                                                       6
15                                                       6
16                                                       8
17                                                       6
18                                                       6
19                                                       1
20                                                       1
21                                                       1
22                                                       1
23                                                       1
24                                                       1
25                                                       1
26                                                       1
27                                                       1
28                                                       1
29                                                       1
30                                                       1
31                                                       1
32                                                       1
33                                                       1
34                                                       1
35                                                       1
36                                                       1
37                                                       1
38                                                       1
39                                                       1
40                                                       1
   &NA [&Type "ArrayOfDoubles", &Dim (41,1)] "Mulliken gross atomic population"
                                                         0

0                                      6.3082914823242655e+00
1                                      6.0033063918551077e+00
2                                      8.3843150127417374e+00
3                                      1.4392827222119328e+01
4                                      1.6320152984763670e+01
5                                      8.3792042237115307e+00
6                                      5.9994990081735802e+00
7                                      6.3347355472488269e+00
8                                      1.6053480277455716e+01
9                                      6.3754699579955529e+00
10                                     1.6065301743997956e+01
11                                     1.4390724345910513e+01
12                                     1.6334081143761505e+01
13                                     8.3565751079565214e+00
14                                     6.0008382939269742e+00
15                                     6.2985974236667124e+00
16                                     8.3726793334029814e+00
17                                     6.0055938164626506e+00
18                                     6.3170676857315078e+00
19                                     8.8690698180729122e-01
20                                     8.7511342398682002e-01
21                                     8.8445736432846267e-01
22                                     8.9428712138437272e-01
23                                     8.8512217137366833e-01
24                                     8.9837211590016652e-01
25                                     8.9265549851929471e-01
26                                     8.9532936554024400e-01
27                                     8.7741745196749477e-01
28                                     8.5812676069564020e-01
29                                     8.0554883025280100e-01
30                                     8.0405203992527718e-01
31                                     8.9807150942598735e-01
32                                     8.9202058820239283e-01
33                                     8.9276973100764234e-01
34                                     8.7166268260441249e-01
35                                     8.7435811041372447e-01
36                                     8.9343866222002044e-01
37                                     8.8711598228612631e-01
38                                     8.8204094652610288e-01
39                                     8.8506737440908678e-01
40                                     8.7332428401620932e-01
   &ZA [&Type "ArrayOfDoubles", &Dim (41,1)] "Total nuclear charge"
                                                         0

0                                      6.0000000000000000e+00
1                                      6.0000000000000000e+00
2                                      8.0000000000000000e+00
3                                      1.5000000000000000e+01
4                                      1.6000000000000000e+01
5                                      8.0000000000000000e+00
6                                      6.0000000000000000e+00
7                                      6.0000000000000000e+00
8                                      1.6000000000000000e+01
9                                      6.0000000000000000e+00
10                                     1.6000000000000000e+01
11                                     1.5000000000000000e+01
12                                     1.6000000000000000e+01
13                                     8.0000000000000000e+00
14                                     6.0000000000000000e+00
15                                     6.0000000000000000e+00
16                                     8.0000000000000000e+00
17                                     6.0000000000000000e+00
18                                     6.0000000000000000e+00
19                                     1.0000000000000000e+00
20                                     1.0000000000000000e+00
21                                     1.0000000000000000e+00
22                                     1.0000000000000000e+00
23                                     1.0000000000000000e+00
24                                     1.0000000000000000e+00
25                                     1.0000000000000000e+00
26                                     1.0000000000000000e+00
27                                     1.0000000000000000e+00
28                                     1.0000000000000000e+00
29                                     1.0000000000000000e+00
30                                     1.0000000000000000e+00
31                                     1.0000000000000000e+00
32                                     1.0000000000000000e+00
33                                     1.0000000000000000e+00
34                                     1.0000000000000000e+00
35                                     1.0000000000000000e+00
36                                     1.0000000000000000e+00
37                                     1.0000000000000000e+00
38                                     1.0000000000000000e+00
39                                     1.0000000000000000e+00
40                                     1.0000000000000000e+00
   &QA [&Type "ArrayOfDoubles", &Dim (41,1)] "Mulliken gross atomic charge"
                                                         0

0                                     -3.0829148232426551e-01
1                                     -3.3063918551077265e-03
2                                     -3.8431501274173741e-01
3                                      6.0717277788067214e-01
4                                     -3.2015298476366993e-01
5                                     -3.7920422371153073e-01
6                                      5.0099182641982765e-04
7                                     -3.3473554724882693e-01
8                                     -5.3480277455715708e-02
9                                     -3.7546995799555294e-01
10                                    -6.5301743997956407e-02
11                                     6.0927565408948681e-01
12                                    -3.3408114376150522e-01
13                                    -3.5657510795652136e-01
14                                    -8.3829392697420957e-04
15                                    -2.9859742366671238e-01
16                                    -3.7267933340298143e-01
17                                    -5.5938164626505582e-03
18                                    -3.1706768573150779e-01
19                                     1.1309301819270878e-01
20                                     1.2488657601317998e-01
21                                     1.1554263567153733e-01
22                                     1.0571287861562728e-01
23                                     1.1487782862633167e-01
24                                     1.0162788409983348e-01
25                                     1.0734450148070529e-01
26                                     1.0467063445975600e-01
27                                     1.2258254803250523e-01
28                                     1.4187323930435980e-01
29                                     1.9445116974719900e-01
30                                     1.9594796007472282e-01
31                                     1.0192849057401265e-01
32                                     1.0797941179760717e-01
33                                     1.0723026899235766e-01
34                                     1.2833731739558751e-01
35                                     1.2564188958627553e-01
36                                     1.0656133777997956e-01
37                                     1.1288401771387369e-01
38                                     1.1795905347389712e-01
39                                     1.1493262559091322e-01
40                                     1.2667571598379068e-01
   &VA [&Type "ArrayOfDoubles", &Dim (41,1)] "Mayer's total valence"
                                                         0

0                                      3.9938092487359875e+00
1                                      4.0033094662638984e+00
2                                      2.1639766181513793e+00
3                                      4.9528430902192868e+00
4                                      2.0333220138651789e+00
5                                      2.1736928766443642e+00
6                                      3.9976705211985406e+00
7                                      3.9850257644992371e+00
8                                      2.2483200013383220e+00
9                                      3.8092511244515492e+00
10                                     2.2903683692710968e+00
11                                     4.9532844803340392e+00
12                                     2.0544146844269142e+00
13                                     2.1875928593681806e+00
14                                     4.0029297366504268e+00
15                                     3.9950451676645273e+00
16                                     2.1827605628737023e+00
17                                     4.0019886444428829e+00
18                                     3.9888197698904970e+00
19                                     9.5325936755055718e-01
20                                     9.7962567982961268e-01
21                                     9.6110689058483434e-01
22                                     9.4876216662790580e-01
23                                     9.7919772298952890e-01
24                                     9.5125499700553817e-01
25                                     9.7771229338275412e-01
26                                     9.5431484695404833e-01
27                                     9.8407535463847673e-01
28                                     9.8608789747321646e-01
29                                     9.5990382581245404e-01
30                                     9.7587574480717376e-01
31                                     9.7236938523457861e-01
32                                     9.4673699612176143e-01
33                                     9.5396209156318990e-01
34                                     9.6254399336857466e-01
35                                     9.8726813272173009e-01
36                                     9.4909238669406482e-01
37                                     9.8101608831085407e-01
38                                     9.6079069101566894e-01
39                                     9.5491854158307077e-01
40                                     9.8181975706305169e-01
   &BVA [&Type "ArrayOfDoubles", &Dim (41,1)] "Mayer's bonded valence"
                                                         0

0                                      3.9938092487359338e+00
1                                      4.0033094662639241e+00
2                                      2.1639766181513109e+00
3                                      4.9528430902193534e+00
4                                      2.0333220138650776e+00
5                                      2.1736928766443797e+00
6                                      3.9976705211985282e+00
7                                      3.9850257644992819e+00
8                                      2.2483200013382936e+00
9                                      3.8092511244515208e+00
10                                     2.2903683692708556e+00
11                                     4.9532844803339593e+00
12                                     2.0544146844268969e+00
13                                     2.1875928593682281e+00
14                                     4.0029297366503913e+00
15                                     3.9950451676645007e+00
16                                     2.1827605628737077e+00
17                                     4.0019886444428829e+00
18                                     3.9888197698904970e+00
19                                     9.5325936755057228e-01
20                                     9.7962567982960902e-01
21                                     9.6110689058483356e-01
22                                     9.4876216662789958e-01
23                                     9.7919772298951357e-01
24                                     9.5125499700553806e-01
25                                     9.7771229338275645e-01
26                                     9.5431484695404922e-01
27                                     9.8407535463847040e-01
28                                     9.8608789747321313e-01
29                                     9.5990382581245404e-01
30                                     9.7587574480718220e-01
31                                     9.7236938523456951e-01
32                                     9.4673699612176065e-01
33                                     9.5396209156319101e-01
34                                     9.6254399336857543e-01
35                                     9.8726813272171521e-01
36                                     9.4909238669406015e-01
37                                     9.8101608831085130e-01
38                                     9.6079069101565895e-01
39                                     9.5491854158306488e-01
40                                     9.8181975706306401e-01
   &FA [&Type "ArrayOfDoubles", &Dim (41,1)] "Mayer's free valence"
                                                         0

0                                      0.0000000000000000e+00
1                                      0.0000000000000000e+00
2                                      0.0000000000000000e+00
3                                      0.0000000000000000e+00
4                                      0.0000000000000000e+00
5                                      0.0000000000000000e+00
6                                      0.0000000000000000e+00
7                                      0.0000000000000000e+00
8                                      0.0000000000000000e+00
9                                      0.0000000000000000e+00
10                                     0.0000000000000000e+00
11                                     0.0000000000000000e+00
12                                     0.0000000000000000e+00
13                                     0.0000000000000000e+00
14                                     0.0000000000000000e+00
15                                     0.0000000000000000e+00
16                                     0.0000000000000000e+00
17                                     0.0000000000000000e+00
18                                     0.0000000000000000e+00
19                                     0.0000000000000000e+00
20                                     0.0000000000000000e+00
21                                     0.0000000000000000e+00
22                                     0.0000000000000000e+00
23                                     0.0000000000000000e+00
24                                     0.0000000000000000e+00
25                                     0.0000000000000000e+00
26                                     0.0000000000000000e+00
27                                     0.0000000000000000e+00
28                                     0.0000000000000000e+00
29                                     0.0000000000000000e+00
30                                     0.0000000000000000e+00
31                                     0.0000000000000000e+00
32                                     0.0000000000000000e+00
33                                     0.0000000000000000e+00
34                                     0.0000000000000000e+00
35                                     0.0000000000000000e+00
36                                     0.0000000000000000e+00
37                                     0.0000000000000000e+00
38                                     0.0000000000000000e+00
39                                     0.0000000000000000e+00
40                                     0.0000000000000000e+00
$End
$VdW_Correction
   &GeometryIndex 1
   &ListStatus       OUT
   &VDW [&Type "Double"]      -6.5690473281926620e-02
$End
$Calculation_Info
   &GeometryIndex 1
   &ListStatus       OUT
   &MULT [&Type "Integer"] 1
   &CHARGE [&Type "Integer"] 0
   &NUMOFATOMS [&Type "Integer"] 41
   &NUMOFELECTRONS [&Type "Integer"] 202
   &NUMOFFCELECTRONS [&Type "Integer"] 1
   &NUMOFCORRELECTRONS [&Type "Integer"] 0
   &NUMOFBASISFUNCTS [&Type "Integer"] 334
   &NUMOFAUXCBASISFUNCTS [&Type "Integer"] 0
   &NUMOFAUXJBASISFUNCTS [&Type "Integer"] 1185
   &NUMOFAUXJKBASISFUNCTS [&Type "Integer"] 0
   &NUMOFCABSBASISFUNCTS [&Type "Integer"] 0
   &TOTALENERGY [&Type "Double"]      -2.9295235516062685e+03  "Hartrees"
$End
$SCF_Dipole_Moment
   &GeometryIndex 1
   &ListStatus       OUT
   &METHOD [&Type "String"] "SCF"
   &LEVEL [&Type "String"] "Relaxed density"
   &MULT [&Type "Integer"] 1
   &STATE [&Type "Integer"] -1
   &IRREP [&Type "Integer"] 0
   &NATOMS [&Type "Integer"] 41
   &DODIPOLEATOM [&Type "Boolean"] false
   &DIPOLEELECCONTRIB [&Type "ArrayOfDoubles", &Dim (3,1)] "Electronic contribution"
                                                         0

0                                      8.7001344096264788e-01
1                                      6.8529974237581248e+00
2                                     -6.9073254374187352e+00
   &DIPOLENUCCONTRIB [&Type "ArrayOfDoubles", &Dim (3,1)] "Nuclear contribution"
                                                         0

0                                     -1.2714420710347873e+00
1                                     -8.1291632381506265e+00
2                                      7.3245927057982332e+00
   &DIPOLETOTAL [&Type "ArrayOfDoubles", &Dim (3,1)] "Total"
                                                         0

0                                     -4.0142863007213947e-01
1                                     -1.2761658143925017e+00
2                                      4.1726726837949801e-01
   &DIPOLEMAGNITUDE [&Type "Double", &Units "a.u."]       1.4013765033446792e+00
$End
