*************************************************
******************* ORCA 6.0.0 ******************
*************************************************
$Calculation_Status
   &GeometryIndex 1
   &ListStatus       OUT
   &VERSION [&Type "String"] "6.0.0"
   &PROGNAME [&Type "String"] "LeanSCF"
   &STATUS [&Type "String"] "NORMAL TERMINATION"
$End
$Geometry
   &GeometryIndex 1
   &ListStatus       OUT
   &NATOMS [&Type "Integer"] 41
   &NCORELESSECP [&Type "Integer"] 0
   &NGHOSTATOMS [&Type "Integer"] 0
   &CartesianCoordinates [&Type "Coordinates", &Dim(41,4), &Units "Bohr"] 
              C      7.793030314643    4.595626597397   -0.977043694608
              C      8.524242168311    1.830239564382   -0.851807823221
              O      6.420196838058    0.188304114268   -1.374802489391
              P      4.088662977853   -0.080447970608    0.497223259757
              S      4.961269779426   -0.091176656408    4.104050117685
              O      2.740371108118   -2.541901870304   -0.543082245971
              C      3.242886636998   -5.027333895287    0.436091836308
              C      5.897454012099   -5.898604357560   -0.178529963343
              S      1.503817962713    2.661393754513   -0.750706288875
              C     -0.502939432435    2.625737134756    2.035591156808
              S     -2.058487236061   -0.381577919897    2.589806650220
              P     -4.153178927642   -0.765458953346   -0.820416214248
              S     -2.448978627903   -2.077995562456   -3.827722328418
              O     -5.482001919205    1.920486625576   -1.141143726579
              C     -5.402778485462    3.430385064829   -3.411760334501
              C     -4.085327028624    5.926271166278   -2.927098213425
              O     -6.318882486156   -2.660770508850    0.002391594687
              C     -8.642273976787   -2.008640188633    1.295954981892
              C     -8.222187202237   -0.783537941160    3.846340929419
              H      6.858824804379    5.005957755834   -2.760383698294
              H      6.510422389066    5.055964936387    0.565639563468
              H      9.479643598626    5.750086095309   -0.807793098031
              H      9.267320601646    1.359139035505    1.020850217521
              H      9.904904390796    1.338050092472   -2.301098054302
              H      2.929188931397   -4.996519234254    2.482451135642
              H      1.813808503173   -6.207335559958   -0.470439586580
              H      6.131827478217   -7.844128071266    0.427787642872
              H      6.233171321940   -5.762070820842   -2.200595817875
              H      7.265580115499   -4.717558451015    0.808126709905
              H     -1.906762881269    4.102842631441    1.782585722712
              H      0.647245824703    2.962239085723    3.711324675734
              H     -4.447714667004    2.351974850539   -4.897639581693
              H     -7.375877427410    3.725148939488   -3.939114654421
              H     -2.083743713268    5.631069973087   -2.555922303693
              H     -4.277085609887    7.102364161287   -4.596108071081
              H     -4.946840750964    6.885850414091   -1.329380699067
              H     -9.734610794083   -0.769353315325    0.059193553896
              H     -9.595088829150   -3.828408842868    1.477286188518
              H    -10.034444939642   -0.575300058137    4.785598455639
              H     -6.988087862627   -1.944649933821    5.008553644845
              H     -7.367608618151    1.071257320059    3.619363566985
$End
$SCF_Energy
   &GeometryIndex 1
   &ListStatus       OUT
   &SCF_ENERGY [&Type "Double"]      -2.9296335177553865e+03
$End
$DFT_Energy
   &GeometryIndex 1
   &ListStatus       OUT
   &NALPHAEL [&Type "Integer"] 101
   &NBETAEL [&Type "Integer"] 101
   &NTOTALEL [&Type "Integer"] 202
   &EEXCHANGE [&Type "Double"]      -2.3180333106669613e+02
   &ECORR [&Type "Double"]      -7.2960384771592288e+00
   &ECNL [&Type "Double"]       0.0000000000000000e+00
   &EXC [&Type "Double"]      -2.3909936954385535e+02
   &EEMBED [&Type "Double"]       0.0000000000000000e+00
   &FINALEN [&Type "Double"]      -2.9296335177553865e+03  "No Van der Waals correction"
$End
$Mulliken_Population_Analysis
   &GeometryIndex 1
   &ListStatus       OUT
   &NATOMS [&Type "Integer"] 41
   &ATNO [&Type "ArrayOfIntegers", &Dim (41,1)] 
                                                         0

0                                                        6
1                                                        6
2                                                        8
3                                                       15
4                                                       16
5                                                        8
6                                                        6
7                                                        6
8                                                       16
9                                                        6
10                                                      16
11                                                      15
12                                                      16
13                                                       8
14                                                       6
15                                                       6
16                                                       8
17                                                       6
18                                                       6
19                                                       1
20                                                       1
21                                                       1
22                                                       1
23                                                       1
24                                                       1
25                                                       1
26                                                       1
27                                                       1
28                                                       1
29                                                       1
30                                                       1
31                                                       1
32                                                       1
33                                                       1
34                                                       1
35                                                       1
36                                                       1
37                                                       1
38                                                       1
39                                                       1
40                                                       1
   &ATOMICCHARGES [&Type "ArrayOfDoubles", &Dim (41,1)] 
                                                         0

0                                     -3.1548519567127897e-01
1                                     -4.8806608632965265e-03
2                                     -3.6834115673779877e-01
3                                      6.3109735154414182e-01
4                                     -3.4367214804536417e-01
5                                     -3.4222685437165268e-01
6                                      2.8905921263824297e-03
7                                     -3.0958898070267882e-01
8                                     -9.1412836909949391e-02
9                                     -3.6556263926504862e-01
10                                    -8.7005224167214124e-02
11                                     6.1957493744042402e-01
12                                    -2.9203979686353421e-01
13                                    -3.9953897880905664e-01
14                                    -7.6877542284812250e-03
15                                    -3.1550047948476223e-01
16                                    -3.7079658142997651e-01
17                                     5.2009539507453795e-03
18                                    -3.2070064637504458e-01
19                                     1.1890365435069428e-01
20                                     1.2400889474400811e-01
21                                     1.1310885170611074e-01
22                                     1.1123108711505192e-01
23                                     1.0694490082312536e-01
24                                     1.0764208389119689e-01
25                                     1.0859594275822759e-01
26                                     1.0957389315796173e-01
27                                     1.1866252070053518e-01
28                                     1.1727706732786580e-01
29                                     1.8342726817926813e-01
30                                     1.9204861690256891e-01
31                                     1.1795470930621432e-01
32                                     1.0107608747324126e-01
33                                     1.3504281151028397e-01
34                                     1.1620655802958080e-01
35                                     1.1694802014671524e-01
36                                     1.0212419925304927e-01
37                                     1.1084534590436756e-01
38                                     1.1158204068060251e-01
39                                     1.2720791690019151e-01
40                                     1.2526362800271507e-01
$End
$Loewdin_Population_Analysis
   &GeometryIndex 1
   &ListStatus       OUT
   &NATOMS [&Type "Integer"] 41
   &ATNO [&Type "ArrayOfIntegers", &Dim (41,1)] 
                                                         0

0                                                        6
1                                                        6
2                                                        8
3                                                       15
4                                                       16
5                                                        8
6                                                        6
7                                                        6
8                                                       16
9                                                        6
10                                                      16
11                                                      15
12                                                      16
13                                                       8
14                                                       6
15                                                       6
16                                                       8
17                                                       6
18                                                       6
19                                                       1
20                                                       1
21                                                       1
22                                                       1
23                                                       1
24                                                       1
25                                                       1
26                                                       1
27                                                       1
28                                                       1
29                                                       1
30                                                       1
31                                                       1
32                                                       1
33                                                       1
34                                                       1
35                                                       1
36                                                       1
37                                                       1
38                                                       1
39                                                       1
40                                                       1
   &ATOMICCHARGES [&Type "ArrayOfDoubles", &Dim (41,1)] 
                                                         0

0                                      2.0763276209927605e-03
1                                      8.5101909860093750e-02
2                                      4.7868275456737175e-01
3                                      5.0168638696596782e-02
4                                      8.4762206775816873e-05
5                                      3.4259265350300361e-01
6                                      3.6984846928936638e-02
7                                      1.2676808042207128e-03
8                                      6.1535624473597883e-04
9                                      2.0638027024845912e-04
10                                     4.7975569918384858e-05
11                                     4.9873142815973120e-05
12                                     1.2990971609366634e-05
13                                     4.1082745597343252e-04
14                                     6.4144881621838170e-05
15                                     8.9052931819588792e-06
16                                     1.9057627953465671e-04
17                                     1.0009075154947739e-05
18                                     3.9164096579787661e-06
19                                     2.5644103548361910e-06
20                                     1.3243023026346839e-05
21                                     1.2679926078298771e-04
22                                     1.4484911097074264e-04
23                                     5.3826775487889392e-04
24                                     4.6769244510155862e-05
25                                     2.8234594413034577e-04
26                                     1.3978244585381502e-04
27                                     4.1425642264095657e-05
28                                     6.0761003325343591e-05
29                                     9.6129081804232551e-06
30                                     5.4703413328515175e-06
31                                     8.8550462198528351e-07
32                                     2.3668270482536946e-07
33                                     3.7750762849362882e-06
34                                     9.7560932366096974e-07
35                                     2.8505374072511647e-07
36                                     1.5689055801094441e-09
37                                     1.0106543007911943e-07
38                                     4.9397304138940687e-07
39                                     5.7288980418114204e-07
40                                     2.5170408506847484e-07
$End
$Mayer_Population_Analysis
   &GeometryIndex 1
   &ListStatus       OUT
   &NATOMS [&Type "Integer"] 41 "Total number of atoms"
   &BONDTHRESH [&Type "Double"]       1.0000000000000001e-01  "The threshold for printing"
   &NBONDORDERSPRINT [&Type "Integer"] 42 "The number of bond orders larger than threshold"
   &BONDORDERS [&Type "ArrayOfDoubles", &Dim (42,1)] "The bond orders"
                                                         0

0                                      1.1659636913770355e+00
1                                      9.4461458915970031e-01
2                                      9.3525637032781805e-01
3                                      9.3773984598287663e-01
4                                      9.0868362789837331e-01
5                                      9.1578070855854954e-01
6                                      9.3377390819843720e-01
7                                      1.1119956722269593e+00
8                                      1.5809150815825868e+00
9                                      1.1504562775723080e+00
10                                     9.5240161462612627e-01
11                                     1.0577897055762296e-01
12                                     9.0715612862977546e-01
13                                     1.1626488625958868e+00
14                                     9.1938338460346325e-01
15                                     9.2968259203961701e-01
16                                     9.4001222509430482e-01
17                                     9.4589688702497232e-01
18                                     9.3769494796711517e-01
19                                     1.0084409724437784e+00
20                                     1.0015043077136603e+00
21                                     8.9938011685304375e-01
22                                     8.8368065117408279e-01
23                                     9.5321326186531818e-01
24                                     1.0537169326416725e-01
25                                     1.6894716048619127e+00
26                                     1.0450383946927617e+00
27                                     1.1216383022196532e+00
28                                     9.0581703983169282e-01
29                                     1.1679880059237553e+00
30                                     8.9495101502741092e-01
31                                     9.3323805813779281e-01
32                                     9.2934648362261929e-01
33                                     9.3670674470912973e-01
34                                     9.4299343179630535e-01
35                                     9.0368979927027027e-01
36                                     1.1700565457011565e+00
37                                     9.3071103821725332e-01
38                                     9.3584803805020012e-01
39                                     9.3380996375768055e-01
40                                     9.4065335511802717e-01
41                                     9.3882352787071388e-01
   &COMPONENTS [&Type "ArrayOfIntegers", &Dim (42,4)] "The indices and atomic numbers of the bonding atoms"
                                                         0                           1                           2                           3

0                                                        0                           6                           1                           6
1                                                        0                           6                          19                           1
2                                                        0                           6                          20                           1
3                                                        0                           6                          21                           1
4                                                        1                           6                           2                           8
5                                                        1                           6                          22                           1
6                                                        1                           6                          23                           1
7                                                        2                           8                           3                          15
8                                                        3                          15                           4                          16
9                                                        3                          15                           5                           8
10                                                       3                          15                           8                          16
11                                                       4                          16                           8                          16
12                                                       5                           8                           6                           6
13                                                       6                           6                           7                           6
14                                                       6                           6                          24                           1
15                                                       6                           6                          25                           1
16                                                       7                           6                          26                           1
17                                                       7                           6                          27                           1
18                                                       7                           6                          28                           1
19                                                       8                          16                           9                           6
20                                                       9                           6                          10                          16
21                                                       9                           6                          29                           1
22                                                       9                           6                          30                           1
23                                                      10                          16                          11                          15
24                                                      10                          16                          12                          16
25                                                      11                          15                          12                          16
26                                                      11                          15                          13                           8
27                                                      11                          15                          16                           8
28                                                      13                           8                          14                           6
29                                                      14                           6                          15                           6
30                                                      14                           6                          31                           1
31                                                      14                           6                          32                           1
32                                                      15                           6                          33                           1
33                                                      15                           6                          34                           1
34                                                      15                           6                          35                           1
35                                                      16                           8                          17                           6
36                                                      17                           6                          18                           6
37                                                      17                           6                          36                           1
38                                                      17                           6                          37                           1
39                                                      18                           6                          38                           1
40                                                      18                           6                          39                           1
41                                                      18                           6                          40                           1
   &ATNO [&Type "ArrayOfIntegers", &Dim (41,1)] "Atomic number of the elements"
                                                         0

0                                                        6
1                                                        6
2                                                        8
3                                                       15
4                                                       16
5                                                        8
6                                                        6
7                                                        6
8                                                       16
9                                                        6
10                                                      16
11                                                      15
12                                                      16
13                                                       8
14                                                       6
15                                                       6
16                                                       8
17                                                       6
18                                                       6
19                                                       1
20                                                       1
21                                                       1
22                                                       1
23                                                       1
24                                                       1
25                                                       1
26                                                       1
27                                                       1
28                                                       1
29                                                       1
30                                                       1
31                                                       1
32                                                       1
33                                                       1
34                                                       1
35                                                       1
36                                                       1
37                                                       1
38                                                       1
39                                                       1
40                                                       1
   &NA [&Type "ArrayOfDoubles", &Dim (41,1)] "Mulliken gross atomic population"
                                                         0

0                                      6.3154851956712719e+00
1                                      6.0048806608633125e+00
2                                      8.3683411567377899e+00
3                                      1.4368902648455913e+01
4                                      1.6343672148045325e+01
5                                      8.3422268543716456e+00
6                                      5.9971094078736060e+00
7                                      6.3095889807026699e+00
8                                      1.6091412836909992e+01
9                                      6.3655626392650220e+00
10                                     1.6087005224167228e+01
11                                     1.4380425062559574e+01
12                                     1.6292039796863577e+01
13                                     8.3995389788090975e+00
14                                     6.0076877542284643e+00
15                                     6.3155004794847542e+00
16                                     8.3707965814299410e+00
17                                     5.9947990460492608e+00
18                                     6.3207006463750313e+00
19                                     8.8109634564930484e-01
20                                     8.7599110525599166e-01
21                                     8.8689114829388882e-01
22                                     8.8876891288494875e-01
23                                     8.9305509917687387e-01
24                                     8.9235791610880288e-01
25                                     8.9140405724177219e-01
26                                     8.9042610684203893e-01
27                                     8.8133747929946593e-01
28                                     8.8272293267213442e-01
29                                     8.1657273182073153e-01
30                                     8.0795138309743253e-01
31                                     8.8204529069378534e-01
32                                     8.9892391252675885e-01
33                                     8.6495718848971692e-01
34                                     8.8379344197041987e-01
35                                     8.8305197985328543e-01
36                                     8.9787580074695128e-01
37                                     8.8915465409563232e-01
38                                     8.8841795931939815e-01
39                                     8.7279208309980905e-01
40                                     8.7473637199728460e-01
   &ZA [&Type "ArrayOfDoubles", &Dim (41,1)] "Total nuclear charge"
                                                         0

0                                      6.0000000000000000e+00
1                                      6.0000000000000000e+00
2                                      8.0000000000000000e+00
3                                      1.5000000000000000e+01
4                                      1.6000000000000000e+01
5                                      8.0000000000000000e+00
6                                      6.0000000000000000e+00
7                                      6.0000000000000000e+00
8                                      1.6000000000000000e+01
9                                      6.0000000000000000e+00
10                                     1.6000000000000000e+01
11                                     1.5000000000000000e+01
12                                     1.6000000000000000e+01
13                                     8.0000000000000000e+00
14                                     6.0000000000000000e+00
15                                     6.0000000000000000e+00
16                                     8.0000000000000000e+00
17                                     6.0000000000000000e+00
18                                     6.0000000000000000e+00
19                                     1.0000000000000000e+00
20                                     1.0000000000000000e+00
21                                     1.0000000000000000e+00
22                                     1.0000000000000000e+00
23                                     1.0000000000000000e+00
24                                     1.0000000000000000e+00
25                                     1.0000000000000000e+00
26                                     1.0000000000000000e+00
27                                     1.0000000000000000e+00
28                                     1.0000000000000000e+00
29                                     1.0000000000000000e+00
30                                     1.0000000000000000e+00
31                                     1.0000000000000000e+00
32                                     1.0000000000000000e+00
33                                     1.0000000000000000e+00
34                                     1.0000000000000000e+00
35                                     1.0000000000000000e+00
36                                     1.0000000000000000e+00
37                                     1.0000000000000000e+00
38                                     1.0000000000000000e+00
39                                     1.0000000000000000e+00
40                                     1.0000000000000000e+00
   &QA [&Type "ArrayOfDoubles", &Dim (41,1)] "Mulliken gross atomic charge"
                                                         0

0                                     -3.1548519567127187e-01
1                                     -4.8806608633125137e-03
2                                     -3.6834115673778989e-01
3                                      6.3109735154408675e-01
4                                     -3.4367214804532509e-01
5                                     -3.4222685437164557e-01
6                                      2.8905921263939760e-03
7                                     -3.0958898070266994e-01
8                                     -9.1412836909992023e-02
9                                     -3.6556263926502197e-01
10                                    -8.7005224167228334e-02
11                                     6.1957493744042580e-01
12                                    -2.9203979686357684e-01
13                                    -3.9953897880909750e-01
14                                    -7.6877542284643496e-03
15                                    -3.1550047948475424e-01
16                                    -3.7079658142994099e-01
17                                     5.2009539507391622e-03
18                                    -3.2070064637503126e-01
19                                     1.1890365435069516e-01
20                                     1.2400889474400834e-01
21                                     1.1310885170611118e-01
22                                     1.1123108711505125e-01
23                                     1.0694490082312613e-01
24                                     1.0764208389119712e-01
25                                     1.0859594275822781e-01
26                                     1.0957389315796107e-01
27                                     1.1866252070053407e-01
28                                     1.1727706732786558e-01
29                                     1.8342726817926847e-01
30                                     1.9204861690256747e-01
31                                     1.1795470930621466e-01
32                                     1.0107608747324115e-01
33                                     1.3504281151028308e-01
34                                     1.1620655802958013e-01
35                                     1.1694802014671457e-01
36                                     1.0212419925304872e-01
37                                     1.1084534590436768e-01
38                                     1.1158204068060185e-01
39                                     1.2720791690019095e-01
40                                     1.2526362800271540e-01
   &VA [&Type "ArrayOfDoubles", &Dim (41,1)] "Mayer's total valence"
                                                         0

0                                      3.9886259584139729e+00
1                                      4.0051564484560016e+00
2                                      2.1882481601367183e+00
3                                      4.9562947546134781e+00
4                                      2.0463932907853661e+00
5                                      2.2133108177653105e+00
6                                      3.9983426624522616e+00
7                                      3.9975814667149621e+00
8                                      2.3098521093056807e+00
9                                      3.8524817113028793e+00
10                                     2.2741868687333091e+00
11                                     4.9469200010015113e+00
12                                     2.0710546454340237e+00
13                                     2.1454245336209885e+00
14                                     3.9791874840553034e+00
15                                     4.0001731458611882e+00
16                                     2.1642214450915542e+00
17                                     4.0417290570688458e+00
18                                     3.9958023162858693e+00
19                                     9.6100021206499586e-01
20                                     9.8375612051185179e-01
21                                     9.5494964743245281e-01
22                                     9.8091846938988259e-01
23                                     9.4904056837945772e-01
24                                     9.7905818878192219e-01
25                                     9.6101774758743619e-01
26                                     9.5406081086106709e-01
27                                     9.5939884517214169e-01
28                                     9.7858837908299634e-01
29                                     9.5158513527757049e-01
30                                     9.6888734607787530e-01
31                                     1.0083454783110171e+00
32                                     9.4779192674863166e-01
33                                     9.6731381346674594e-01
34                                     9.5478614433854259e-01
35                                     9.5485984697388204e-01
36                                     9.5540978522689946e-01
37                                     9.4793873633978576e-01
38                                     9.5364824502543399e-01
39                                     9.6231506385051790e-01
40                                     9.7801470512783739e-01
   &BVA [&Type "ArrayOfDoubles", &Dim (41,1)] "Mayer's bonded valence"
                                                         0

0                                      3.9886259584139236e+00
1                                      4.0051564484559883e+00
2                                      2.1882481601367174e+00
3                                      4.9562947546132667e+00
4                                      2.0463932907853204e+00
5                                      2.2133108177653624e+00
6                                      3.9983426624522389e+00
7                                      3.9975814667149945e+00
8                                      2.3098521093056150e+00
9                                      3.8524817113029295e+00
10                                     2.2741868687332651e+00
11                                     4.9469200010014509e+00
12                                     2.0710546454339278e+00
13                                     2.1454245336209046e+00
14                                     3.9791874840553518e+00
15                                     4.0001731458612184e+00
16                                     2.1642214450916586e+00
17                                     4.0417290570688928e+00
18                                     3.9958023162858933e+00
19                                     9.6100021206499620e-01
20                                     9.8375612051184191e-01
21                                     9.5494964743244348e-01
22                                     9.8091846938989080e-01
23                                     9.4904056837945860e-01
24                                     9.7905818878191397e-01
25                                     9.6101774758743219e-01
26                                     9.5406081086107697e-01
27                                     9.5939884517214591e-01
28                                     9.7858837908299656e-01
29                                     9.5158513527757937e-01
30                                     9.6888734607787264e-01
31                                     1.0083454783110180e+00
32                                     9.4779192674863066e-01
33                                     9.6731381346673706e-01
34                                     9.5478614433854303e-01
35                                     9.5485984697388337e-01
36                                     9.5540978522690378e-01
37                                     9.4793873633978942e-01
38                                     9.5364824502543166e-01
39                                     9.6231506385051746e-01
40                                     9.7801470512784661e-01
   &FA [&Type "ArrayOfDoubles", &Dim (41,1)] "Mayer's free valence"
                                                         0

0                                      0.0000000000000000e+00
1                                      0.0000000000000000e+00
2                                      0.0000000000000000e+00
3                                      0.0000000000000000e+00
4                                      0.0000000000000000e+00
5                                      0.0000000000000000e+00
6                                      0.0000000000000000e+00
7                                      0.0000000000000000e+00
8                                      0.0000000000000000e+00
9                                      0.0000000000000000e+00
10                                     0.0000000000000000e+00
11                                     0.0000000000000000e+00
12                                     0.0000000000000000e+00
13                                     0.0000000000000000e+00
14                                     0.0000000000000000e+00
15                                     0.0000000000000000e+00
16                                     0.0000000000000000e+00
17                                     0.0000000000000000e+00
18                                     0.0000000000000000e+00
19                                     0.0000000000000000e+00
20                                     0.0000000000000000e+00
21                                     0.0000000000000000e+00
22                                     0.0000000000000000e+00
23                                     0.0000000000000000e+00
24                                     0.0000000000000000e+00
25                                     0.0000000000000000e+00
26                                     0.0000000000000000e+00
27                                     0.0000000000000000e+00
28                                     0.0000000000000000e+00
29                                     0.0000000000000000e+00
30                                     0.0000000000000000e+00
31                                     0.0000000000000000e+00
32                                     0.0000000000000000e+00
33                                     0.0000000000000000e+00
34                                     0.0000000000000000e+00
35                                     0.0000000000000000e+00
36                                     0.0000000000000000e+00
37                                     0.0000000000000000e+00
38                                     0.0000000000000000e+00
39                                     0.0000000000000000e+00
40                                     0.0000000000000000e+00
$End
$VdW_Correction
   &GeometryIndex 1
   &ListStatus       OUT
   &VDW [&Type "Double"]      -6.7162870022712817e-02
$End
$Calculation_Info
   &GeometryIndex 1
   &ListStatus       OUT
   &MULT [&Type "Integer"] 1
   &CHARGE [&Type "Integer"] 0
   &NUMOFATOMS [&Type "Integer"] 41
   &NUMOFELECTRONS [&Type "Integer"] 202
   &NUMOFFCELECTRONS [&Type "Integer"] 1
   &NUMOFCORRELECTRONS [&Type "Integer"] 0
   &NUMOFBASISFUNCTS [&Type "Integer"] 334
   &NUMOFAUXCBASISFUNCTS [&Type "Integer"] 0
   &NUMOFAUXJBASISFUNCTS [&Type "Integer"] 1185
   &NUMOFAUXJKBASISFUNCTS [&Type "Integer"] 0
   &NUMOFCABSBASISFUNCTS [&Type "Integer"] 0
   &TOTALENERGY [&Type "Double"]      -2.9295158843468093e+03  "Hartrees"
$End
$SCF_Dipole_Moment
   &GeometryIndex 1
   &ListStatus       OUT
   &METHOD [&Type "String"] "SCF"
   &LEVEL [&Type "String"] "Relaxed density"
   &MULT [&Type "Integer"] 1
   &STATE [&Type "Integer"] -1
   &IRREP [&Type "Integer"] 0
   &NATOMS [&Type "Integer"] 41
   &DODIPOLEATOM [&Type "Boolean"] false
   &DIPOLEELECCONTRIB [&Type "ArrayOfDoubles", &Dim (3,1)] "Electronic contribution"
                                                         0

0                                      2.0635679717313660e-01
1                                     -7.1532506044940387e+00
2                                      1.9636201462310265e-03
   &DIPOLENUCCONTRIB [&Type "ArrayOfDoubles", &Dim (3,1)] "Nuclear contribution"
                                                         0

0                                     -8.7206357577899229e-01
1                                      8.1667524711072250e+00
2                                      4.1984034123189851e-02
   &DIPOLETOTAL [&Type "ArrayOfDoubles", &Dim (3,1)] "Total"
                                                         0

0                                     -6.6570677860585570e-01
1                                      1.0135018666131863e+00
2                                      4.3947654269420877e-02
   &DIPOLEMAGNITUDE [&Type "Double", &Units "a.u."]       1.2133766707111124e+00
$End
