*************************************************
******************* ORCA 6.0.0 ******************
*************************************************
$Calculation_Status
   &GeometryIndex 1
   &ListStatus       OUT
   &VERSION [&Type "String"] "6.0.0"
   &PROGNAME [&Type "String"] "LeanSCF"
   &STATUS [&Type "String"] "NORMAL TERMINATION"
$End
$Geometry
   &GeometryIndex 1
   &ListStatus       OUT
   &NATOMS [&Type "Integer"] 41
   &NCORELESSECP [&Type "Integer"] 0
   &NGHOSTATOMS [&Type "Integer"] 0
   &CartesianCoordinates [&Type "Coordinates", &Dim(41,4), &Units "Bohr"] 
              C      9.090289927742    3.035395872510    1.296176263153
              C      8.213969798631    2.005881996902   -1.225175217736
              O      6.837503581501   -0.331629140385   -0.992779308632
              P      4.445100312723   -0.762412073445    0.766340685387
              S      4.967313358496   -1.245884837176    4.390522503348
              O      3.255413294791   -3.236710726266   -0.391572844503
              C      2.974920278705   -3.710029401128   -3.069408841167
              C      5.126257386093   -5.333689798673   -4.028901658764
              S      2.054185292281    2.336614833001   -0.231426634366
              C      0.082220936045    2.221798360472    2.549661621736
              S     -2.025073134844   -0.487677583714    2.649425819952
              P     -4.155616517319    0.209493808995   -0.671350672001
              S     -2.819262174561   -0.666754625796   -3.995674336566
              O     -4.737933856703    3.143359980003   -0.231278381004
              C     -5.277441938536    4.816007791014   -2.312501091329
              C     -7.905395632853    4.363437289406   -3.353197079293
              O     -6.695485602984   -1.306540686477   -0.204317588143
              C     -8.250232263263   -1.005209870827    2.028738143785
              C     -7.969267257272   -3.275924880947    3.750743180486
              H      7.471015842124    3.560457644525    2.452474608023
              H     10.176124002202    1.616571064253    2.311310893055
              H     10.257419828109    4.692610982203    0.984659422075
              H      9.810700781461    1.507861883665   -2.432018852880
              H      7.003269755713    3.371997473271   -2.194283544883
              H      1.159309036137   -4.674653955613   -3.248064974532
              H      2.872684560591   -1.909405675739   -4.077808203101
              H      6.913266063277   -4.343415246064   -3.818564735038
              H      5.209003427520   -7.085761559055   -2.961412482473
              H      4.808226747660   -5.757140633073   -6.010417344915
              H     -1.015881318523    3.955824462140    2.585985159293
              H      1.277325762331    2.040789085889    4.221440744730
              H     -5.081988640515    6.703495577967   -1.507559033321
              H     -3.849785617080    4.522749485921   -3.779743375240
              H     -8.032588504058    2.449878815576   -4.103820313759
              H     -9.313271303828    4.598527783382   -1.876183506258
              H     -8.277155879164    5.697519605551   -4.866024749199
              H     -7.719538247543    0.741160644768    2.994392422324
              H    -10.177035273875   -0.850535983864    1.309617172150
              H     -6.038187925865   -3.418741361919    4.443774282257
              H     -9.241890772301   -3.073502158048    5.346432603719
              H     -8.430106208336   -4.994925499515    2.727026881668
$End
$SCF_Energy
   &GeometryIndex 1
   &ListStatus       OUT
   &SCF_ENERGY [&Type "Double"]      -2.9296370472269218e+03
$End
$DFT_Energy
   &GeometryIndex 1
   &ListStatus       OUT
   &NALPHAEL [&Type "Integer"] 100
   &NBETAEL [&Type "Integer"] 100
   &NTOTALEL [&Type "Integer"] 201
   &EEXCHANGE [&Type "Double"]      -2.3180573579191207e+02
   &ECORR [&Type "Double"]      -7.2933776660469389e+00
   &ECNL [&Type "Double"]       0.0000000000000000e+00
   &EXC [&Type "Double"]      -2.3909911345795902e+02
   &EEMBED [&Type "Double"]       0.0000000000000000e+00
   &FINALEN [&Type "Double"]      -2.9296370472269218e+03  "No Van der Waals correction"
$End
$Mulliken_Population_Analysis
   &GeometryIndex 1
   &ListStatus       OUT
   &NATOMS [&Type "Integer"] 41
   &ATNO [&Type "ArrayOfIntegers", &Dim (41,1)] 
                                                         0

0                                                        6
1                                                        6
2                                                        8
3                                                       15
4                                                       16
5                                                        8
6                                                        6
7                                                        6
8                                                       16
9                                                        6
10                                                      16
11                                                      15
12                                                      16
13                                                       8
14                                                       6
15                                                       6
16                                                       8
17                                                       6
18                                                       6
19                                                       1
20                                                       1
21                                                       1
22                                                       1
23                                                       1
24                                                       1
25                                                       1
26                                                       1
27                                                       1
28                                                       1
29                                                       1
30                                                       1
31                                                       1
32                                                       1
33                                                       1
34                                                       1
35                                                       1
36                                                       1
37                                                       1
38                                                       1
39                                                       1
40                                                       1
   &ATOMICCHARGES [&Type "ArrayOfDoubles", &Dim (41,1)] 
                                                         0

0                                     -3.0754251502979901e-01
1                                     -1.0090444615559413e-02
2                                     -3.8114161587563800e-01
3                                      6.1160054797527685e-01
4                                     -3.1564142269927231e-01
5                                     -3.4647182541740129e-01
6                                     -1.6068827571353417e-02
7                                     -2.8316988636386142e-01
8                                     -1.0968350028652551e-01
9                                     -3.4975947697224807e-01
10                                    -8.3486931936768372e-02
11                                     6.1476685674026044e-01
12                                    -3.0648872742475319e-01
13                                    -3.9390821644756890e-01
14                                    -1.0212774397495572e-02
15                                    -3.1107758271822128e-01
16                                    -3.6536507357383741e-01
17                                    -2.4002485661936745e-02
18                                    -2.9200376210029066e-01
19                                     1.2279925888362686e-01
20                                     1.2782499994960062e-01
21                                     1.1057831873151436e-01
22                                     1.0894846809120151e-01
23                                     1.1348539620636799e-01
24                                     1.1824482047980245e-01
25                                     1.0307593252004899e-01
26                                     1.1456994525618236e-01
27                                     1.1658678757150587e-01
28                                     1.0757488668729653e-01
29                                     1.8594862877134699e-01
30                                     1.9347469973760389e-01
31                                     1.0235008943316060e-01
32                                     1.1510833482984417e-01
33                                     1.3112421514611505e-01
34                                     1.1135091538114539e-01
35                                     1.1462584601218306e-01
36                                     1.0658238480347837e-01
37                                     1.0960632843522888e-01
38                                     1.3216395675128279e-01
39                                     1.1141202157125751e-01
40                                     1.2231142912713500e-01
$End
$Loewdin_Population_Analysis
   &GeometryIndex 1
   &ListStatus       OUT
   &NATOMS [&Type "Integer"] 41
   &ATNO [&Type "ArrayOfIntegers", &Dim (41,1)] 
                                                         0

0                                                        6
1                                                        6
2                                                        8
3                                                       15
4                                                       16
5                                                        8
6                                                        6
7                                                        6
8                                                       16
9                                                        6
10                                                      16
11                                                      15
12                                                      16
13                                                       8
14                                                       6
15                                                       6
16                                                       8
17                                                       6
18                                                       6
19                                                       1
20                                                       1
21                                                       1
22                                                       1
23                                                       1
24                                                       1
25                                                       1
26                                                       1
27                                                       1
28                                                       1
29                                                       1
30                                                       1
31                                                       1
32                                                       1
33                                                       1
34                                                       1
35                                                       1
36                                                       1
37                                                       1
38                                                       1
39                                                       1
40                                                       1
   &ATOMICCHARGES [&Type "ArrayOfDoubles", &Dim (41,1)] 
                                                         0

0                                      2.2194187942765646e-03
1                                      6.6709109230150082e-02
2                                      3.6444579287637785e-01
3                                      4.5842071061096612e-02
4                                      2.6109559278311549e-04
5                                      4.5324975663005151e-01
6                                      6.4107292480415495e-02
7                                      1.4299701281461239e-03
8                                      1.1036448446260130e-04
9                                      1.0920178151971824e-04
10                                     5.5844265575327655e-05
11                                     1.1817639028786452e-05
12                                     4.8189867616945826e-05
13                                     1.8162395410155644e-05
14                                     5.0610249870732248e-06
15                                     1.2341696956549727e-06
16                                     9.6946039129611379e-05
17                                     3.1766934858417709e-05
18                                     8.8245083276944607e-07
19                                     1.1201508909746822e-05
20                                     8.4545300167201700e-06
21                                     1.2668881542793662e-04
22                                     4.4794381805103849e-04
23                                     1.0562590795741061e-04
24                                     2.6984079480264598e-04
25                                     1.6412550756165708e-04
26                                     7.7632074705320930e-07
27                                     9.4317281652163613e-06
28                                     9.2376503526779636e-05
29                                     4.1932058829275018e-06
30                                     3.7141536833486347e-06
31                                     3.6384925402597602e-07
32                                     6.4237683298850678e-08
33                                     2.4921966838658538e-07
34                                     1.1421950912540727e-08
35                                     4.9917952440944609e-08
36                                     2.0396963379511759e-07
37                                     5.9984601726645551e-07
38                                     6.5802080382966871e-08
39                                     2.1951399564718680e-08
40                                     1.9143214829674857e-08
$End
$Mayer_Population_Analysis
   &GeometryIndex 1
   &ListStatus       OUT
   &NATOMS [&Type "Integer"] 41 "Total number of atoms"
   &BONDTHRESH [&Type "Double"]       1.0000000000000001e-01  "The threshold for printing"
   &NBONDORDERSPRINT [&Type "Integer"] 42 "The number of bond orders larger than threshold"
   &BONDORDERS [&Type "ArrayOfDoubles", &Dim (42,1)] "The bond orders"
                                                         0

0                                      1.1669643112154351e+00
1                                      9.3224468954124318e-01
2                                      9.4277990839145409e-01
3                                      9.3479395122033293e-01
4                                      9.1197392545534939e-01
5                                      9.3293476190949332e-01
6                                      9.2591696475031093e-01
7                                      1.0788590608550961e+00
8                                      1.6379688922799536e+00
9                                      1.1545676623210643e+00
10                                     9.3140037564391442e-01
11                                     1.1129063910539258e-01
12                                     8.8639978755530735e-01
13                                     1.1555459207962686e+00
14                                     9.2756263101788650e-01
15                                     9.1864944414488958e-01
16                                     9.4314031331454717e-01
17                                     9.4655505868077272e-01
18                                     9.4146308980484805e-01
19                                     1.0177541476376044e+00
20                                     9.9533733002557478e-01
21                                     8.9841485578171987e-01
22                                     8.6850973437115431e-01
23                                     9.7025034842008739e-01
24                                     1.0382207261241383e-01
25                                     1.6464501761544945e+00
26                                     1.0548983721672616e+00
27                                     1.1244220567055987e+00
28                                     9.0372212426941279e-01
29                                     1.1639076212181616e+00
30                                     9.3316843229062829e-01
31                                     9.1074440469900730e-01
32                                     9.3475507178807382e-01
33                                     9.4718232040204908e-01
34                                     9.3971531277912601e-01
35                                     8.9456949621042536e-01
36                                     1.1673598199850046e+00
37                                     9.1456817922290246e-01
38                                     9.3183814514137386e-01
39                                     9.3817360368301872e-01
40                                     9.3951150251929139e-01
41                                     9.4580874156644490e-01
   &COMPONENTS [&Type "ArrayOfIntegers", &Dim (42,4)] "The indices and atomic numbers of the bonding atoms"
                                                         0                           1                           2                           3

0                                                        0                           6                           1                           6
1                                                        0                           6                          19                           1
2                                                        0                           6                          20                           1
3                                                        0                           6                          21                           1
4                                                        1                           6                           2                           8
5                                                        1                           6                          22                           1
6                                                        1                           6                          23                           1
7                                                        2                           8                           3                          15
8                                                        3                          15                           4                          16
9                                                        3                          15                           5                           8
10                                                       3                          15                           8                          16
11                                                       4                          16                           8                          16
12                                                       5                           8                           6                           6
13                                                       6                           6                           7                           6
14                                                       6                           6                          24                           1
15                                                       6                           6                          25                           1
16                                                       7                           6                          26                           1
17                                                       7                           6                          27                           1
18                                                       7                           6                          28                           1
19                                                       8                          16                           9                           6
20                                                       9                           6                          10                          16
21                                                       9                           6                          29                           1
22                                                       9                           6                          30                           1
23                                                      10                          16                          11                          15
24                                                      10                          16                          12                          16
25                                                      11                          15                          12                          16
26                                                      11                          15                          13                           8
27                                                      11                          15                          16                           8
28                                                      13                           8                          14                           6
29                                                      14                           6                          15                           6
30                                                      14                           6                          31                           1
31                                                      14                           6                          32                           1
32                                                      15                           6                          33                           1
33                                                      15                           6                          34                           1
34                                                      15                           6                          35                           1
35                                                      16                           8                          17                           6
36                                                      17                           6                          18                           6
37                                                      17                           6                          36                           1
38                                                      17                           6                          37                           1
39                                                      18                           6                          38                           1
40                                                      18                           6                          39                           1
41                                                      18                           6                          40                           1
   &ATNO [&Type "ArrayOfIntegers", &Dim (41,1)] "Atomic number of the elements"
                                                         0

0                                                        6
1                                                        6
2                                                        8
3                                                       15
4                                                       16
5                                                        8
6                                                        6
7                                                        6
8                                                       16
9                                                        6
10                                                      16
11                                                      15
12                                                      16
13                                                       8
14                                                       6
15                                                       6
16                                                       8
17                                                       6
18                                                       6
19                                                       1
20                                                       1
21                                                       1
22                                                       1
23                                                       1
24                                                       1
25                                                       1
26                                                       1
27                                                       1
28                                                       1
29                                                       1
30                                                       1
31                                                       1
32                                                       1
33                                                       1
34                                                       1
35                                                       1
36                                                       1
37                                                       1
38                                                       1
39                                                       1
40                                                       1
   &NA [&Type "ArrayOfDoubles", &Dim (41,1)] "Mulliken gross atomic population"
                                                         0

0                                      6.3075425150297830e+00
1                                      6.0100904446155541e+00
2                                      8.3811416158756451e+00
3                                      1.4388399452024718e+01
4                                      1.6315641422699301e+01
5                                      8.3464718254174031e+00
6                                      6.0160688275713312e+00
7                                      6.2831698863638454e+00
8                                      1.6109683500286572e+01
9                                      6.3497594769722667e+00
10                                     1.6083486931936854e+01
11                                     1.4385233143259747e+01
12                                     1.6306488727424743e+01
13                                     8.3939082164475973e+00
14                                     6.0102127743974840e+00
15                                     6.3110775827182053e+00
16                                     8.3653650735738641e+00
17                                     6.0240024856619412e+00
18                                     6.2920037621002836e+00
19                                     8.7720074111637403e-01
20                                     8.7217500005039927e-01
21                                     8.8942168126848586e-01
22                                     8.9105153190879816e-01
23                                     8.8651460379363189e-01
24                                     8.8175517952019766e-01
25                                     8.9692406747995068e-01
26                                     8.8543005474381742e-01
27                                     8.8341321242849358e-01
28                                     8.9242511331270458e-01
29                                     8.1405137122865345e-01
30                                     8.0652530026239699e-01
31                                     8.9764991056683996e-01
32                                     8.8489166517015616e-01
33                                     8.6887578485388617e-01
34                                     8.8864908461885539e-01
35                                     8.8537415398781694e-01
36                                     8.9341761519652174e-01
37                                     8.9039367156477101e-01
38                                     8.6783604324871766e-01
39                                     8.8858797842874182e-01
40                                     8.7768857087286467e-01
   &ZA [&Type "ArrayOfDoubles", &Dim (41,1)] "Total nuclear charge"
                                                         0

0                                      6.0000000000000000e+00
1                                      6.0000000000000000e+00
2                                      8.0000000000000000e+00
3                                      1.5000000000000000e+01
4                                      1.6000000000000000e+01
5                                      8.0000000000000000e+00
6                                      6.0000000000000000e+00
7                                      6.0000000000000000e+00
8                                      1.6000000000000000e+01
9                                      6.0000000000000000e+00
10                                     1.6000000000000000e+01
11                                     1.5000000000000000e+01
12                                     1.6000000000000000e+01
13                                     8.0000000000000000e+00
14                                     6.0000000000000000e+00
15                                     6.0000000000000000e+00
16                                     8.0000000000000000e+00
17                                     6.0000000000000000e+00
18                                     6.0000000000000000e+00
19                                     1.0000000000000000e+00
20                                     1.0000000000000000e+00
21                                     1.0000000000000000e+00
22                                     1.0000000000000000e+00
23                                     1.0000000000000000e+00
24                                     1.0000000000000000e+00
25                                     1.0000000000000000e+00
26                                     1.0000000000000000e+00
27                                     1.0000000000000000e+00
28                                     1.0000000000000000e+00
29                                     1.0000000000000000e+00
30                                     1.0000000000000000e+00
31                                     1.0000000000000000e+00
32                                     1.0000000000000000e+00
33                                     1.0000000000000000e+00
34                                     1.0000000000000000e+00
35                                     1.0000000000000000e+00
36                                     1.0000000000000000e+00
37                                     1.0000000000000000e+00
38                                     1.0000000000000000e+00
39                                     1.0000000000000000e+00
40                                     1.0000000000000000e+00
   &QA [&Type "ArrayOfDoubles", &Dim (41,1)] "Mulliken gross atomic charge"
                                                         0

0                                     -3.0754251502978303e-01
1                                     -1.0090444615554084e-02
2                                     -3.8114161587564510e-01
3                                      6.1160054797528218e-01
4                                     -3.1564142269930073e-01
5                                     -3.4647182541740307e-01
6                                     -1.6068827571331212e-02
7                                     -2.8316988636384544e-01
8                                     -1.0968350028657170e-01
9                                     -3.4975947697226673e-01
10                                    -8.3486931936853637e-02
11                                     6.1476685674025333e-01
12                                    -3.0648872742474254e-01
13                                    -3.9390821644759733e-01
14                                    -1.0212774397484026e-02
15                                    -3.1107758271820529e-01
16                                    -3.6536507357386405e-01
17                                    -2.4002485661941186e-02
18                                    -2.9200376210028356e-01
19                                     1.2279925888362597e-01
20                                     1.2782499994960073e-01
21                                     1.1057831873151414e-01
22                                     1.0894846809120184e-01
23                                     1.1348539620636811e-01
24                                     1.1824482047980234e-01
25                                     1.0307593252004932e-01
26                                     1.1456994525618258e-01
27                                     1.1658678757150642e-01
28                                     1.0757488668729542e-01
29                                     1.8594862877134655e-01
30                                     1.9347469973760301e-01
31                                     1.0235008943316004e-01
32                                     1.1510833482984384e-01
33                                     1.3112421514611383e-01
34                                     1.1135091538114461e-01
35                                     1.1462584601218306e-01
36                                     1.0658238480347826e-01
37                                     1.0960632843522899e-01
38                                     1.3216395675128234e-01
39                                     1.1141202157125818e-01
40                                     1.2231142912713533e-01
   &VA [&Type "ArrayOfDoubles", &Dim (41,1)] "Mayer's total valence"
                                                         0

0                                      3.9881546562690144e+00
1                                      4.0183235333054643e+00
2                                      2.1780566258584213e+00
3                                      4.9549829787686450e+00
4                                      2.0320439446342058e+00
5                                      2.1835925563543093e+00
6                                      4.0018391470535679e+00
7                                      3.9809145410327784e+00
8                                      2.3039743352967341e+00
9                                      3.8344604508941069e+00
10                                     2.2795614454302648e+00
11                                     4.9514260665316723e+00
12                                     2.0515503440413712e+00
13                                     2.1508432424232415e+00
14                                     3.9975591348495487e+00
15                                     3.9914168408601540e+00
16                                     2.1684851811413606e+00
17                                     4.0135959141407893e+00
18                                     3.9937566715441437e+00
19                                     9.9045466820157568e-01
20                                     9.6606742440371174e-01
21                                     9.5281437803565894e-01
22                                     9.4629411501225980e-01
23                                     9.5324251398391990e-01
24                                     9.6869660003568170e-01
25                                     9.7084241168301177e-01
26                                     9.7904846800405909e-01
27                                     9.5849361705676739e-01
28                                     9.5504797453343315e-01
29                                     9.4572579603139817e-01
30                                     9.8331471603649623e-01
31                                     9.4807553210331308e-01
32                                     9.8982803321296053e-01
33                                     9.8326571721787792e-01
34                                     9.5727374127307352e-01
35                                     9.5473787648913433e-01
36                                     9.7712910883628079e-01
37                                     9.4677511459105190e-01
38                                     9.7022086792926232e-01
39                                     9.5542001892070250e-01
40                                     9.5678907262192658e-01
   &BVA [&Type "ArrayOfDoubles", &Dim (41,1)] "Mayer's bonded valence"
                                                         0

0                                      3.9881546562690331e+00
1                                      4.0183235333054954e+00
2                                      2.1780566258584573e+00
3                                      4.9549829787686681e+00
4                                      2.0320439446341543e+00
5                                      2.1835925563543608e+00
6                                      4.0018391470536168e+00
7                                      3.9809145410328424e+00
8                                      2.3039743352966124e+00
9                                      3.8344604508940829e+00
10                                     2.2795614454301401e+00
11                                     4.9514260665315852e+00
12                                     2.0515503440414316e+00
13                                     2.1508432424231678e+00
14                                     3.9975591348495865e+00
15                                     3.9914168408601647e+00
16                                     2.1684851811413450e+00
17                                     4.0135959141407600e+00
18                                     3.9937566715441846e+00
19                                     9.9045466820157435e-01
20                                     9.6606742440369997e-01
21                                     9.5281437803564806e-01
22                                     9.4629411501226135e-01
23                                     9.5324251398392168e-01
24                                     9.6869660003569069e-01
25                                     9.7084241168301744e-01
26                                     9.7904846800406142e-01
27                                     9.5849361705677250e-01
28                                     9.5504797453344692e-01
29                                     9.4572579603139939e-01
30                                     9.8331471603649290e-01
31                                     9.4807553210330842e-01
32                                     9.8982803321295398e-01
33                                     9.8326571721787248e-01
34                                     9.5727374127308096e-01
35                                     9.5473787648912789e-01
36                                     9.7712910883627979e-01
37                                     9.4677511459104424e-01
38                                     9.7022086792926054e-01
39                                     9.5542001892070283e-01
40                                     9.5678907262193635e-01
   &FA [&Type "ArrayOfDoubles", &Dim (41,1)] "Mayer's free valence"
                                                         0

0                                      0.0000000000000000e+00
1                                      0.0000000000000000e+00
2                                      0.0000000000000000e+00
3                                      0.0000000000000000e+00
4                                      0.0000000000000000e+00
5                                      0.0000000000000000e+00
6                                      0.0000000000000000e+00
7                                      0.0000000000000000e+00
8                                      0.0000000000000000e+00
9                                      0.0000000000000000e+00
10                                     0.0000000000000000e+00
11                                     0.0000000000000000e+00
12                                     0.0000000000000000e+00
13                                     0.0000000000000000e+00
14                                     0.0000000000000000e+00
15                                     0.0000000000000000e+00
16                                     0.0000000000000000e+00
17                                     0.0000000000000000e+00
18                                     0.0000000000000000e+00
19                                     0.0000000000000000e+00
20                                     0.0000000000000000e+00
21                                     0.0000000000000000e+00
22                                     0.0000000000000000e+00
23                                     0.0000000000000000e+00
24                                     0.0000000000000000e+00
25                                     0.0000000000000000e+00
26                                     0.0000000000000000e+00
27                                     0.0000000000000000e+00
28                                     0.0000000000000000e+00
29                                     0.0000000000000000e+00
30                                     0.0000000000000000e+00
31                                     0.0000000000000000e+00
32                                     0.0000000000000000e+00
33                                     0.0000000000000000e+00
34                                     0.0000000000000000e+00
35                                     0.0000000000000000e+00
36                                     0.0000000000000000e+00
37                                     0.0000000000000000e+00
38                                     0.0000000000000000e+00
39                                     0.0000000000000000e+00
40                                     0.0000000000000000e+00
$End
$VdW_Correction
   &GeometryIndex 1
   &ListStatus       OUT
   &VDW [&Type "Double"]      -6.5224953564165689e-02
$End
$Calculation_Info
   &GeometryIndex 1
   &ListStatus       OUT
   &MULT [&Type "Integer"] 1
   &CHARGE [&Type "Integer"] 0
   &NUMOFATOMS [&Type "Integer"] 41
   &NUMOFELECTRONS [&Type "Integer"] 202
   &NUMOFFCELECTRONS [&Type "Integer"] 1
   &NUMOFCORRELECTRONS [&Type "Integer"] 0
   &NUMOFBASISFUNCTS [&Type "Integer"] 334
   &NUMOFAUXCBASISFUNCTS [&Type "Integer"] 0
   &NUMOFAUXJBASISFUNCTS [&Type "Integer"] 1185
   &NUMOFAUXJKBASISFUNCTS [&Type "Integer"] 0
   &NUMOFCABSBASISFUNCTS [&Type "Integer"] 0
   &TOTALENERGY [&Type "Double"]      -2.9295173654531859e+03  "Hartrees"
$End
$SCF_Dipole_Moment
   &GeometryIndex 1
   &ListStatus       OUT
   &METHOD [&Type "String"] "SCF"
   &LEVEL [&Type "String"] "Relaxed density"
   &MULT [&Type "Integer"] 1
   &STATE [&Type "Integer"] -1
   &IRREP [&Type "Integer"] 0
   &NATOMS [&Type "Integer"] 41
   &DODIPOLEATOM [&Type "Boolean"] false
   &DIPOLEELECCONTRIB [&Type "ArrayOfDoubles", &Dim (3,1)] "Electronic contribution"
                                                         0

0                                      4.5296447115459504e+00
1                                     -3.5375845314033469e+00
2                                      5.3758131982980704e+00
   &DIPOLENUCCONTRIB [&Type "ArrayOfDoubles", &Dim (3,1)] "Nuclear contribution"
                                                         0

0                                     -5.2540880553074611e+00
1                                      4.8914071044515497e+00
2                                     -5.8109424482940364e+00
   &DIPOLETOTAL [&Type "ArrayOfDoubles", &Dim (3,1)] "Total"
                                                         0

0                                     -7.2444334376151076e-01
1                                      1.3538225730482027e+00
2                                     -4.3512924999596603e-01
   &DIPOLEMAGNITUDE [&Type "Double", &Units "a.u."]       1.5959295666843403e+00
$End
