*************************************************
******************* ORCA 6.0.0 ******************
*************************************************
$Calculation_Status
   &GeometryIndex 1
   &ListStatus       OUT
   &VERSION [&Type "String"] "6.0.0"
   &PROGNAME [&Type "String"] "LeanSCF"
   &STATUS [&Type "String"] "NORMAL TERMINATION"
$End
$Geometry
   &GeometryIndex 1
   &ListStatus       OUT
   &NATOMS [&Type "Integer"] 41
   &NCORELESSECP [&Type "Integer"] 0
   &NGHOSTATOMS [&Type "Integer"] 0
   &CartesianCoordinates [&Type "Coordinates", &Dim(41,4), &Units "Bohr"] 
              C      5.112134934705   -1.647564952204   -5.233426991682
              C      3.096578440829    0.036052183467   -4.102267269170
              O      2.078757015507   -1.013298080850   -1.805110091700
              P      3.725096178334   -1.152055870393    0.712672934482
              S      6.275999023029    1.499774117161    1.191474876489
              O      4.817644481496   -3.941330401965    0.525867017769
              C      6.906495472927   -4.797341182277    2.042275554860
              C      6.205818133872   -5.020649722869    4.809141704299
              S      0.823059441655   -1.519729391376    3.409520091192
              C      0.000825990978    1.798520093406    3.785343179339
              S     -0.168594978016    3.555438678178    0.841628148217
              P     -3.428929712089    1.947050138100   -0.815302142520
              S     -3.602187010895    2.454121303470   -4.477846712659
              O     -5.426137953720    3.307108901425    0.966343074644
              C     -8.021506868628    2.505303587921    1.232587524121
              C     -9.552606088118    2.985561710368   -1.138004174319
              O     -3.690367293167   -0.910333215498    0.073025221975
              C     -3.403661590578   -3.082208933638   -1.529513273068
              C     -5.800825181722   -4.644408876935   -1.399577761445
              H      6.748298102581   -1.711058743079   -3.985416428412
              H      4.385916631890   -3.551943932049   -5.484329209913
              H      5.685494981474   -0.885992876198   -7.049597083337
              H      1.459197801774    0.227366979176   -5.344197884080
              H      3.852053206994    1.917512736536   -3.681565942454
              H      7.391835422705   -6.626852944150    1.226328039684
              H      8.477094720899   -3.473700479477    1.796136592227
              H      5.844182270501   -3.153009318107    5.594615702575
              H      4.517011476135   -6.169157993950    5.028736776568
              H      7.758384342155   -5.883783237949    5.834155031956
              H      1.463748843395    2.738354131795    4.884520488144
              H     -1.811892723007    1.854413849101    4.750143889181
              H     -8.040417026404    0.502678618859    1.734951197822
              H     -8.713078519599    3.633303083435    2.814561711161
              H     -9.448336286746    4.968812205550   -1.664172186344
              H     -8.823736263889    1.865524184935   -2.702771128966
              H    -11.510271659030    2.474991368029   -0.799075447067
              H     -3.028168404206   -2.444087034011   -3.461801843819
              H     -1.773990347800   -4.134347153817   -0.822182818867
              H     -5.549976626799   -6.346278474065   -2.515160648501
              H     -6.197920585689   -5.161899320599    0.546967189554
              H     -7.385915155825   -3.575870267692   -2.153669267543
$End
$SCF_Energy
   &GeometryIndex 1
   &ListStatus       OUT
   &SCF_ENERGY [&Type "Double"]      -2.9296390352281442e+03
$End
$DFT_Energy
   &GeometryIndex 1
   &ListStatus       OUT
   &NALPHAEL [&Type "Integer"] 100
   &NBETAEL [&Type "Integer"] 100
   &NTOTALEL [&Type "Integer"] 201
   &EEXCHANGE [&Type "Double"]      -2.3180575485787259e+02
   &ECORR [&Type "Double"]      -7.2970229862159632e+00
   &ECNL [&Type "Double"]       0.0000000000000000e+00
   &EXC [&Type "Double"]      -2.3910277784408854e+02
   &EEMBED [&Type "Double"]       0.0000000000000000e+00
   &FINALEN [&Type "Double"]      -2.9296390352281442e+03  "No Van der Waals correction"
$End
$Mulliken_Population_Analysis
   &GeometryIndex 1
   &ListStatus       OUT
   &NATOMS [&Type "Integer"] 41
   &ATNO [&Type "ArrayOfIntegers", &Dim (41,1)] 
                                                         0

0                                                        6
1                                                        6
2                                                        8
3                                                       15
4                                                       16
5                                                        8
6                                                        6
7                                                        6
8                                                       16
9                                                        6
10                                                      16
11                                                      15
12                                                      16
13                                                       8
14                                                       6
15                                                       6
16                                                       8
17                                                       6
18                                                       6
19                                                       1
20                                                       1
21                                                       1
22                                                       1
23                                                       1
24                                                       1
25                                                       1
26                                                       1
27                                                       1
28                                                       1
29                                                       1
30                                                       1
31                                                       1
32                                                       1
33                                                       1
34                                                       1
35                                                       1
36                                                       1
37                                                       1
38                                                       1
39                                                       1
40                                                       1
   &ATOMICCHARGES [&Type "ArrayOfDoubles", &Dim (41,1)] 
                                                         0

0                                     -3.0089366915242177e-01
1                                     -1.7215292180459585e-02
2                                     -3.7005276481934857e-01
3                                      6.1153538968960319e-01
4                                     -3.2550548321014716e-01
5                                     -3.7238984309000323e-01
6                                     -5.8002127935461445e-03
7                                     -3.1604711636785598e-01
8                                     -9.3197261801240217e-02
9                                     -3.2731526292411850e-01
10                                    -6.3618643526172747e-02
11                                     6.3666672451767781e-01
12                                    -3.2279002926692257e-01
13                                    -3.7468508300712600e-01
14                                    -1.2160108262213143e-02
15                                    -3.1515283225404289e-01
16                                    -3.8054731895686977e-01
17                                    -1.2042820041775926e-02
18                                    -2.8940205162264299e-01
19                                     1.1720843591845331e-01
20                                     1.1046937799053114e-01
21                                     1.1213733815934468e-01
22                                     1.1643712650353655e-01
23                                     1.1447843550052150e-01
24                                     1.0598564442744074e-01
25                                     1.1266398346995932e-01
26                                     1.2747376400176436e-01
27                                     1.1711543226374843e-01
28                                     1.1424116039222643e-01
29                                     1.9066761863005710e-01
30                                     1.7848154336246758e-01
31                                     1.0651427982589734e-01
32                                     1.0723777128767620e-01
33                                     1.2368191898640657e-01
34                                     1.3198659454375417e-01
35                                     1.0882072247218855e-01
36                                     1.0999481126016653e-01
37                                     1.0496431989996846e-01
38                                     1.1230140228001151e-01
39                                     1.1413034084343598e-01
40                                     1.1362165705002036e-01
$End
$Loewdin_Population_Analysis
   &GeometryIndex 1
   &ListStatus       OUT
   &NATOMS [&Type "Integer"] 41
   &ATNO [&Type "ArrayOfIntegers", &Dim (41,1)] 
                                                         0

0                                                        6
1                                                        6
2                                                        8
3                                                       15
4                                                       16
5                                                        8
6                                                        6
7                                                        6
8                                                       16
9                                                        6
10                                                      16
11                                                      15
12                                                      16
13                                                       8
14                                                       6
15                                                       6
16                                                       8
17                                                       6
18                                                       6
19                                                       1
20                                                       1
21                                                       1
22                                                       1
23                                                       1
24                                                       1
25                                                       1
26                                                       1
27                                                       1
28                                                       1
29                                                       1
30                                                       1
31                                                       1
32                                                       1
33                                                       1
34                                                       1
35                                                       1
36                                                       1
37                                                       1
38                                                       1
39                                                       1
40                                                       1
   &ATOMICCHARGES [&Type "ArrayOfDoubles", &Dim (41,1)] 
                                                         0

0                                      1.4457713836797152e-03
1                                      4.8818036404925512e-02
2                                      3.6325661856994140e-01
3                                      4.5242725532729483e-02
4                                      8.6267083986881095e-05
5                                      4.3689326488350805e-01
6                                      7.8505611871595757e-02
7                                      2.0077215217176080e-03
8                                      5.3722666521614955e-04
9                                      3.3889844726597943e-04
10                                     1.0706257997567230e-04
11                                     1.0031096422427369e-03
12                                     6.1649639722149567e-05
13                                     8.6775378522468329e-03
14                                     1.2446976705734372e-03
15                                     1.9595976009662065e-05
16                                     8.4503092195825340e-03
17                                     1.7209130956414135e-03
18                                     9.5738683234194343e-05
19                                     7.1775371194507568e-05
20                                     3.1523261512074497e-05
21                                     1.5343015280889981e-04
22                                     3.3209899823004351e-04
23                                     7.0005685696552305e-05
24                                     4.9109315822995969e-04
25                                     1.3531013671654027e-04
26                                     1.5955574110564697e-05
27                                     3.4356173643842002e-06
28                                     1.2844654860525890e-04
29                                     1.3405882031459120e-06
30                                     1.0949979613689727e-05
31                                     1.8109545238529825e-06
32                                     1.0141060739208146e-05
33                                     3.4206234895789048e-07
34                                     1.2386394109654955e-07
35                                     2.1641602845085780e-06
36                                     9.1393471445559024e-06
37                                     1.5248340080647454e-05
38                                     2.0829099480243447e-06
39                                     2.6679084539793255e-07
40                                     5.5871406029384676e-07
$End
$Mayer_Population_Analysis
   &GeometryIndex 1
   &ListStatus       OUT
   &NATOMS [&Type "Integer"] 41 "Total number of atoms"
   &BONDTHRESH [&Type "Double"]       1.0000000000000001e-01  "The threshold for printing"
   &NBONDORDERSPRINT [&Type "Integer"] 41 "The number of bond orders larger than threshold"
   &BONDORDERS [&Type "ArrayOfDoubles", &Dim (41,1)] "The bond orders"
                                                         0

0                                      1.1620757631017642e+00
1                                      9.3629117826176544e-01
2                                      9.4651902084363615e-01
3                                      9.4025473730175557e-01
4                                      8.9256209124271957e-01
5                                      9.1689009902287733e-01
6                                      9.1676908027280879e-01
7                                      1.0990297652812298e+00
8                                      1.5989679601447304e+00
9                                      1.1058972139796122e+00
10                                     9.7122879289695285e-01
11                                     1.0990147225801730e-01
12                                     9.0658797561600046e-01
13                                     1.1668438231759852e+00
14                                     9.3375219141527688e-01
15                                     9.1501715642250880e-01
16                                     9.3530609154546951e-01
17                                     9.4449730401066623e-01
18                                     9.3776106974174378e-01
19                                     9.7989182279456499e-01
20                                     1.0031127350811144e+00
21                                     9.0133497758571568e-01
22                                     9.0524885965316026e-01
23                                     9.6446967886990642e-01
24                                     1.6409830101983562e+00
25                                     1.0991565837476918e+00
26                                     1.0906239763724022e+00
27                                     9.1181378635043697e-01
28                                     1.1670889019295554e+00
29                                     9.2424336133876972e-01
30                                     9.3537351713350614e-01
31                                     9.4527969701106851e-01
32                                     9.3186010065006142e-01
33                                     9.3724513668878384e-01
34                                     8.9945605119346095e-01
35                                     1.1564406574645909e+00
36                                     9.0390186883362988e-01
37                                     9.1888989207793648e-01
38                                     9.4169697668984831e-01
39                                     9.4831067763366583e-01
40                                     9.4533865026906039e-01
   &COMPONENTS [&Type "ArrayOfIntegers", &Dim (41,4)] "The indices and atomic numbers of the bonding atoms"
                                                         0                           1                           2                           3

0                                                        0                           6                           1                           6
1                                                        0                           6                          19                           1
2                                                        0                           6                          20                           1
3                                                        0                           6                          21                           1
4                                                        1                           6                           2                           8
5                                                        1                           6                          22                           1
6                                                        1                           6                          23                           1
7                                                        2                           8                           3                          15
8                                                        3                          15                           4                          16
9                                                        3                          15                           5                           8
10                                                       3                          15                           8                          16
11                                                       4                          16                           8                          16
12                                                       5                           8                           6                           6
13                                                       6                           6                           7                           6
14                                                       6                           6                          24                           1
15                                                       6                           6                          25                           1
16                                                       7                           6                          26                           1
17                                                       7                           6                          27                           1
18                                                       7                           6                          28                           1
19                                                       8                          16                           9                           6
20                                                       9                           6                          10                          16
21                                                       9                           6                          29                           1
22                                                       9                           6                          30                           1
23                                                      10                          16                          11                          15
24                                                      11                          15                          12                          16
25                                                      11                          15                          13                           8
26                                                      11                          15                          16                           8
27                                                      13                           8                          14                           6
28                                                      14                           6                          15                           6
29                                                      14                           6                          31                           1
30                                                      14                           6                          32                           1
31                                                      15                           6                          33                           1
32                                                      15                           6                          34                           1
33                                                      15                           6                          35                           1
34                                                      16                           8                          17                           6
35                                                      17                           6                          18                           6
36                                                      17                           6                          36                           1
37                                                      17                           6                          37                           1
38                                                      18                           6                          38                           1
39                                                      18                           6                          39                           1
40                                                      18                           6                          40                           1
   &ATNO [&Type "ArrayOfIntegers", &Dim (41,1)] "Atomic number of the elements"
                                                         0

0                                                        6
1                                                        6
2                                                        8
3                                                       15
4                                                       16
5                                                        8
6                                                        6
7                                                        6
8                                                       16
9                                                        6
10                                                      16
11                                                      15
12                                                      16
13                                                       8
14                                                       6
15                                                       6
16                                                       8
17                                                       6
18                                                       6
19                                                       1
20                                                       1
21                                                       1
22                                                       1
23                                                       1
24                                                       1
25                                                       1
26                                                       1
27                                                       1
28                                                       1
29                                                       1
30                                                       1
31                                                       1
32                                                       1
33                                                       1
34                                                       1
35                                                       1
36                                                       1
37                                                       1
38                                                       1
39                                                       1
40                                                       1
   &NA [&Type "ArrayOfDoubles", &Dim (41,1)] "Mulliken gross atomic population"
                                                         0

0                                      6.3008936691524173e+00
1                                      6.0172152921804676e+00
2                                      8.3700527648193574e+00
3                                      1.4388464610310388e+01
4                                      1.6325505483210105e+01
5                                      8.3723898430899659e+00
6                                      6.0058002127935479e+00
7                                      6.3160471163678364e+00
8                                      1.6093197261801208e+01
9                                      6.3273152629241247e+00
10                                     1.6063618643526226e+01
11                                     1.4363333275482306e+01
12                                     1.6322790029266965e+01
13                                     8.3746850830071331e+00
14                                     6.0121601082622043e+00
15                                     6.3151528322540447e+00
16                                     8.3805473189568271e+00
17                                     6.0120428200417795e+00
18                                     6.2894020516226545e+00
19                                     8.8279156408154580e-01
20                                     8.8953062200946909e-01
21                                     8.8786266184065465e-01
22                                     8.8356287349646245e-01
23                                     8.8552156449947861e-01
24                                     8.9401435557255959e-01
25                                     8.8733601653004135e-01
26                                     8.7252623599823564e-01
27                                     8.8288456773625235e-01
28                                     8.8575883960777335e-01
29                                     8.0933238136994312e-01
30                                     8.2151845663753187e-01
31                                     8.9348572017410288e-01
32                                     8.9276222871232380e-01
33                                     8.7631808101359354e-01
34                                     8.6801340545624517e-01
35                                     8.9117927752781123e-01
36                                     8.9000518873983270e-01
37                                     8.9503568010003187e-01
38                                     8.8769859771998860e-01
39                                     8.8586965915656402e-01
40                                     8.8637834294997919e-01
   &ZA [&Type "ArrayOfDoubles", &Dim (41,1)] "Total nuclear charge"
                                                         0

0                                      6.0000000000000000e+00
1                                      6.0000000000000000e+00
2                                      8.0000000000000000e+00
3                                      1.5000000000000000e+01
4                                      1.6000000000000000e+01
5                                      8.0000000000000000e+00
6                                      6.0000000000000000e+00
7                                      6.0000000000000000e+00
8                                      1.6000000000000000e+01
9                                      6.0000000000000000e+00
10                                     1.6000000000000000e+01
11                                     1.5000000000000000e+01
12                                     1.6000000000000000e+01
13                                     8.0000000000000000e+00
14                                     6.0000000000000000e+00
15                                     6.0000000000000000e+00
16                                     8.0000000000000000e+00
17                                     6.0000000000000000e+00
18                                     6.0000000000000000e+00
19                                     1.0000000000000000e+00
20                                     1.0000000000000000e+00
21                                     1.0000000000000000e+00
22                                     1.0000000000000000e+00
23                                     1.0000000000000000e+00
24                                     1.0000000000000000e+00
25                                     1.0000000000000000e+00
26                                     1.0000000000000000e+00
27                                     1.0000000000000000e+00
28                                     1.0000000000000000e+00
29                                     1.0000000000000000e+00
30                                     1.0000000000000000e+00
31                                     1.0000000000000000e+00
32                                     1.0000000000000000e+00
33                                     1.0000000000000000e+00
34                                     1.0000000000000000e+00
35                                     1.0000000000000000e+00
36                                     1.0000000000000000e+00
37                                     1.0000000000000000e+00
38                                     1.0000000000000000e+00
39                                     1.0000000000000000e+00
40                                     1.0000000000000000e+00
   &QA [&Type "ArrayOfDoubles", &Dim (41,1)] "Mulliken gross atomic charge"
                                                         0

0                                     -3.0089366915241733e-01
1                                     -1.7215292180467578e-02
2                                     -3.7005276481935745e-01
3                                      6.1153538968961207e-01
4                                     -3.2550548321010453e-01
5                                     -3.7238984308996592e-01
6                                     -5.8002127935479209e-03
7                                     -3.1604711636783644e-01
8                                     -9.3197261801208242e-02
9                                     -3.2731526292412472e-01
10                                    -6.3618643526226037e-02
11                                     6.3666672451769379e-01
12                                    -3.2279002926696521e-01
13                                    -3.7468508300713310e-01
14                                    -1.2160108262204261e-02
15                                    -3.1515283225404467e-01
16                                    -3.8054731895682714e-01
17                                    -1.2042820041779478e-02
18                                    -2.8940205162265453e-01
19                                     1.1720843591845420e-01
20                                     1.1046937799053091e-01
21                                     1.1213733815934535e-01
22                                     1.1643712650353755e-01
23                                     1.1447843550052139e-01
24                                     1.0598564442744041e-01
25                                     1.1266398346995865e-01
26                                     1.2747376400176436e-01
27                                     1.1711543226374765e-01
28                                     1.1424116039222665e-01
29                                     1.9066761863005688e-01
30                                     1.7848154336246813e-01
31                                     1.0651427982589712e-01
32                                     1.0723777128767620e-01
33                                     1.2368191898640646e-01
34                                     1.3198659454375483e-01
35                                     1.0882072247218877e-01
36                                     1.0999481126016730e-01
37                                     1.0496431989996813e-01
38                                     1.1230140228001140e-01
39                                     1.1413034084343598e-01
40                                     1.1362165705002081e-01
   &VA [&Type "ArrayOfDoubles", &Dim (41,1)] "Mayer's total valence"
                                                         0

0                                      3.9986364514083816e+00
1                                      3.9696919423229837e+00
2                                      2.1802582214827573e+00
3                                      4.9490674979990699e+00
4                                      2.0413864442535261e+00
5                                      2.1834276336413332e+00
6                                      4.0041669475901678e+00
7                                      3.9900788309842081e+00
8                                      2.2748860932606378e+00
9                                      3.8607978655503361e+00
10                                     2.2654630090795909e+00
11                                     4.9566574933375245e+00
12                                     2.0612733337469931e+00
13                                     2.1533281947562748e+00
14                                     4.0337755508949886e+00
15                                     3.9896447171762772e+00
16                                     2.1870508900600689e+00
17                                     3.9686304475659600e+00
18                                     3.9906056023766450e+00
19                                     9.7947267291075912e-01
20                                     9.6045046255035660e-01
21                                     9.5431079264876584e-01
22                                     9.8049452167814133e-01
23                                     9.8143920278262520e-01
24                                     9.4913403504725946e-01
25                                     9.8216459417646473e-01
26                                     9.8198053768327709e-01
27                                     9.6091772027907174e-01
28                                     9.5504904281508163e-01
29                                     9.4486628734804590e-01
30                                     9.4535973920873195e-01
31                                     9.6446047216187625e-01
32                                     9.4730434827560639e-01
33                                     9.6052009633145363e-01
34                                     9.8665968735647458e-01
35                                     9.5327345364723493e-01
36                                     1.0005819530265618e+00
37                                     9.7089346754208927e-01
38                                     9.5572215797712845e-01
39                                     9.5730494657576315e-01
40                                     9.6488098673598599e-01
   &BVA [&Type "ArrayOfDoubles", &Dim (41,1)] "Mayer's bonded valence"
                                                         0

0                                      3.9986364514083785e+00
1                                      3.9696919423229868e+00
2                                      2.1802582214827217e+00
3                                      4.9490674979990441e+00
4                                      2.0413864442536669e+00
5                                      2.1834276336413900e+00
6                                      4.0041669475902104e+00
7                                      3.9900788309842778e+00
8                                      2.2748860932607684e+00
9                                      3.8607978655503068e+00
10                                     2.2654630090794932e+00
11                                     4.9566574933375547e+00
12                                     2.0612733337468625e+00
13                                     2.1533281947562650e+00
14                                     4.0337755508950401e+00
15                                     3.9896447171763492e+00
16                                     2.1870508900600840e+00
17                                     3.9686304475659577e+00
18                                     3.9906056023765872e+00
19                                     9.7947267291075002e-01
20                                     9.6045046255035971e-01
21                                     9.5431079264876939e-01
22                                     9.8049452167815010e-01
23                                     9.8143920278262853e-01
24                                     9.4913403504726512e-01
25                                     9.8216459417646451e-01
26                                     9.8198053768327997e-01
27                                     9.6091772027907396e-01
28                                     9.5504904281507641e-01
29                                     9.4486628734804012e-01
30                                     9.4535973920872940e-01
31                                     9.6446047216188868e-01
32                                     9.4730434827561771e-01
33                                     9.6052009633146718e-01
34                                     9.8665968735649168e-01
35                                     9.5327345364724470e-01
36                                     1.0005819530265623e+00
37                                     9.7089346754208272e-01
38                                     9.5572215797712390e-01
39                                     9.5730494657577059e-01
40                                     9.6488098673597278e-01
   &FA [&Type "ArrayOfDoubles", &Dim (41,1)] "Mayer's free valence"
                                                         0

0                                      0.0000000000000000e+00
1                                      0.0000000000000000e+00
2                                      0.0000000000000000e+00
3                                      0.0000000000000000e+00
4                                      0.0000000000000000e+00
5                                      0.0000000000000000e+00
6                                      0.0000000000000000e+00
7                                      0.0000000000000000e+00
8                                      0.0000000000000000e+00
9                                      0.0000000000000000e+00
10                                     0.0000000000000000e+00
11                                     0.0000000000000000e+00
12                                     0.0000000000000000e+00
13                                     0.0000000000000000e+00
14                                     0.0000000000000000e+00
15                                     0.0000000000000000e+00
16                                     0.0000000000000000e+00
17                                     0.0000000000000000e+00
18                                     0.0000000000000000e+00
19                                     0.0000000000000000e+00
20                                     0.0000000000000000e+00
21                                     0.0000000000000000e+00
22                                     0.0000000000000000e+00
23                                     0.0000000000000000e+00
24                                     0.0000000000000000e+00
25                                     0.0000000000000000e+00
26                                     0.0000000000000000e+00
27                                     0.0000000000000000e+00
28                                     0.0000000000000000e+00
29                                     0.0000000000000000e+00
30                                     0.0000000000000000e+00
31                                     0.0000000000000000e+00
32                                     0.0000000000000000e+00
33                                     0.0000000000000000e+00
34                                     0.0000000000000000e+00
35                                     0.0000000000000000e+00
36                                     0.0000000000000000e+00
37                                     0.0000000000000000e+00
38                                     0.0000000000000000e+00
39                                     0.0000000000000000e+00
40                                     0.0000000000000000e+00
$End
$VdW_Correction
   &GeometryIndex 1
   &ListStatus       OUT
   &VDW [&Type "Double"]      -6.8347796318888696e-02
$End
$Calculation_Info
   &GeometryIndex 1
   &ListStatus       OUT
   &MULT [&Type "Integer"] 1
   &CHARGE [&Type "Integer"] 0
   &NUMOFATOMS [&Type "Integer"] 41
   &NUMOFELECTRONS [&Type "Integer"] 202
   &NUMOFFCELECTRONS [&Type "Integer"] 1
   &NUMOFCORRELECTRONS [&Type "Integer"] 0
   &NUMOFBASISFUNCTS [&Type "Integer"] 334
   &NUMOFAUXCBASISFUNCTS [&Type "Integer"] 0
   &NUMOFAUXJBASISFUNCTS [&Type "Integer"] 1185
   &NUMOFAUXJKBASISFUNCTS [&Type "Integer"] 0
   &NUMOFCABSBASISFUNCTS [&Type "Integer"] 0
   &TOTALENERGY [&Type "Double"]      -2.9295206672909630e+03  "Hartrees"
$End
$SCF_Dipole_Moment
   &GeometryIndex 1
   &ListStatus       OUT
   &METHOD [&Type "String"] "SCF"
   &LEVEL [&Type "String"] "Relaxed density"
   &MULT [&Type "Integer"] 1
   &STATE [&Type "Integer"] -1
   &IRREP [&Type "Integer"] 0
   &NATOMS [&Type "Integer"] 41
   &DODIPOLEATOM [&Type "Boolean"] false
   &DIPOLEELECCONTRIB [&Type "ArrayOfDoubles", &Dim (3,1)] "Electronic contribution"
                                                         0

0                                      6.7999919215160469e+00
1                                      1.5446387354465168e+01
2                                      3.4136227538197144e+00
   &DIPOLENUCCONTRIB [&Type "ArrayOfDoubles", &Dim (3,1)] "Nuclear contribution"
                                                         0

0                                     -7.5066072796793879e+00
1                                     -1.6838581588854655e+01
2                                     -2.6752371739158254e+00
   &DIPOLETOTAL [&Type "ArrayOfDoubles", &Dim (3,1)] "Total"
                                                         0

0                                     -7.0661535816334098e-01
1                                     -1.3921942343894873e+00
2                                      7.3838557990388898e-01
   &DIPOLEMAGNITUDE [&Type "Double", &Units "a.u."]       1.7270562571235599e+00
$End
