*************************************************
******************* ORCA 6.0.0 ******************
*************************************************
$Calculation_Status
   &GeometryIndex 1
   &ListStatus       OUT
   &VERSION [&Type "String"] "6.0.0"
   &PROGNAME [&Type "String"] "LeanSCF"
   &STATUS [&Type "String"] "NORMAL TERMINATION"
$End
$Geometry
   &GeometryIndex 1
   &ListStatus       OUT
   &NATOMS [&Type "Integer"] 41
   &NCORELESSECP [&Type "Integer"] 0
   &NGHOSTATOMS [&Type "Integer"] 0
   &CartesianCoordinates [&Type "Coordinates", &Dim(41,4), &Units "Bohr"] 
              C      2.573395419797   -0.700497738349   -5.740135352689
              C      4.587921307117    0.533072810914   -4.120762566675
              O      5.326456469195   -1.117691013942   -2.092897552708
              P      4.404066783766   -0.837913288489    0.757043650816
              S      4.599332015487    2.617108618017    2.104383141854
              O      6.147088540812   -2.874429348132    2.084841947831
              C      8.797799527792   -2.407736547825    2.563115810783
              C      9.192014802048   -1.610850398751    5.286127362489
              S      0.967382229942   -2.800592666795    1.072314751656
              C     -0.626773500252   -0.742833804318    3.354660698451
              S     -3.976779363874   -0.634695547979    2.810929421126
              P     -3.881937190945    0.974869198084   -0.892575288753
              S     -1.229249684977    3.467062601192   -1.552241419918
              O     -6.738270112303    1.793274069661   -1.310897562328
              C     -8.224615465360    3.268933227032    0.427103027785
              C     -6.962815485075    5.733151763369    1.149208250396
              O     -3.597762770275   -1.286550467824   -2.808845624465
              C     -5.283543383287   -3.444712744254   -2.866783970295
              C     -7.178281322816   -3.172428342659   -4.995339841812
              H      3.208663680839   -2.550121877764   -6.364276776808
              H      0.825968936765   -0.914832124866   -4.676637359629
              H      2.205397856512    0.489392959368   -7.369449613350
              H      3.921740823772    2.329461657958   -3.336878615904
              H      6.317348332026    0.855502272394   -5.198785342698
              H      9.725934263560   -4.203786229846    2.156858410563
              H      9.483386599211   -0.962182112370    1.256138876116
              H     11.199559926890   -1.393353311396    5.644652522349
              H      8.247534795047    0.180495438772    5.641822329785
              H      8.421587435552   -3.031431031116    6.551778152423
              H      0.177191849402    1.154631857564    3.184494922247
              H     -0.370080506734   -1.496654620565    5.248440789471
              H     -9.984297875136    3.598215734039   -0.596967328799
              H     -8.586999685035    2.115117335827    2.102180364067
              H     -6.492705988298    6.819888984625   -0.530778571137
              H     -8.227992642744    6.827798962293    2.335171130423
              H     -5.223953297196    5.365209606099    2.187884346568
              H     -4.042363313552   -5.067000319258   -3.154910155831
              H     -6.226395714934   -3.611730012787   -1.035786864406
              H     -8.357740155152   -1.519516476122   -4.688449704534
              H     -6.199080474268   -2.960656024346   -6.787260345241
              H     -8.359091947120   -4.848309633444   -5.060751744776
$End
$SCF_Energy
   &GeometryIndex 1
   &ListStatus       OUT
   &SCF_ENERGY [&Type "Double"]      -2.9296379152614454e+03
$End
$DFT_Energy
   &GeometryIndex 1
   &ListStatus       OUT
   &NALPHAEL [&Type "Integer"] 100
   &NBETAEL [&Type "Integer"] 100
   &NTOTALEL [&Type "Integer"] 201
   &EEXCHANGE [&Type "Double"]      -2.3180446365637653e+02
   &ECORR [&Type "Double"]      -7.2945697323850611e+00
   &ECNL [&Type "Double"]       0.0000000000000000e+00
   &EXC [&Type "Double"]      -2.3909903338876160e+02
   &EEMBED [&Type "Double"]       0.0000000000000000e+00
   &FINALEN [&Type "Double"]      -2.9296379152614454e+03  "No Van der Waals correction"
$End
$Mulliken_Population_Analysis
   &GeometryIndex 1
   &ListStatus       OUT
   &NATOMS [&Type "Integer"] 41
   &ATNO [&Type "ArrayOfIntegers", &Dim (41,1)] 
                                                         0

0                                                        6
1                                                        6
2                                                        8
3                                                       15
4                                                       16
5                                                        8
6                                                        6
7                                                        6
8                                                       16
9                                                        6
10                                                      16
11                                                      15
12                                                      16
13                                                       8
14                                                       6
15                                                       6
16                                                       8
17                                                       6
18                                                       6
19                                                       1
20                                                       1
21                                                       1
22                                                       1
23                                                       1
24                                                       1
25                                                       1
26                                                       1
27                                                       1
28                                                       1
29                                                       1
30                                                       1
31                                                       1
32                                                       1
33                                                       1
34                                                       1
35                                                       1
36                                                       1
37                                                       1
38                                                       1
39                                                       1
40                                                       1
   &ATOMICCHARGES [&Type "ArrayOfDoubles", &Dim (41,1)] 
                                                         0

0                                     -3.1253122663732924e-01
1                                     -9.5383077926474158e-03
2                                     -3.7770827893020531e-01
3                                      6.2437413421704235e-01
4                                     -3.2159937051281418e-01
5                                     -3.7069092880115662e-01
6                                     -1.4358163836707405e-03
7                                     -2.8909013041407583e-01
8                                     -1.0057035387189472e-01
9                                     -3.4854029948893928e-01
10                                    -1.2137483720128373e-01
11                                     5.9077875210458153e-01
12                                    -2.9252199557236480e-01
13                                    -3.7715832069416422e-01
14                                    -1.2430034958095248e-02
15                                    -3.1005507855886982e-01
16                                    -3.4283669610196554e-01
17                                    -7.4447537602413405e-03
18                                    -2.8716872615245848e-01
19                                     1.0111697554307275e-01
20                                     1.4614232110358327e-01
21                                     1.0393857081019564e-01
22                                     1.1906842912945925e-01
23                                     9.6646280833543985e-02
24                                     1.0513657376615071e-01
25                                     1.0301363121093188e-01
26                                     1.0562023137257559e-01
27                                     1.2497610139502979e-01
28                                     1.1083242155945539e-01
29                                     2.1483744657616266e-01
30                                     1.8227276142959759e-01
31                                     1.0999645421207926e-01
32                                     1.1389681833567789e-01
33                                     1.2868093211674692e-01
34                                     1.1233171440707013e-01
35                                     1.3030212996226309e-01
36                                     1.1177827807034557e-01
37                                     9.7124860279387937e-02
38                                     1.1960173089875648e-01
39                                     1.2058590497416843e-01
40                                     1.0964170152430719e-01
$End
$Loewdin_Population_Analysis
   &GeometryIndex 1
   &ListStatus       OUT
   &NATOMS [&Type "Integer"] 41
   &ATNO [&Type "ArrayOfIntegers", &Dim (41,1)] 
                                                         0

0                                                        6
1                                                        6
2                                                        8
3                                                       15
4                                                       16
5                                                        8
6                                                        6
7                                                        6
8                                                       16
9                                                        6
10                                                      16
11                                                      15
12                                                      16
13                                                       8
14                                                       6
15                                                       6
16                                                       8
17                                                       6
18                                                       6
19                                                       1
20                                                       1
21                                                       1
22                                                       1
23                                                       1
24                                                       1
25                                                       1
26                                                       1
27                                                       1
28                                                       1
29                                                       1
30                                                       1
31                                                       1
32                                                       1
33                                                       1
34                                                       1
35                                                       1
36                                                       1
37                                                       1
38                                                       1
39                                                       1
40                                                       1
   &ATOMICCHARGES [&Type "ArrayOfDoubles", &Dim (41,1)] 
                                                         0

0                                      1.9671234725563229e-03
1                                      9.5492162919810511e-02
2                                      4.6924458374378464e-01
3                                      3.9736277454823644e-02
4                                      9.9821808377040808e-05
5                                      3.4456776224596553e-01
6                                      4.5451327917044371e-02
7                                      1.3537634983706158e-03
8                                      4.8016264875624465e-04
9                                      1.4097003999055601e-04
10                                     3.6937656661451894e-05
11                                     1.5324545662420279e-05
12                                     2.2599614309187556e-05
13                                     4.4810947419084211e-05
14                                     9.6556411854912623e-06
15                                     9.8288871275827540e-07
16                                     3.1439714555081027e-05
17                                     1.5507249545178471e-06
18                                     4.5462874133278598e-07
19                                     5.2418693945205834e-06
20                                     1.5352458132234437e-06
21                                     8.6985331970696261e-05
22                                     2.7309821660901642e-04
23                                     4.7387362360972444e-04
24                                     1.6570089606894982e-04
25                                     1.8221010314655332e-04
26                                     7.4263666043883339e-05
27                                     5.9452194135677404e-07
28                                     1.2637272051331203e-05
29                                     4.7848501702490031e-06
30                                     2.0000028733666747e-05
31                                     1.7292820809314987e-07
32                                     2.4862159145273879e-08
33                                     2.1195048158766897e-08
34                                     2.9254734298747307e-08
35                                     9.6225119978227470e-08
36                                     8.7357046266657532e-07
37                                     6.5594216289495864e-08
38                                     2.9740456236062784e-09
39                                     5.7883930683888156e-08
40                                     1.7774839420250884e-08
$End
$Mayer_Population_Analysis
   &GeometryIndex 1
   &ListStatus       OUT
   &NATOMS [&Type "Integer"] 41 "Total number of atoms"
   &BONDTHRESH [&Type "Double"]       1.0000000000000001e-01  "The threshold for printing"
   &NBONDORDERSPRINT [&Type "Integer"] 42 "The number of bond orders larger than threshold"
   &BONDORDERS [&Type "ArrayOfDoubles", &Dim (42,1)] "The bond orders"
                                                         0

0                                      1.1711386155429258e+00
1                                      9.4608040011177408e-01
2                                      9.2367008369578130e-01
3                                      9.4042718681566995e-01
4                                      9.0014747093279524e-01
5                                      9.0376411523953726e-01
6                                      9.3475275231953203e-01
7                                      1.1171265826858274e+00
8                                      1.6121292764567010e+00
9                                      1.1294774116780091e+00
10                                     9.5997859152572318e-01
11                                     1.2107936309254920e-01
12                                     8.9463179527688885e-01
13                                     1.1680668699318084e+00
14                                     9.3531284881454890e-01
15                                     9.1571444671737900e-01
16                                     9.4082071049474358e-01
17                                     9.3514382183075406e-01
18                                     9.4754520552870880e-01
19                                     9.9159079375980952e-01
20                                     1.0078863285389510e+00
21                                     8.4485403139306336e-01
22                                     9.0875623147611750e-01
23                                     9.3097856041331639e-01
24                                     1.0957299319319827e-01
25                                     1.6625533072322594e+00
26                                     1.0821007782730139e+00
27                                     1.1189948819056652e+00
28                                     9.1028657411045877e-01
29                                     1.1673669916852909e+00
30                                     9.3286686265602858e-01
31                                     9.2636797702476803e-01
32                                     9.4271430260011235e-01
33                                     9.3462646742768596e-01
34                                     9.3202126096279536e-01
35                                     8.8824888573133809e-01
36                                     1.1651474989457691e+00
37                                     9.3390075993711497e-01
38                                     9.1216684039280826e-01
39                                     9.4347500714168742e-01
40                                     9.4761215468932536e-01
41                                     9.4050967013028020e-01
   &COMPONENTS [&Type "ArrayOfIntegers", &Dim (42,4)] "The indices and atomic numbers of the bonding atoms"
                                                         0                           1                           2                           3

0                                                        0                           6                           1                           6
1                                                        0                           6                          19                           1
2                                                        0                           6                          20                           1
3                                                        0                           6                          21                           1
4                                                        1                           6                           2                           8
5                                                        1                           6                          22                           1
6                                                        1                           6                          23                           1
7                                                        2                           8                           3                          15
8                                                        3                          15                           4                          16
9                                                        3                          15                           5                           8
10                                                       3                          15                           8                          16
11                                                       4                          16                           8                          16
12                                                       5                           8                           6                           6
13                                                       6                           6                           7                           6
14                                                       6                           6                          24                           1
15                                                       6                           6                          25                           1
16                                                       7                           6                          26                           1
17                                                       7                           6                          27                           1
18                                                       7                           6                          28                           1
19                                                       8                          16                           9                           6
20                                                       9                           6                          10                          16
21                                                       9                           6                          29                           1
22                                                       9                           6                          30                           1
23                                                      10                          16                          11                          15
24                                                      10                          16                          12                          16
25                                                      11                          15                          12                          16
26                                                      11                          15                          13                           8
27                                                      11                          15                          16                           8
28                                                      13                           8                          14                           6
29                                                      14                           6                          15                           6
30                                                      14                           6                          31                           1
31                                                      14                           6                          32                           1
32                                                      15                           6                          33                           1
33                                                      15                           6                          34                           1
34                                                      15                           6                          35                           1
35                                                      16                           8                          17                           6
36                                                      17                           6                          18                           6
37                                                      17                           6                          36                           1
38                                                      17                           6                          37                           1
39                                                      18                           6                          38                           1
40                                                      18                           6                          39                           1
41                                                      18                           6                          40                           1
   &ATNO [&Type "ArrayOfIntegers", &Dim (41,1)] "Atomic number of the elements"
                                                         0

0                                                        6
1                                                        6
2                                                        8
3                                                       15
4                                                       16
5                                                        8
6                                                        6
7                                                        6
8                                                       16
9                                                        6
10                                                      16
11                                                      15
12                                                      16
13                                                       8
14                                                       6
15                                                       6
16                                                       8
17                                                       6
18                                                       6
19                                                       1
20                                                       1
21                                                       1
22                                                       1
23                                                       1
24                                                       1
25                                                       1
26                                                       1
27                                                       1
28                                                       1
29                                                       1
30                                                       1
31                                                       1
32                                                       1
33                                                       1
34                                                       1
35                                                       1
36                                                       1
37                                                       1
38                                                       1
39                                                       1
40                                                       1
   &NA [&Type "ArrayOfDoubles", &Dim (41,1)] "Mulliken gross atomic population"
                                                         0

0                                      6.3125312266373417e+00
1                                      6.0095383077926616e+00
2                                      8.3777082789302106e+00
3                                      1.4375625865782922e+01
4                                      1.6321599370512786e+01
5                                      8.3706909288011282e+00
6                                      6.0014358163836699e+00
7                                      6.2890901304140661e+00
8                                      1.6100570353871920e+01
9                                      6.3485402994889331e+00
10                                     1.6121374837201241e+01
11                                     1.4409221247895440e+01
12                                     1.6292521995572283e+01
13                                     8.3771583206941642e+00
14                                     6.0124300349580739e+00
15                                     6.3100550785588645e+00
16                                     8.3428366961019584e+00
17                                     6.0074447537602529e+00
18                                     6.2871687261524549e+00
19                                     8.9888302445692692e-01
20                                     8.5385767889641562e-01
21                                     8.9606142918980414e-01
22                                     8.8093157087053942e-01
23                                     9.0335371916645557e-01
24                                     8.9486342623384985e-01
25                                     8.9698636878906834e-01
26                                     8.9437976862742485e-01
27                                     8.7502389860497065e-01
28                                     8.8916757844054539e-01
29                                     7.8516255342383778e-01
30                                     8.1772723857040208e-01
31                                     8.9000354578792074e-01
32                                     8.8610318166432323e-01
33                                     8.7131906788325197e-01
34                                     8.8766828559292932e-01
35                                     8.6969787003773735e-01
36                                     8.8822172192965465e-01
37                                     9.0287513972061118e-01
38                                     8.8039826910124297e-01
39                                     8.7941409502583123e-01
40                                     8.9035829847569248e-01
   &ZA [&Type "ArrayOfDoubles", &Dim (41,1)] "Total nuclear charge"
                                                         0

0                                      6.0000000000000000e+00
1                                      6.0000000000000000e+00
2                                      8.0000000000000000e+00
3                                      1.5000000000000000e+01
4                                      1.6000000000000000e+01
5                                      8.0000000000000000e+00
6                                      6.0000000000000000e+00
7                                      6.0000000000000000e+00
8                                      1.6000000000000000e+01
9                                      6.0000000000000000e+00
10                                     1.6000000000000000e+01
11                                     1.5000000000000000e+01
12                                     1.6000000000000000e+01
13                                     8.0000000000000000e+00
14                                     6.0000000000000000e+00
15                                     6.0000000000000000e+00
16                                     8.0000000000000000e+00
17                                     6.0000000000000000e+00
18                                     6.0000000000000000e+00
19                                     1.0000000000000000e+00
20                                     1.0000000000000000e+00
21                                     1.0000000000000000e+00
22                                     1.0000000000000000e+00
23                                     1.0000000000000000e+00
24                                     1.0000000000000000e+00
25                                     1.0000000000000000e+00
26                                     1.0000000000000000e+00
27                                     1.0000000000000000e+00
28                                     1.0000000000000000e+00
29                                     1.0000000000000000e+00
30                                     1.0000000000000000e+00
31                                     1.0000000000000000e+00
32                                     1.0000000000000000e+00
33                                     1.0000000000000000e+00
34                                     1.0000000000000000e+00
35                                     1.0000000000000000e+00
36                                     1.0000000000000000e+00
37                                     1.0000000000000000e+00
38                                     1.0000000000000000e+00
39                                     1.0000000000000000e+00
40                                     1.0000000000000000e+00
   &QA [&Type "ArrayOfDoubles", &Dim (41,1)] "Mulliken gross atomic charge"
                                                         0

0                                     -3.1253122663734167e-01
1                                     -9.5383077926616266e-03
2                                     -3.7770827893021064e-01
3                                      6.2437413421707788e-01
4                                     -3.2159937051278575e-01
5                                     -3.7069092880112819e-01
6                                     -1.4358163836698523e-03
7                                     -2.8909013041406606e-01
8                                     -1.0057035387191959e-01
9                                     -3.4854029948893306e-01
10                                    -1.2137483720124109e-01
11                                     5.9077875210456021e-01
12                                    -2.9252199557228309e-01
13                                    -3.7715832069416422e-01
14                                    -1.2430034958073932e-02
15                                    -3.1005507855886449e-01
16                                    -3.4283669610195844e-01
17                                    -7.4447537602528868e-03
18                                    -2.8716872615245492e-01
19                                     1.0111697554307308e-01
20                                     1.4614232110358438e-01
21                                     1.0393857081019586e-01
22                                     1.1906842912946058e-01
23                                     9.6646280833544429e-02
24                                     1.0513657376615015e-01
25                                     1.0301363121093166e-01
26                                     1.0562023137257515e-01
27                                     1.2497610139502935e-01
28                                     1.1083242155945461e-01
29                                     2.1483744657616222e-01
30                                     1.8227276142959792e-01
31                                     1.0999645421207926e-01
32                                     1.1389681833567677e-01
33                                     1.2868093211674803e-01
34                                     1.1233171440707068e-01
35                                     1.3030212996226265e-01
36                                     1.1177827807034535e-01
37                                     9.7124860279388825e-02
38                                     1.1960173089875703e-01
39                                     1.2058590497416877e-01
40                                     1.0964170152430752e-01
   &VA [&Type "ArrayOfDoubles", &Dim (41,1)] "Mayer's total valence"
                                                         0

0                                      3.9842170918532123e+00
1                                      3.9894017375667290e+00
2                                      2.1834646703505691e+00
3                                      4.9816224786460515e+00
4                                      2.0852681288023600e+00
5                                      2.1549354651025530e+00
6                                      4.0113009993987987e+00
7                                      3.9868725730718015e+00
8                                      2.2482596074782206e+00
9                                      3.8090128882063961e+00
10                                     2.2783294702124053e+00
11                                     4.9565151422889899e+00
12                                     2.0640851470424275e+00
13                                     2.1745029573650752e+00
14                                     4.0166324271447396e+00
15                                     3.9903652809878110e+00
16                                     2.1881963271709988e+00
17                                     4.0037797705953500e+00
18                                     3.9953041649088923e+00
19                                     9.5836300067762847e-01
20                                     1.0017617012824638e+00
21                                     9.5862845051054291e-01
22                                     9.9225315014012283e-01
23                                     9.4788787738702440e-01
24                                     9.4775895888341322e-01
25                                     9.7367011444429319e-01
26                                     9.5525965436713522e-01
27                                     9.9261511515079015e-01
28                                     9.5926858496458656e-01
29                                     9.9013091653422414e-01
30                                     9.3079722969683587e-01
31                                     9.4625821701389312e-01
32                                     9.5060636526450670e-01
33                                     9.6595997912430331e-01
34                                     9.5272627140424659e-01
35                                     9.8480442428985493e-01
36                                     9.5044090272195247e-01
37                                     9.7719981931306366e-01
38                                     9.7855230893046874e-01
39                                     9.5729855639643846e-01
40                                     9.5445571788829631e-01
   &BVA [&Type "ArrayOfDoubles", &Dim (41,1)] "Mayer's bonded valence"
                                                         0

0                                      3.9842170918532460e+00
1                                      3.9894017375666877e+00
2                                      2.1834646703504865e+00
3                                      4.9816224786462113e+00
4                                      2.0852681288024408e+00
5                                      2.1549354651025765e+00
6                                      4.0113009993988191e+00
7                                      3.9868725730718371e+00
8                                      2.2482596074782175e+00
9                                      3.8090128882063690e+00
10                                     2.2783294702124333e+00
11                                     4.9565151422888931e+00
12                                     2.0640851470425727e+00
13                                     2.1745029573650378e+00
14                                     4.0166324271447689e+00
15                                     3.9903652809878762e+00
16                                     2.1881963271710689e+00
17                                     4.0037797705953215e+00
18                                     3.9953041649088905e+00
19                                     9.5836300067763602e-01
20                                     1.0017617012824729e+00
21                                     9.5862845051055923e-01
22                                     9.9225315014012994e-01
23                                     9.4788787738702229e-01
24                                     9.4775895888340900e-01
25                                     9.7367011444429019e-01
26                                     9.5525965436713289e-01
27                                     9.9261511515079093e-01
28                                     9.5926858496458534e-01
29                                     9.9013091653422702e-01
30                                     9.3079722969684142e-01
31                                     9.4625821701389234e-01
32                                     9.5060636526450626e-01
33                                     9.6595997912430809e-01
34                                     9.5272627140424271e-01
35                                     9.8480442428986104e-01
36                                     9.5044090272194359e-01
37                                     9.7719981931307220e-01
38                                     9.7855230893045975e-01
39                                     9.5729855639644823e-01
40                                     9.5445571788829653e-01
   &FA [&Type "ArrayOfDoubles", &Dim (41,1)] "Mayer's free valence"
                                                         0

0                                      0.0000000000000000e+00
1                                      0.0000000000000000e+00
2                                      0.0000000000000000e+00
3                                      0.0000000000000000e+00
4                                      0.0000000000000000e+00
5                                      0.0000000000000000e+00
6                                      0.0000000000000000e+00
7                                      0.0000000000000000e+00
8                                      0.0000000000000000e+00
9                                      0.0000000000000000e+00
10                                     0.0000000000000000e+00
11                                     0.0000000000000000e+00
12                                     0.0000000000000000e+00
13                                     0.0000000000000000e+00
14                                     0.0000000000000000e+00
15                                     0.0000000000000000e+00
16                                     0.0000000000000000e+00
17                                     0.0000000000000000e+00
18                                     0.0000000000000000e+00
19                                     0.0000000000000000e+00
20                                     0.0000000000000000e+00
21                                     0.0000000000000000e+00
22                                     0.0000000000000000e+00
23                                     0.0000000000000000e+00
24                                     0.0000000000000000e+00
25                                     0.0000000000000000e+00
26                                     0.0000000000000000e+00
27                                     0.0000000000000000e+00
28                                     0.0000000000000000e+00
29                                     0.0000000000000000e+00
30                                     0.0000000000000000e+00
31                                     0.0000000000000000e+00
32                                     0.0000000000000000e+00
33                                     0.0000000000000000e+00
34                                     0.0000000000000000e+00
35                                     0.0000000000000000e+00
36                                     0.0000000000000000e+00
37                                     0.0000000000000000e+00
38                                     0.0000000000000000e+00
39                                     0.0000000000000000e+00
40                                     0.0000000000000000e+00
$End
$VdW_Correction
   &GeometryIndex 1
   &ListStatus       OUT
   &VDW [&Type "Double"]      -6.5580319090374789e-02
$End
$Calculation_Info
   &GeometryIndex 1
   &ListStatus       OUT
   &MULT [&Type "Integer"] 1
   &CHARGE [&Type "Integer"] 0
   &NUMOFATOMS [&Type "Integer"] 41
   &NUMOFELECTRONS [&Type "Integer"] 202
   &NUMOFFCELECTRONS [&Type "Integer"] 1
   &NUMOFCORRELECTRONS [&Type "Integer"] 0
   &NUMOFBASISFUNCTS [&Type "Integer"] 334
   &NUMOFAUXCBASISFUNCTS [&Type "Integer"] 0
   &NUMOFAUXJBASISFUNCTS [&Type "Integer"] 1185
   &NUMOFAUXJKBASISFUNCTS [&Type "Integer"] 0
   &NUMOFCABSBASISFUNCTS [&Type "Integer"] 0
   &TOTALENERGY [&Type "Double"]      -2.9295189451925357e+03  "Hartrees"
$End
$SCF_Dipole_Moment
   &GeometryIndex 1
   &ListStatus       OUT
   &METHOD [&Type "String"] "SCF"
   &LEVEL [&Type "String"] "Relaxed density"
   &MULT [&Type "Integer"] 1
   &STATE [&Type "Integer"] -1
   &IRREP [&Type "Integer"] 0
   &NATOMS [&Type "Integer"] 41
   &DODIPOLEATOM [&Type "Boolean"] false
   &DIPOLEELECCONTRIB [&Type "ArrayOfDoubles", &Dim (3,1)] "Electronic contribution"
                                                         0

0                                      3.3515107651545661e+00
1                                      7.1384591349509252e-01
2                                      6.2111965318327647e+00
   &DIPOLENUCCONTRIB [&Type "ArrayOfDoubles", &Dim (3,1)] "Nuclear contribution"
                                                         0

0                                     -4.3821604091889652e+00
1                                     -1.5345783929156274e+00
2                                     -6.2377347686221691e+00
   &DIPOLETOTAL [&Type "ArrayOfDoubles", &Dim (3,1)] "Total"
                                                         0

0                                     -1.0306496440343991e+00
1                                     -8.2073247942053484e-01
2                                     -2.6538236789404479e-02
   &DIPOLEMAGNITUDE [&Type "Double", &Units "a.u."]       1.3177802432636114e+00
$End
