*************************************************
******************* ORCA 6.0.0 ******************
*************************************************
$Calculation_Status
   &GeometryIndex 1
   &ListStatus       OUT
   &VERSION [&Type "String"] "6.0.0"
   &PROGNAME [&Type "String"] "LeanSCF"
   &STATUS [&Type "String"] "NORMAL TERMINATION"
$End
$Geometry
   &GeometryIndex 1
   &ListStatus       OUT
   &NATOMS [&Type "Integer"] 41
   &NCORELESSECP [&Type "Integer"] 0
   &NGHOSTATOMS [&Type "Integer"] 0
   &CartesianCoordinates [&Type "Coordinates", &Dim(41,4), &Units "Bohr"] 
              C      7.948035325088    0.575848591021   -4.759017999453
              C      7.649119147447   -2.126540752039   -3.858137244533
              O      7.430855511583   -2.314495064016   -1.156611595133
              P      5.398288387319   -0.891479612691    0.512487105919
              S      6.058809324763    2.651357226074    1.425116311647
              O      5.564061071260   -2.798494201134    2.808756989128
              C      4.781496112859   -2.143150761620    5.325306124300
              C      1.934916986106   -2.277430477347    5.614551337811
              S      1.917605907405   -1.593700725527   -1.409097578287
              C      0.491202735158    1.519927747803   -1.202051236000
              S     -1.948702710407    1.768329620821    1.175985674060
              P     -5.200345884209    1.046842031008   -1.116293746659
              S     -4.561353268888    0.308737618774   -4.684284073691
              O     -6.900516072548    3.472878783279   -0.808686363071
              C     -7.182600390539    5.001714641874    1.442904718351
              C     -7.900173887364    3.465487030500    3.744682930442
              O     -6.817550285829   -1.042196263841    0.320275855123
              C     -6.449076314083   -3.705623440585   -0.038289936494
              C     -4.107133439065   -4.656427662325    1.309467421558
              H      8.304469886029    0.587265840300   -6.778778414558
              H      6.233563420271    1.650951286256   -4.378545969777
              H      9.514174668017    1.484350006160   -3.786284856895
              H      9.325106018365   -3.249501593283   -4.286949142590
              H      5.985664945729   -3.005677464284   -4.714820068716
              H      5.730475617122   -3.531421607524    6.518382234150
              H      5.479764601948   -0.246180138254    5.771707673148
              H      1.035709322517   -0.782713438152    4.521272464825
              H      1.245846332494   -4.097784362759    4.957930378991
              H      1.442204718816   -2.034129043573    7.590109821062
              H     -0.342253799029    1.922763205295   -3.042763741607
              H      1.960610562071    2.881597930490   -0.701333374112
              H     -5.409345082899    6.013227958027    1.758884106687
              H     -8.664496999275    6.336133057906    0.919549782885
              H     -6.366804362235    2.189483186402    4.247417071345
              H     -8.250808429801    4.737072369487    5.315990571546
              H     -9.591044298005    2.362881488069    3.367240773510
              H     -8.162324519750   -4.550304531322    0.738564577744
              H     -6.337266141097   -4.093115901681   -2.067989653061
              H     -4.122362124605   -4.049324504515    3.271867042540
              H     -4.069339299434   -6.705470314754    1.231791427099
              H     -2.413315721217   -3.934156095815    0.391306534280
$End
$SCF_Energy
   &GeometryIndex 1
   &ListStatus       OUT
   &SCF_ENERGY [&Type "Double"]      -2.9296397701558412e+03
$End
$DFT_Energy
   &GeometryIndex 1
   &ListStatus       OUT
   &NALPHAEL [&Type "Integer"] 101
   &NBETAEL [&Type "Integer"] 101
   &NTOTALEL [&Type "Integer"] 201
   &EEXCHANGE [&Type "Double"]      -2.3180452896572177e+02
   &ECORR [&Type "Double"]      -7.2952902300523217e+00
   &ECNL [&Type "Double"]       0.0000000000000000e+00
   &EXC [&Type "Double"]      -2.3909981919577410e+02
   &EEMBED [&Type "Double"]       0.0000000000000000e+00
   &FINALEN [&Type "Double"]      -2.9296397701558412e+03  "No Van der Waals correction"
$End
$Mulliken_Population_Analysis
   &GeometryIndex 1
   &ListStatus       OUT
   &NATOMS [&Type "Integer"] 41
   &ATNO [&Type "ArrayOfIntegers", &Dim (41,1)] 
                                                         0

0                                                        6
1                                                        6
2                                                        8
3                                                       15
4                                                       16
5                                                        8
6                                                        6
7                                                        6
8                                                       16
9                                                        6
10                                                      16
11                                                      15
12                                                      16
13                                                       8
14                                                       6
15                                                       6
16                                                       8
17                                                       6
18                                                       6
19                                                       1
20                                                       1
21                                                       1
22                                                       1
23                                                       1
24                                                       1
25                                                       1
26                                                       1
27                                                       1
28                                                       1
29                                                       1
30                                                       1
31                                                       1
32                                                       1
33                                                       1
34                                                       1
35                                                       1
36                                                       1
37                                                       1
38                                                       1
39                                                       1
40                                                       1
   &ATOMICCHARGES [&Type "ArrayOfDoubles", &Dim (41,1)] 
                                                         0

0                                     -3.1127643437659991e-01
1                                     -5.9878289161972020e-03
2                                     -3.5629962129160297e-01
3                                      5.9314290300914330e-01
4                                     -3.2404463732612498e-01
5                                     -3.5131730164273023e-01
6                                     -2.8986828769923534e-03
7                                     -3.2825773681378667e-01
8                                     -9.7836765509875079e-02
9                                     -3.4552409995359312e-01
10                                    -1.2264706241363044e-01
11                                     5.9973027627254538e-01
12                                    -3.0680960213743091e-01
13                                    -3.5866883632013113e-01
14                                    -3.5211810340101124e-03
15                                    -3.1739731855593600e-01
16                                    -3.7171961562584421e-01
17                                     1.0537761418270009e-03
18                                    -3.3857021652961539e-01
19                                     1.1380673558704346e-01
20                                     1.2129147580944344e-01
21                                     1.2741101908550534e-01
22                                     1.1052579951174302e-01
23                                     1.1425718424681253e-01
24                                     1.0581838200410254e-01
25                                     1.1248046976579773e-01
26                                     1.3352110306621601e-01
27                                     1.2178516745104118e-01
28                                     1.0907938675773954e-01
29                                     1.9435240772848372e-01
30                                     1.9503687548431259e-01
31                                     1.1462343264718633e-01
32                                     1.1431096548485220e-01
33                                     1.2527086976331792e-01
34                                     1.1732654564983180e-01
35                                     1.2689129045174874e-01
36                                     1.0386013119562265e-01
37                                     1.1186248834849488e-01
38                                     1.1737735509664793e-01
39                                     1.1120857118856331e-01
40                                     1.4675232957616324e-01
$End
$Loewdin_Population_Analysis
   &GeometryIndex 1
   &ListStatus       OUT
   &NATOMS [&Type "Integer"] 41
   &ATNO [&Type "ArrayOfIntegers", &Dim (41,1)] 
                                                         0

0                                                        6
1                                                        6
2                                                        8
3                                                       15
4                                                       16
5                                                        8
6                                                        6
7                                                        6
8                                                       16
9                                                        6
10                                                      16
11                                                      15
12                                                      16
13                                                       8
14                                                       6
15                                                       6
16                                                       8
17                                                       6
18                                                       6
19                                                       1
20                                                       1
21                                                       1
22                                                       1
23                                                       1
24                                                       1
25                                                       1
26                                                       1
27                                                       1
28                                                       1
29                                                       1
30                                                       1
31                                                       1
32                                                       1
33                                                       1
34                                                       1
35                                                       1
36                                                       1
37                                                       1
38                                                       1
39                                                       1
40                                                       1
   &ATOMICCHARGES [&Type "ArrayOfDoubles", &Dim (41,1)] 
                                                         0

0                                      1.0836539995344905e-03
1                                      3.9139593921860803e-02
2                                      2.2532803521029346e-01
3                                      2.1308363558740627e-02
4                                      2.4042014505871784e-04
5                                      5.8189578033393852e-01
6                                      1.2562652609985889e-01
7                                      2.7590098953310495e-03
8                                      8.5067759897412929e-05
9                                      4.0106216900706562e-05
10                                     1.6009563512722875e-05
11                                     3.3796243875076044e-05
12                                     6.7713890852823743e-07
13                                     1.1397359856884450e-04
14                                     5.0458006939369632e-06
15                                     9.3899453413936106e-07
16                                     5.5441270332929314e-04
17                                     1.2588015572686099e-04
18                                     2.8263002069694622e-05
19                                     2.2745903785179762e-05
20                                     2.6434905512409329e-05
21                                     1.2195655560133302e-05
22                                     2.4791529757440010e-04
23                                     6.1113799235038905e-05
24                                     8.5072384485920544e-04
25                                     1.9383698055304061e-04
26                                     2.2179250024788744e-05
27                                     1.2638795550397558e-05
28                                     1.4654865545290049e-04
29                                     1.2856091469736232e-06
30                                     6.5859140325107693e-06
31                                     4.8744885196453467e-08
32                                     5.0319797260678302e-08
33                                     3.2747874917042719e-07
34                                     9.9379169295615650e-09
35                                     2.6858654571785036e-08
36                                     5.5078664921072575e-07
37                                     2.8961278968465860e-07
38                                     6.0009713272079022e-06
39                                     1.6065148927946923e-07
40                                     2.7756838215127048e-06
$End
$Mayer_Population_Analysis
   &GeometryIndex 1
   &ListStatus       OUT
   &NATOMS [&Type "Integer"] 41 "Total number of atoms"
   &BONDTHRESH [&Type "Double"]       1.0000000000000001e-01  "The threshold for printing"
   &NBONDORDERSPRINT [&Type "Integer"] 43 "The number of bond orders larger than threshold"
   &BONDORDERS [&Type "ArrayOfDoubles", &Dim (43,1)] "The bond orders"
                                                         0

0                                      1.1631029903575800e+00
1                                      9.3615910636758370e-01
2                                      9.3676862443792741e-01
3                                      9.4351248386537889e-01
4                                      9.1609065495622721e-01
5                                      9.3320391622848542e-01
6                                      9.2249293936706056e-01
7                                      1.1357879928465309e+00
8                                      1.5935764990035759e+00
9                                      1.1320746920074465e+00
10                                     9.3677387466192041e-01
11                                     1.2261838361247399e-01
12                                     1.1739224618091952e-01
13                                     9.1574895611038221e-01
14                                     1.1592415196192010e+00
15                                     9.3322666677718746e-01
16                                     9.1049167163805023e-01
17                                     9.3034804583101538e-01
18                                     9.4330605498802145e-01
19                                     9.3864408595717019e-01
20                                     1.0112318386863504e+00
21                                     1.0166087077395787e+00
22                                     8.5987328650333528e-01
23                                     8.4675605414204691e-01
24                                     9.3542649454484184e-01
25                                     1.1089526922507073e-01
26                                     1.6338006852866456e+00
27                                     1.1473379913303499e+00
28                                     1.0918686093399230e+00
29                                     9.0266578973145850e-01
30                                     1.1692756335683796e+00
31                                     9.2115890213286145e-01
32                                     9.3323932055187542e-01
33                                     9.3710771217830224e-01
34                                     9.3465249214924651e-01
35                                     9.4215343142071495e-01
36                                     9.1138725476699489e-01
37                                     1.1614471571120468e+00
38                                     9.3368170735198752e-01
39                                     9.1286918112704474e-01
40                                     9.4407403990656991e-01
41                                     9.3778603305925345e-01
42                                     9.2534500892682880e-01
   &COMPONENTS [&Type "ArrayOfIntegers", &Dim (43,4)] "The indices and atomic numbers of the bonding atoms"
                                                         0                           1                           2                           3

0                                                        0                           6                           1                           6
1                                                        0                           6                          19                           1
2                                                        0                           6                          20                           1
3                                                        0                           6                          21                           1
4                                                        1                           6                           2                           8
5                                                        1                           6                          22                           1
6                                                        1                           6                          23                           1
7                                                        2                           8                           3                          15
8                                                        3                          15                           4                          16
9                                                        3                          15                           5                           8
10                                                       3                          15                           8                          16
11                                                       4                          16                           8                          16
12                                                       4                          16                          30                           1
13                                                       5                           8                           6                           6
14                                                       6                           6                           7                           6
15                                                       6                           6                          24                           1
16                                                       6                           6                          25                           1
17                                                       7                           6                          26                           1
18                                                       7                           6                          27                           1
19                                                       7                           6                          28                           1
20                                                       8                          16                           9                           6
21                                                       9                           6                          10                          16
22                                                       9                           6                          29                           1
23                                                       9                           6                          30                           1
24                                                      10                          16                          11                          15
25                                                      10                          16                          12                          16
26                                                      11                          15                          12                          16
27                                                      11                          15                          13                           8
28                                                      11                          15                          16                           8
29                                                      13                           8                          14                           6
30                                                      14                           6                          15                           6
31                                                      14                           6                          31                           1
32                                                      14                           6                          32                           1
33                                                      15                           6                          33                           1
34                                                      15                           6                          34                           1
35                                                      15                           6                          35                           1
36                                                      16                           8                          17                           6
37                                                      17                           6                          18                           6
38                                                      17                           6                          36                           1
39                                                      17                           6                          37                           1
40                                                      18                           6                          38                           1
41                                                      18                           6                          39                           1
42                                                      18                           6                          40                           1
   &ATNO [&Type "ArrayOfIntegers", &Dim (41,1)] "Atomic number of the elements"
                                                         0

0                                                        6
1                                                        6
2                                                        8
3                                                       15
4                                                       16
5                                                        8
6                                                        6
7                                                        6
8                                                       16
9                                                        6
10                                                      16
11                                                      15
12                                                      16
13                                                       8
14                                                       6
15                                                       6
16                                                       8
17                                                       6
18                                                       6
19                                                       1
20                                                       1
21                                                       1
22                                                       1
23                                                       1
24                                                       1
25                                                       1
26                                                       1
27                                                       1
28                                                       1
29                                                       1
30                                                       1
31                                                       1
32                                                       1
33                                                       1
34                                                       1
35                                                       1
36                                                       1
37                                                       1
38                                                       1
39                                                       1
40                                                       1
   &NA [&Type "ArrayOfDoubles", &Dim (41,1)] "Mulliken gross atomic population"
                                                         0

0                                      6.3112764343765910e+00
1                                      6.0059878289161999e+00
2                                      8.3562996212916083e+00
3                                      1.4406857096990873e+01
4                                      1.6324044637326121e+01
5                                      8.3513173016427089e+00
6                                      6.0028986828769861e+00
7                                      6.3282577368137929e+00
8                                      1.6097836765509957e+01
9                                      6.3455240999535754e+00
10                                     1.6122647062413691e+01
11                                     1.4400269723727455e+01
12                                     1.6306809602137399e+01
13                                     8.3586688363201347e+00
14                                     6.0035211810340146e+00
15                                     6.3173973185559413e+00
16                                     8.3717196156258389e+00
17                                     5.9989462238581766e+00
18                                     6.3385702165296136e+00
19                                     8.8619326441295720e-01
20                                     8.7870852419055701e-01
21                                     8.7258898091449499e-01
22                                     8.8947420048825698e-01
23                                     8.8574281575318703e-01
24                                     8.9418161799589790e-01
25                                     8.8751953023420349e-01
26                                     8.6647889693378199e-01
27                                     8.7821483254895805e-01
28                                     8.9092061324225991e-01
29                                     8.0564759227151561e-01
30                                     8.0496312451568697e-01
31                                     8.8537656735281423e-01
32                                     8.8568903451514791e-01
33                                     8.7472913023668253e-01
34                                     8.8267345435016797e-01
35                                     8.7310870954825148e-01
36                                     8.9613986880437779e-01
37                                     8.8813751165150501e-01
38                                     8.8262264490335296e-01
39                                     8.8879142881143558e-01
40                                     8.5324767042383698e-01
   &ZA [&Type "ArrayOfDoubles", &Dim (41,1)] "Total nuclear charge"
                                                         0

0                                      6.0000000000000000e+00
1                                      6.0000000000000000e+00
2                                      8.0000000000000000e+00
3                                      1.5000000000000000e+01
4                                      1.6000000000000000e+01
5                                      8.0000000000000000e+00
6                                      6.0000000000000000e+00
7                                      6.0000000000000000e+00
8                                      1.6000000000000000e+01
9                                      6.0000000000000000e+00
10                                     1.6000000000000000e+01
11                                     1.5000000000000000e+01
12                                     1.6000000000000000e+01
13                                     8.0000000000000000e+00
14                                     6.0000000000000000e+00
15                                     6.0000000000000000e+00
16                                     8.0000000000000000e+00
17                                     6.0000000000000000e+00
18                                     6.0000000000000000e+00
19                                     1.0000000000000000e+00
20                                     1.0000000000000000e+00
21                                     1.0000000000000000e+00
22                                     1.0000000000000000e+00
23                                     1.0000000000000000e+00
24                                     1.0000000000000000e+00
25                                     1.0000000000000000e+00
26                                     1.0000000000000000e+00
27                                     1.0000000000000000e+00
28                                     1.0000000000000000e+00
29                                     1.0000000000000000e+00
30                                     1.0000000000000000e+00
31                                     1.0000000000000000e+00
32                                     1.0000000000000000e+00
33                                     1.0000000000000000e+00
34                                     1.0000000000000000e+00
35                                     1.0000000000000000e+00
36                                     1.0000000000000000e+00
37                                     1.0000000000000000e+00
38                                     1.0000000000000000e+00
39                                     1.0000000000000000e+00
40                                     1.0000000000000000e+00
   &QA [&Type "ArrayOfDoubles", &Dim (41,1)] "Mulliken gross atomic charge"
                                                         0

0                                     -3.1127643437659103e-01
1                                     -5.9878289161998666e-03
2                                     -3.5629962129160830e-01
3                                      5.9314290300912731e-01
4                                     -3.2404463732612143e-01
5                                     -3.5131730164270891e-01
6                                     -2.8986828769861361e-03
7                                     -3.2825773681379289e-01
8                                     -9.7836765509956791e-02
9                                     -3.4552409995357536e-01
10                                    -1.2264706241369083e-01
11                                     5.9973027627254538e-01
12                                    -3.0680960213739894e-01
13                                    -3.5866883632013469e-01
14                                    -3.5211810340145533e-03
15                                    -3.1739731855594133e-01
16                                    -3.7171961562583888e-01
17                                     1.0537761418234481e-03
18                                    -3.3857021652961361e-01
19                                     1.1380673558704280e-01
20                                     1.2129147580944299e-01
21                                     1.2741101908550501e-01
22                                     1.1052579951174302e-01
23                                     1.1425718424681297e-01
24                                     1.0581838200410210e-01
25                                     1.1248046976579651e-01
26                                     1.3352110306621801e-01
27                                     1.2178516745104195e-01
28                                     1.0907938675774009e-01
29                                     1.9435240772848439e-01
30                                     1.9503687548431303e-01
31                                     1.1462343264718577e-01
32                                     1.1431096548485209e-01
33                                     1.2527086976331747e-01
34                                     1.1732654564983203e-01
35                                     1.2689129045174852e-01
36                                     1.0386013119562221e-01
37                                     1.1186248834849499e-01
38                                     1.1737735509664704e-01
39                                     1.1120857118856442e-01
40                                     1.4675232957616302e-01
   &VA [&Type "ArrayOfDoubles", &Dim (41,1)] "Mayer's total valence"
                                                         0

0                                      3.9952275701465427e+00
1                                      4.0056174066540002e+00
2                                      2.1951103939102667e+00
3                                      4.9503932145133591e+00
4                                      2.0710951653309833e+00
5                                      2.1915556828401677e+00
6                                      3.9845990282839594e+00
7                                      3.9913329099796795e+00
8                                      2.3118839216035529e+00
9                                      3.7891527347410019e+00
10                                     2.3083894977625388e+00
11                                     4.9543302623700320e+00
12                                     2.0531885435451898e+00
13                                     2.1805319119306263e+00
14                                     4.0029434203706575e+00
15                                     4.0110370778923530e+00
16                                     2.1788878672926635e+00
17                                     3.9898244083161400e+00
18                                     3.9914625116854956e+00
19                                     9.5287635165734763e-01
20                                     9.7827755286601115e-01
21                                     9.6448511622377897e-01
22                                     9.4791588292282292e-01
23                                     9.6149287907132019e-01
24                                     9.4893185161331917e-01
25                                     9.8564092300626394e-01
26                                     9.8198082095528350e-01
27                                     9.6183918232075361e-01
28                                     9.5486004657395174e-01
29                                     9.8345291503443666e-01
30                                     9.9604247329336237e-01
31                                     9.6485248958477043e-01
32                                     9.4830370554825549e-01
33                                     9.6671874885549836e-01
34                                     9.5232450964491899e-01
35                                     9.6232314918294004e-01
36                                     9.4894021582512011e-01
37                                     9.8568243332826266e-01
38                                     9.6215320418862949e-01
39                                     9.5431211486642575e-01
40                                     9.8126260850529345e-01
   &BVA [&Type "ArrayOfDoubles", &Dim (41,1)] "Mayer's bonded valence"
                                                         0

0                                      3.9952275701466147e+00
1                                      4.0056174066539665e+00
2                                      2.1951103939102645e+00
3                                      4.9503932145133049e+00
4                                      2.0710951653308936e+00
5                                      2.1915556828402010e+00
6                                      3.9845990282839576e+00
7                                      3.9913329099796426e+00
8                                      2.3118839216033482e+00
9                                      3.7891527347410245e+00
10                                     2.3083894977623349e+00
11                                     4.9543302623700312e+00
12                                     2.0531885435452595e+00
13                                     2.1805319119305753e+00
14                                     4.0029434203706646e+00
15                                     4.0110370778923929e+00
16                                     2.1788878672926706e+00
17                                     3.9898244083161547e+00
18                                     3.9914625116854934e+00
19                                     9.5287635165734708e-01
20                                     9.7827755286601681e-01
21                                     9.6448511622378130e-01
22                                     9.4791588292281559e-01
23                                     9.6149287907132297e-01
24                                     9.4893185161331750e-01
25                                     9.8564092300624451e-01
26                                     9.8198082095528727e-01
27                                     9.6183918232074972e-01
28                                     9.5486004657395285e-01
29                                     9.8345291503443122e-01
30                                     9.9604247329336026e-01
31                                     9.6485248958477410e-01
32                                     9.4830370554825261e-01
33                                     9.6671874885550368e-01
34                                     9.5232450964492477e-01
35                                     9.6232314918294182e-01
36                                     9.4894021582511778e-01
37                                     9.8568243332826844e-01
38                                     9.6215320418862693e-01
39                                     9.5431211486642875e-01
40                                     9.8126260850530334e-01
   &FA [&Type "ArrayOfDoubles", &Dim (41,1)] "Mayer's free valence"
                                                         0

0                                      0.0000000000000000e+00
1                                      0.0000000000000000e+00
2                                      0.0000000000000000e+00
3                                      0.0000000000000000e+00
4                                      0.0000000000000000e+00
5                                      0.0000000000000000e+00
6                                      0.0000000000000000e+00
7                                      0.0000000000000000e+00
8                                      0.0000000000000000e+00
9                                      0.0000000000000000e+00
10                                     0.0000000000000000e+00
11                                     0.0000000000000000e+00
12                                     0.0000000000000000e+00
13                                     0.0000000000000000e+00
14                                     0.0000000000000000e+00
15                                     0.0000000000000000e+00
16                                     0.0000000000000000e+00
17                                     0.0000000000000000e+00
18                                     0.0000000000000000e+00
19                                     0.0000000000000000e+00
20                                     0.0000000000000000e+00
21                                     0.0000000000000000e+00
22                                     0.0000000000000000e+00
23                                     0.0000000000000000e+00
24                                     0.0000000000000000e+00
25                                     0.0000000000000000e+00
26                                     0.0000000000000000e+00
27                                     0.0000000000000000e+00
28                                     0.0000000000000000e+00
29                                     0.0000000000000000e+00
30                                     0.0000000000000000e+00
31                                     0.0000000000000000e+00
32                                     0.0000000000000000e+00
33                                     0.0000000000000000e+00
34                                     0.0000000000000000e+00
35                                     0.0000000000000000e+00
36                                     0.0000000000000000e+00
37                                     0.0000000000000000e+00
38                                     0.0000000000000000e+00
39                                     0.0000000000000000e+00
40                                     0.0000000000000000e+00
$End
$VdW_Correction
   &GeometryIndex 1
   &ListStatus       OUT
   &VDW [&Type "Double"]      -6.4047400170914273e-02
$End
$Calculation_Info
   &GeometryIndex 1
   &ListStatus       OUT
   &MULT [&Type "Integer"] 1
   &CHARGE [&Type "Integer"] 0
   &NUMOFATOMS [&Type "Integer"] 41
   &NUMOFELECTRONS [&Type "Integer"] 202
   &NUMOFFCELECTRONS [&Type "Integer"] 1
   &NUMOFCORRELECTRONS [&Type "Integer"] 0
   &NUMOFBASISFUNCTS [&Type "Integer"] 334
   &NUMOFAUXCBASISFUNCTS [&Type "Integer"] 0
   &NUMOFAUXJBASISFUNCTS [&Type "Integer"] 1185
   &NUMOFAUXJKBASISFUNCTS [&Type "Integer"] 0
   &NUMOFCABSBASISFUNCTS [&Type "Integer"] 0
   &TOTALENERGY [&Type "Double"]      -2.9295187939052121e+03  "Hartrees"
$End
$SCF_Dipole_Moment
   &GeometryIndex 1
   &ListStatus       OUT
   &METHOD [&Type "String"] "SCF"
   &LEVEL [&Type "String"] "Relaxed density"
   &MULT [&Type "Integer"] 1
   &STATE [&Type "Integer"] -1
   &IRREP [&Type "Integer"] 0
   &NATOMS [&Type "Integer"] 41
   &DODIPOLEATOM [&Type "Boolean"] false
   &DIPOLEELECCONTRIB [&Type "ArrayOfDoubles", &Dim (3,1)] "Electronic contribution"
                                                         0

0                                      3.4120918595705643e+00
1                                      4.6836075337580514e+00
2                                     -9.7705224316736530e+00
   &DIPOLENUCCONTRIB [&Type "ArrayOfDoubles", &Dim (3,1)] "Nuclear contribution"
                                                         0

0                                     -3.8311500051548375e+00
1                                     -5.1637129243504312e+00
2                                      1.0696576264101488e+01
   &DIPOLETOTAL [&Type "ArrayOfDoubles", &Dim (3,1)] "Total"
                                                         0

0                                     -4.1905814558427323e-01
1                                     -4.8010539059237978e-01
2                                      9.2605383242783468e-01
   &DIPOLEMAGNITUDE [&Type "Double", &Units "a.u."]       1.1241381658900615e+00
$End
