*************************************************
******************* ORCA 6.0.0 ******************
*************************************************
$Calculation_Status
   &GeometryIndex 1
   &ListStatus       OUT
   &VERSION [&Type "String"] "6.0.0"
   &PROGNAME [&Type "String"] "LeanSCF"
   &STATUS [&Type "String"] "NORMAL TERMINATION"
$End
$Geometry
   &GeometryIndex 1
   &ListStatus       OUT
   &NATOMS [&Type "Integer"] 41
   &NCORELESSECP [&Type "Integer"] 0
   &NGHOSTATOMS [&Type "Integer"] 0
   &CartesianCoordinates [&Type "Coordinates", &Dim(41,4), &Units "Bohr"] 
              C      7.953874717170    4.399195963066   -1.368478185836
              C      8.593563759877    1.621123372369   -1.103549601798
              O      6.418347125741    0.029154671173   -1.465961607818
              P      4.134371150315   -0.038175207063    0.479219634033
              S      5.103487722338    0.153026706989    4.056027402607
              O      2.672556576734   -2.509682756494   -0.365809723971
              C      3.123753778267   -4.946885034807    0.752029429004
              C      5.733822421505   -5.938494761321    0.130068671932
              S      1.604491503192    2.708161040994   -0.878442947105
              C     -0.326824749606    2.912873248173    1.950258404581
              S     -1.929740179250   -0.016813535542    2.739162410559
              P     -4.024138824952   -0.618325789486   -0.638778334362
              S     -2.509040260380   -2.140734604272   -3.638302397953
              O     -5.275441851262    2.099349996325   -1.029407266896
              C     -5.413028915592    3.416670276311   -3.414684572499
              C     -3.994541237879    5.899948116492   -3.265273044262
              O     -6.213677943091   -2.393601343809    0.365098868337
              C     -7.905129191483   -1.682744013788    2.404150995065
              C    -10.424475077870   -2.962030588459    1.943574366712
              H      9.683120035652    5.500469950418   -1.314111631402
              H      6.980467373428    4.740642265866   -3.145366985564
              H      6.735102947743    4.992099526521    0.180835330961
              H      9.379538951130    1.232028675601    0.770348574364
              H      9.909083672075    0.996681933816   -2.562389077859
              H      2.862628453078   -4.781855161580    2.799326359045
              H      1.637148330865   -6.132966309388   -0.047786710205
              H      6.022958673029   -5.932803293033   -1.903720245504
              H      7.162165109067   -4.746412150419    1.012641382121
              H      5.922528919317   -7.851355711156    0.846217490807
              H     -1.709822421882    4.396890316336    1.629473098757
              H      0.870973524504    3.336929940866    3.571891776995
              H     -4.638425656096    2.196929491606   -4.895848109035
              H     -7.423428465901    3.725449339614   -3.760489310930
              H     -4.275651088921    6.924227599619   -5.019306452243
              H     -4.704297065623    7.031641812870   -1.706106500317
              H     -1.980994895203    5.566888186027   -3.007151605437
              H     -7.045270539102   -2.316748944155    4.170348258742
              H     -8.093297585243    0.372405560763    2.429501846518
              H    -10.169301556255   -4.996395059783    1.845330630805
              H    -11.699884745962   -2.509331325258    3.484420074371
              H    -11.237169868678   -2.315285318761    0.172606218989
$End
$SCF_Energy
   &GeometryIndex 1
   &ListStatus       OUT
   &SCF_ENERGY [&Type "Double"]      -2.9296370640886485e+03
$End
$DFT_Energy
   &GeometryIndex 1
   &ListStatus       OUT
   &NALPHAEL [&Type "Integer"] 100
   &NBETAEL [&Type "Integer"] 100
   &NTOTALEL [&Type "Integer"] 201
   &EEXCHANGE [&Type "Double"]      -2.3180279999366016e+02
   &ECORR [&Type "Double"]      -7.2945763487826962e+00
   &ECNL [&Type "Double"]       0.0000000000000000e+00
   &EXC [&Type "Double"]      -2.3909737634244286e+02
   &EEMBED [&Type "Double"]       0.0000000000000000e+00
   &FINALEN [&Type "Double"]      -2.9296370640886485e+03  "No Van der Waals correction"
$End
$Mulliken_Population_Analysis
   &GeometryIndex 1
   &ListStatus       OUT
   &NATOMS [&Type "Integer"] 41
   &ATNO [&Type "ArrayOfIntegers", &Dim (41,1)] 
                                                         0

0                                                        6
1                                                        6
2                                                        8
3                                                       15
4                                                       16
5                                                        8
6                                                        6
7                                                        6
8                                                       16
9                                                        6
10                                                      16
11                                                      15
12                                                      16
13                                                       8
14                                                       6
15                                                       6
16                                                       8
17                                                       6
18                                                       6
19                                                       1
20                                                       1
21                                                       1
22                                                       1
23                                                       1
24                                                       1
25                                                       1
26                                                       1
27                                                       1
28                                                       1
29                                                       1
30                                                       1
31                                                       1
32                                                       1
33                                                       1
34                                                       1
35                                                       1
36                                                       1
37                                                       1
38                                                       1
39                                                       1
40                                                       1
   &ATOMICCHARGES [&Type "ArrayOfDoubles", &Dim (41,1)] 
                                                         0

0                                     -3.1539534642638323e-01
1                                     -4.4642017006344403e-03
2                                     -3.6781803122472212e-01
3                                      6.2990033008023971e-01
4                                     -3.4290722070619850e-01
5                                     -3.4299887127102302e-01
6                                      2.7205993086809599e-03
7                                     -3.0987666696490557e-01
8                                     -9.1540080488307751e-02
9                                     -3.5937955780521413e-01
10                                    -9.5821530013335376e-02
11                                     6.0869261581522238e-01
12                                    -2.8814541819808070e-01
13                                    -3.9740950966134214e-01
14                                    -7.0355715777763450e-03
15                                    -3.1455093206480811e-01
16                                    -3.6726545293894475e-01
17                                    -2.4735783637904518e-02
18                                    -2.7633711057879928e-01
19                                     1.1328998492536879e-01
20                                     1.1901944610918969e-01
21                                     1.2427155357314379e-01
22                                     1.1117000814285993e-01
23                                     1.0705940067117137e-01
24                                     1.0762254681744532e-01
25                                     1.0810289023564712e-01
26                                     1.1908588197414338e-01
27                                     1.1750561197506471e-01
28                                     1.0968706238932713e-01
29                                     1.8651891694901768e-01
30                                     1.9133774666991954e-01
31                                     1.1624246485317835e-01
32                                     1.0088908314205591e-01
33                                     1.1519249999039238e-01
34                                     1.1657775920497615e-01
35                                     1.3405501072627302e-01
36                                     1.1181276610799640e-01
37                                     1.0659342780555126e-01
38                                     1.2264053294863342e-01
39                                     1.1012176894151648e-01
40                                     1.1557137590154576e-01
$End
$Loewdin_Population_Analysis
   &GeometryIndex 1
   &ListStatus       OUT
   &NATOMS [&Type "Integer"] 41
   &ATNO [&Type "ArrayOfIntegers", &Dim (41,1)] 
                                                         0

0                                                        6
1                                                        6
2                                                        8
3                                                       15
4                                                       16
5                                                        8
6                                                        6
7                                                        6
8                                                       16
9                                                        6
10                                                      16
11                                                      15
12                                                      16
13                                                       8
14                                                       6
15                                                       6
16                                                       8
17                                                       6
18                                                       6
19                                                       1
20                                                       1
21                                                       1
22                                                       1
23                                                       1
24                                                       1
25                                                       1
26                                                       1
27                                                       1
28                                                       1
29                                                       1
30                                                       1
31                                                       1
32                                                       1
33                                                       1
34                                                       1
35                                                       1
36                                                       1
37                                                       1
38                                                       1
39                                                       1
40                                                       1
   &ATOMICCHARGES [&Type "ArrayOfDoubles", &Dim (41,1)] 
                                                         0

0                                      2.0924967438273995e-03
1                                      8.4997691414653714e-02
2                                      4.7950669973094850e-01
3                                      5.0341699192266470e-02
4                                      8.4577266866983495e-05
5                                      3.4133759786520979e-01
6                                      3.6693318779922324e-02
7                                      1.2819898180590928e-03
8                                      6.2186457943476229e-04
9                                      2.0812165715585639e-04
10                                     4.9456199870213190e-05
11                                     8.7952610763156522e-05
12                                     1.1618801216937705e-05
13                                     5.1811156098673648e-04
14                                     7.1750199193189052e-05
15                                     8.8817490525837638e-06
16                                     5.7839047138265884e-04
17                                     8.1264687719413101e-05
18                                     1.0779736748589429e-05
19                                     1.2799200876848876e-04
20                                     2.7060134971150628e-06
21                                     1.3012835072087038e-05
22                                     1.4444612640269173e-04
23                                     5.3769246316670767e-04
24                                     4.4726542964754272e-05
25                                     2.7931236386630833e-04
26                                     4.1457819318724004e-05
27                                     6.1359565787207470e-05
28                                     1.4089544511213502e-04
29                                     9.8651864714839901e-06
30                                     5.4307376411193935e-06
31                                     1.1657700347773825e-06
32                                     2.3149547427692699e-07
33                                     1.0367825793693235e-06
34                                     3.0016265555071123e-07
35                                     3.5939150690398757e-06
36                                     2.8155011103984910e-07
37                                     9.4557748549647135e-08
38                                     1.4227667334815038e-08
39                                     1.1318820784367028e-07
40                                     8.1771060014362900e-09
$End
$Mayer_Population_Analysis
   &GeometryIndex 1
   &ListStatus       OUT
   &NATOMS [&Type "Integer"] 41 "Total number of atoms"
   &BONDTHRESH [&Type "Double"]       1.0000000000000001e-01  "The threshold for printing"
   &NBONDORDERSPRINT [&Type "Integer"] 42 "The number of bond orders larger than threshold"
   &BONDORDERS [&Type "ArrayOfDoubles", &Dim (42,1)] "The bond orders"
                                                         0

0                                      1.1660593085667641e+00
1                                      9.3779519974901959e-01
2                                      9.4452914223901974e-01
3                                      9.3521292027818148e-01
4                                      9.0791736585231708e-01
5                                      9.1593475462988094e-01
6                                      9.3377821366943126e-01
7                                      1.1136678565138312e+00
8                                      1.5817102226375446e+00
9                                      1.1491667790043081e+00
10                                     9.4970555616429930e-01
11                                     1.0594169711298142e-01
12                                     9.0671649995854531e-01
13                                     1.1631613102093272e+00
14                                     9.1944480527588557e-01
15                                     9.2940686248355819e-01
16                                     9.4576291033004489e-01
17                                     9.3752330596047073e-01
18                                     9.3997710882271557e-01
19                                     1.0109818240040640e+00
20                                     1.0015690637351329e+00
21                                     8.9874544649396371e-01
22                                     8.8499850448968731e-01
23                                     9.5166953927433229e-01
24                                     1.0526049152109683e-01
25                                     1.6840599135130552e+00
26                                     1.0533108976222594e+00
27                                     1.1272320859395384e+00
28                                     9.0658126758465407e-01
29                                     1.1673173062590398e+00
30                                     8.9684861991211418e-01
31                                     9.3387407069461470e-01
32                                     9.3752118351952629e-01
33                                     9.4367586168019446e-01
34                                     9.3136205867772215e-01
35                                     8.9708727571645408e-01
36                                     1.1624274152921057e+00
37                                     9.3047357561432620e-01
38                                     9.1837666535786799e-01
39                                     9.4985926087837991e-01
40                                     9.4118456790413318e-01
41                                     9.5013141979915339e-01
   &COMPONENTS [&Type "ArrayOfIntegers", &Dim (42,4)] "The indices and atomic numbers of the bonding atoms"
                                                         0                           1                           2                           3

0                                                        0                           6                           1                           6
1                                                        0                           6                          19                           1
2                                                        0                           6                          20                           1
3                                                        0                           6                          21                           1
4                                                        1                           6                           2                           8
5                                                        1                           6                          22                           1
6                                                        1                           6                          23                           1
7                                                        2                           8                           3                          15
8                                                        3                          15                           4                          16
9                                                        3                          15                           5                           8
10                                                       3                          15                           8                          16
11                                                       4                          16                           8                          16
12                                                       5                           8                           6                           6
13                                                       6                           6                           7                           6
14                                                       6                           6                          24                           1
15                                                       6                           6                          25                           1
16                                                       7                           6                          26                           1
17                                                       7                           6                          27                           1
18                                                       7                           6                          28                           1
19                                                       8                          16                           9                           6
20                                                       9                           6                          10                          16
21                                                       9                           6                          29                           1
22                                                       9                           6                          30                           1
23                                                      10                          16                          11                          15
24                                                      10                          16                          12                          16
25                                                      11                          15                          12                          16
26                                                      11                          15                          13                           8
27                                                      11                          15                          16                           8
28                                                      13                           8                          14                           6
29                                                      14                           6                          15                           6
30                                                      14                           6                          31                           1
31                                                      14                           6                          32                           1
32                                                      15                           6                          33                           1
33                                                      15                           6                          34                           1
34                                                      15                           6                          35                           1
35                                                      16                           8                          17                           6
36                                                      17                           6                          18                           6
37                                                      17                           6                          36                           1
38                                                      17                           6                          37                           1
39                                                      18                           6                          38                           1
40                                                      18                           6                          39                           1
41                                                      18                           6                          40                           1
   &ATNO [&Type "ArrayOfIntegers", &Dim (41,1)] "Atomic number of the elements"
                                                         0

0                                                        6
1                                                        6
2                                                        8
3                                                       15
4                                                       16
5                                                        8
6                                                        6
7                                                        6
8                                                       16
9                                                        6
10                                                      16
11                                                      15
12                                                      16
13                                                       8
14                                                       6
15                                                       6
16                                                       8
17                                                       6
18                                                       6
19                                                       1
20                                                       1
21                                                       1
22                                                       1
23                                                       1
24                                                       1
25                                                       1
26                                                       1
27                                                       1
28                                                       1
29                                                       1
30                                                       1
31                                                       1
32                                                       1
33                                                       1
34                                                       1
35                                                       1
36                                                       1
37                                                       1
38                                                       1
39                                                       1
40                                                       1
   &NA [&Type "ArrayOfDoubles", &Dim (41,1)] "Mulliken gross atomic population"
                                                         0

0                                      6.3153953464263894e+00
1                                      6.0044642017006264e+00
2                                      8.3678180312247346e+00
3                                      1.4370099669919782e+01
4                                      1.6342907220706163e+01
5                                      8.3429988712710248e+00
6                                      5.9972794006913102e+00
7                                      6.3098766669649020e+00
8                                      1.6091540080488258e+01
9                                      6.3593795578051946e+00
10                                     1.6095821530013442e+01
11                                     1.4391307384184822e+01
12                                     1.6288145418198049e+01
13                                     8.3974095096613333e+00
14                                     6.0070355715777763e+00
15                                     6.3145509320648063e+00
16                                     8.3672654529389217e+00
17                                     6.0247357836379001e+00
18                                     6.2763371105788002e+00
19                                     8.8671001507463110e-01
20                                     8.8098055389081087e-01
21                                     8.7572844642685543e-01
22                                     8.8882999185714018e-01
23                                     8.9294059932882885e-01
24                                     8.9237745318255524e-01
25                                     8.9189710976435210e-01
26                                     8.8091411802585595e-01
27                                     8.8249438802493629e-01
28                                     8.9031293761067332e-01
29                                     8.1348108305098166e-01
30                                     8.0866225333007991e-01
31                                     8.8375753514682165e-01
32                                     8.9911091685794375e-01
33                                     8.8480750000960695e-01
34                                     8.8342224079502474e-01
35                                     8.6594498927372654e-01
36                                     8.8818723389200305e-01
37                                     8.9340657219444908e-01
38                                     8.7735946705136669e-01
39                                     8.8987823105848451e-01
40                                     8.8442862409845480e-01
   &ZA [&Type "ArrayOfDoubles", &Dim (41,1)] "Total nuclear charge"
                                                         0

0                                      6.0000000000000000e+00
1                                      6.0000000000000000e+00
2                                      8.0000000000000000e+00
3                                      1.5000000000000000e+01
4                                      1.6000000000000000e+01
5                                      8.0000000000000000e+00
6                                      6.0000000000000000e+00
7                                      6.0000000000000000e+00
8                                      1.6000000000000000e+01
9                                      6.0000000000000000e+00
10                                     1.6000000000000000e+01
11                                     1.5000000000000000e+01
12                                     1.6000000000000000e+01
13                                     8.0000000000000000e+00
14                                     6.0000000000000000e+00
15                                     6.0000000000000000e+00
16                                     8.0000000000000000e+00
17                                     6.0000000000000000e+00
18                                     6.0000000000000000e+00
19                                     1.0000000000000000e+00
20                                     1.0000000000000000e+00
21                                     1.0000000000000000e+00
22                                     1.0000000000000000e+00
23                                     1.0000000000000000e+00
24                                     1.0000000000000000e+00
25                                     1.0000000000000000e+00
26                                     1.0000000000000000e+00
27                                     1.0000000000000000e+00
28                                     1.0000000000000000e+00
29                                     1.0000000000000000e+00
30                                     1.0000000000000000e+00
31                                     1.0000000000000000e+00
32                                     1.0000000000000000e+00
33                                     1.0000000000000000e+00
34                                     1.0000000000000000e+00
35                                     1.0000000000000000e+00
36                                     1.0000000000000000e+00
37                                     1.0000000000000000e+00
38                                     1.0000000000000000e+00
39                                     1.0000000000000000e+00
40                                     1.0000000000000000e+00
   &QA [&Type "ArrayOfDoubles", &Dim (41,1)] "Mulliken gross atomic charge"
                                                         0

0                                     -3.1539534642638944e-01
1                                     -4.4642017006264467e-03
2                                     -3.6781803122473455e-01
3                                      6.2990033008021840e-01
4                                     -3.4290722070616297e-01
5                                     -3.4299887127102480e-01
6                                      2.7205993086898417e-03
7                                     -3.0987666696490201e-01
8                                     -9.1540080488258013e-02
9                                     -3.5937955780519459e-01
10                                    -9.5821530013441958e-02
11                                     6.0869261581517797e-01
12                                    -2.8814541819804873e-01
13                                    -3.9740950966133326e-01
14                                    -7.0355715777763450e-03
15                                    -3.1455093206480633e-01
16                                    -3.6726545293892165e-01
17                                    -2.4735783637900077e-02
18                                    -2.7633711057880017e-01
19                                     1.1328998492536890e-01
20                                     1.1901944610918913e-01
21                                     1.2427155357314457e-01
22                                     1.1117000814285982e-01
23                                     1.0705940067117115e-01
24                                     1.0762254681744476e-01
25                                     1.0810289023564790e-01
26                                     1.1908588197414405e-01
27                                     1.1750561197506371e-01
28                                     1.0968706238932668e-01
29                                     1.8651891694901834e-01
30                                     1.9133774666992009e-01
31                                     1.1624246485317835e-01
32                                     1.0088908314205625e-01
33                                     1.1519249999039305e-01
34                                     1.1657775920497526e-01
35                                     1.3405501072627346e-01
36                                     1.1181276610799695e-01
37                                     1.0659342780555092e-01
38                                     1.2264053294863331e-01
39                                     1.1012176894151549e-01
40                                     1.1557137590154520e-01
   &VA [&Type "ArrayOfDoubles", &Dim (41,1)] "Mayer's total valence"
                                                         0

0                                      3.9887332272429035e+00
1                                      4.0047817663125764e+00
2                                      2.1892978800316762e+00
3                                      4.9552542831752593e+00
4                                      2.0459262493629469e+00
5                                      2.2117612524424817e+00
6                                      3.9982949842461197e+00
7                                      3.9981903881804728e+00
8                                      2.3075413042982102e+00
9                                      3.8534584266551768e+00
10                                     2.2605112323768113e+00
11                                     4.9579927376733206e+00
12                                     2.0666428507257195e+00
13                                     2.1456200384430018e+00
14                                     3.9818051765821161e+00
15                                     3.9997359755697870e+00
16                                     2.1549119365566827e+00
17                                     4.0059002004567477e+00
18                                     4.0009445226875213e+00
19                                     9.5493026649440271e-01
20                                     9.6095073110708729e-01
21                                     9.8363529625758950e-01
22                                     9.8072263191560771e-01
23                                     9.4904307147297029e-01
24                                     9.7884289707429872e-01
25                                     9.6164268912934459e-01
26                                     9.5941614527944674e-01
27                                     9.7869006489938193e-01
28                                     9.5405121023520234e-01
29                                     9.5062650703459251e-01
30                                     9.6789389201532161e-01
31                                     1.0069594517618081e+00
32                                     9.4738910814014077e-01
33                                     9.5487525190083311e-01
34                                     9.5449640227720767e-01
35                                     9.6765954614792260e-01
36                                     9.5058498522679458e-01
37                                     9.7193625020374019e-01
38                                     9.5817378058644753e-01
39                                     9.5410610064569679e-01
40                                     9.6048407217846921e-01
   &BVA [&Type "ArrayOfDoubles", &Dim (41,1)] "Mayer's bonded valence"
                                                         0

0                                      3.9887332272429061e+00
1                                      4.0047817663125596e+00
2                                      2.1892978800316070e+00
3                                      4.9552542831751749e+00
4                                      2.0459262493630717e+00
5                                      2.2117612524424497e+00
6                                      3.9982949842461384e+00
7                                      3.9981903881805030e+00
8                                      2.3075413042982209e+00
9                                      3.8534584266551679e+00
10                                     2.2605112323765031e+00
11                                     4.9579927376732016e+00
12                                     2.0666428507257844e+00
13                                     2.1456200384429809e+00
14                                     3.9818051765820774e+00
15                                     3.9997359755697768e+00
16                                     2.1549119365567462e+00
17                                     4.0059002004567690e+00
18                                     4.0009445226875595e+00
19                                     9.5493026649440671e-01
20                                     9.6095073110708795e-01
21                                     9.8363529625759594e-01
22                                     9.8072263191560438e-01
23                                     9.4904307147295541e-01
24                                     9.7884289707429517e-01
25                                     9.6164268912934636e-01
26                                     9.5941614527944474e-01
27                                     9.7869006489938448e-01
28                                     9.5405121023521211e-01
29                                     9.5062650703458862e-01
30                                     9.6789389201531628e-01
31                                     1.0069594517617946e+00
32                                     9.4738910814013388e-01
33                                     9.5487525190084188e-01
34                                     9.5449640227720312e-01
35                                     9.6765954614791738e-01
36                                     9.5058498522679846e-01
37                                     9.7193625020374430e-01
38                                     9.5817378058645208e-01
39                                     9.5410610064570267e-01
40                                     9.6048407217848242e-01
   &FA [&Type "ArrayOfDoubles", &Dim (41,1)] "Mayer's free valence"
                                                         0

0                                      0.0000000000000000e+00
1                                      0.0000000000000000e+00
2                                      0.0000000000000000e+00
3                                      0.0000000000000000e+00
4                                      0.0000000000000000e+00
5                                      0.0000000000000000e+00
6                                      0.0000000000000000e+00
7                                      0.0000000000000000e+00
8                                      0.0000000000000000e+00
9                                      0.0000000000000000e+00
10                                     0.0000000000000000e+00
11                                     0.0000000000000000e+00
12                                     0.0000000000000000e+00
13                                     0.0000000000000000e+00
14                                     0.0000000000000000e+00
15                                     0.0000000000000000e+00
16                                     0.0000000000000000e+00
17                                     0.0000000000000000e+00
18                                     0.0000000000000000e+00
19                                     0.0000000000000000e+00
20                                     0.0000000000000000e+00
21                                     0.0000000000000000e+00
22                                     0.0000000000000000e+00
23                                     0.0000000000000000e+00
24                                     0.0000000000000000e+00
25                                     0.0000000000000000e+00
26                                     0.0000000000000000e+00
27                                     0.0000000000000000e+00
28                                     0.0000000000000000e+00
29                                     0.0000000000000000e+00
30                                     0.0000000000000000e+00
31                                     0.0000000000000000e+00
32                                     0.0000000000000000e+00
33                                     0.0000000000000000e+00
34                                     0.0000000000000000e+00
35                                     0.0000000000000000e+00
36                                     0.0000000000000000e+00
37                                     0.0000000000000000e+00
38                                     0.0000000000000000e+00
39                                     0.0000000000000000e+00
40                                     0.0000000000000000e+00
$End
$VdW_Correction
   &GeometryIndex 1
   &ListStatus       OUT
   &VDW [&Type "Double"]      -6.6063119833680656e-02
$End
$Calculation_Info
   &GeometryIndex 1
   &ListStatus       OUT
   &MULT [&Type "Integer"] 1
   &CHARGE [&Type "Integer"] 0
   &NUMOFATOMS [&Type "Integer"] 41
   &NUMOFELECTRONS [&Type "Integer"] 202
   &NUMOFFCELECTRONS [&Type "Integer"] 1
   &NUMOFCORRELECTRONS [&Type "Integer"] 0
   &NUMOFBASISFUNCTS [&Type "Integer"] 334
   &NUMOFAUXCBASISFUNCTS [&Type "Integer"] 0
   &NUMOFAUXJBASISFUNCTS [&Type "Integer"] 1185
   &NUMOFAUXJKBASISFUNCTS [&Type "Integer"] 0
   &NUMOFCABSBASISFUNCTS [&Type "Integer"] 0
   &TOTALENERGY [&Type "Double"]      -2.9295189789471824e+03  "Hartrees"
$End
$SCF_Dipole_Moment
   &GeometryIndex 1
   &ListStatus       OUT
   &METHOD [&Type "String"] "SCF"
   &LEVEL [&Type "String"] "Relaxed density"
   &MULT [&Type "Integer"] 1
   &STATE [&Type "Integer"] -1
   &IRREP [&Type "Integer"] 0
   &NATOMS [&Type "Integer"] 41
   &DODIPOLEATOM [&Type "Boolean"] false
   &DIPOLEELECCONTRIB [&Type "ArrayOfDoubles", &Dim (3,1)] "Electronic contribution"
                                                         0

0                                      2.4330630510925992e+00
1                                     -4.0479223381555514e+00
2                                      2.2461219270324135e+00
   &DIPOLENUCCONTRIB [&Type "ArrayOfDoubles", &Dim (3,1)] "Nuclear contribution"
                                                         0

0                                     -2.9910107188052812e+00
1                                      4.9595582660552653e+00
2                                     -2.1879343612382560e+00
   &DIPOLETOTAL [&Type "ArrayOfDoubles", &Dim (3,1)] "Total"
                                                         0

0                                     -5.5794766771268201e-01
1                                      9.1163592789971393e-01
2                                      5.8187565794157514e-02
   &DIPOLEMAGNITUDE [&Type "Double", &Units "a.u."]       1.0704071457892288e+00
$End
