*************************************************
******************* ORCA 6.0.0 ******************
*************************************************
$Calculation_Status
   &GeometryIndex 1
   &ListStatus       OUT
   &VERSION [&Type "String"] "6.0.0"
   &PROGNAME [&Type "String"] "LeanSCF"
   &STATUS [&Type "String"] "NORMAL TERMINATION"
$End
$Geometry
   &GeometryIndex 1
   &ListStatus       OUT
   &NATOMS [&Type "Integer"] 41
   &NCORELESSECP [&Type "Integer"] 0
   &NGHOSTATOMS [&Type "Integer"] 0
   &CartesianCoordinates [&Type "Coordinates", &Dim(41,4), &Units "Bohr"] 
              C     10.061853375177   -2.673901712709   -0.828189640306
              C      7.695592966263   -4.203394050824   -1.338268830729
              O      5.712366499326   -2.699971206980   -2.456790661065
              P      4.375520872561   -0.404954495656   -1.075315874484
              S      6.061104830656    2.901218381706   -0.998122834876
              O      3.779944118391   -1.553815467113    1.644073353981
              C      3.775923731143   -0.130630625461    3.971800724094
              C      1.617907802852   -1.026951277146    5.624531267062
              S      1.068841365857   -0.570948455567   -3.312267787252
              C     -0.003599648417    2.628175786081   -2.704995916205
              S     -0.971952117614    3.080163527519    0.540124589678
              P     -4.070368320321    0.530757830826    0.413942851968
              S     -6.036910053369    0.585408969701   -2.735908477712
              O     -5.484736325331    1.088270480979    2.995992414324
              C     -6.538505569269    3.497520278029    3.701410167479
              C     -9.052806297894    3.988470164617    2.418139689747
              O     -2.814752908926   -2.097054315822    1.092833682421
              C     -3.602417605860   -4.439390196806   -0.039050712457
              C     -6.037249306642   -5.366870754740    1.143517545368
              H      9.677751171015   -1.208440191622    0.565887823404
              H     11.534507476822   -3.911197473242   -0.115213826000
              H     10.710828416455   -1.767477142307   -2.554365609287
              H      6.971567165093   -5.050892495137    0.399763815754
              H      8.034547161732   -5.672202584164   -2.745614277054
              H      5.596128398866   -0.479387111200    4.883256275911
              H      3.620407052969    1.885545249776    3.540030363587
              H      1.685627600753   -0.016033306550    7.407112416637
              H     -0.188963674421   -0.665651228880    4.716474643944
              H      1.788989738695   -3.042192205087    5.974550395050
              H     -1.602961930702    2.967418416875   -3.957611646820
              H      1.531968208541    3.955499814560   -3.057972846938
              H     -6.759010174097    3.354116998353    5.747409596061
              H     -5.171363337796    4.981962049101    3.254402676813
              H     -9.825916958903    5.759612058107    3.104560792740
              H     -8.811223182455    4.109232853935    0.380445931802
              H    -10.370351310159    2.468590118037    2.831741432353
              H     -3.828494305166   -4.157375592701   -2.076830149451
              H     -2.029641707832   -5.725805793552    0.308678977360
              H     -6.542393213461   -7.184062661000    0.338091449129
              H     -5.815698898081   -5.550325712696    3.176383081954
              H     -7.543915841963   -4.017770499282    0.758290579424
$End
$SCF_Energy
   &GeometryIndex 1
   &ListStatus       OUT
   &SCF_ENERGY [&Type "Double"]      -2.9296435835380976e+03
$End
$DFT_Energy
   &GeometryIndex 1
   &ListStatus       OUT
   &NALPHAEL [&Type "Integer"] 100
   &NBETAEL [&Type "Integer"] 100
   &NTOTALEL [&Type "Integer"] 201
   &EEXCHANGE [&Type "Double"]      -2.3180200215011203e+02
   &ECORR [&Type "Double"]      -7.2955793199660466e+00
   &ECNL [&Type "Double"]       0.0000000000000000e+00
   &EXC [&Type "Double"]      -2.3909758147007807e+02
   &EEMBED [&Type "Double"]       0.0000000000000000e+00
   &FINALEN [&Type "Double"]      -2.9296435835380976e+03  "No Van der Waals correction"
$End
$Mulliken_Population_Analysis
   &GeometryIndex 1
   &ListStatus       OUT
   &NATOMS [&Type "Integer"] 41
   &ATNO [&Type "ArrayOfIntegers", &Dim (41,1)] 
                                                         0

0                                                        6
1                                                        6
2                                                        8
3                                                       15
4                                                       16
5                                                        8
6                                                        6
7                                                        6
8                                                       16
9                                                        6
10                                                      16
11                                                      15
12                                                      16
13                                                       8
14                                                       6
15                                                       6
16                                                       8
17                                                       6
18                                                       6
19                                                       1
20                                                       1
21                                                       1
22                                                       1
23                                                       1
24                                                       1
25                                                       1
26                                                       1
27                                                       1
28                                                       1
29                                                       1
30                                                       1
31                                                       1
32                                                       1
33                                                       1
34                                                       1
35                                                       1
36                                                       1
37                                                       1
38                                                       1
39                                                       1
40                                                       1
   &ATOMICCHARGES [&Type "ArrayOfDoubles", &Dim (41,1)] 
                                                         0

0                                     -3.1651114078669274e-01
1                                     -3.7676863287625650e-03
2                                     -3.7870016812793672e-01
3                                      6.3984767389742281e-01
4                                     -3.3416282284159493e-01
5                                     -3.8462766283693028e-01
6                                     -3.5548547831263377e-03
7                                     -2.9723425347783561e-01
8                                     -7.2280466895726647e-02
9                                     -3.6825918453351569e-01
10                                    -9.5348363230975508e-02
11                                     6.2092390266386310e-01
12                                    -3.2061264431651892e-01
13                                    -3.7287584964894727e-01
14                                    -1.6662361563103190e-02
15                                    -3.0194563492938187e-01
16                                    -3.6050906263501403e-01
17                                    -4.4350716554140135e-03
18                                    -2.9818826689928546e-01
19                                     1.2963460173313135e-01
20                                     1.1039543934281493e-01
21                                     1.2627394687351723e-01
22                                     1.0746874468378231e-01
23                                     1.0939644159110173e-01
24                                     9.6866668474947404e-02
25                                     1.1328583475650456e-01
26                                     1.0318404906287748e-01
27                                     1.3434334518614766e-01
28                                     1.0546241521467059e-01
29                                     1.9318358784635592e-01
30                                     1.9612358675520758e-01
31                                     1.0952260952550508e-01
32                                     1.1042284475198572e-01
33                                     1.0990476818822859e-01
34                                     1.3182024205900567e-01
35                                     1.1689393563064487e-01
36                                     1.1545783223030537e-01
37                                     1.0383214498819204e-01
38                                     1.1115650696170531e-01
39                                     1.1353548322354001e-01
40                                     1.2073888984923142e-01
$End
$Loewdin_Population_Analysis
   &GeometryIndex 1
   &ListStatus       OUT
   &NATOMS [&Type "Integer"] 41
   &ATNO [&Type "ArrayOfIntegers", &Dim (41,1)] 
                                                         0

0                                                        6
1                                                        6
2                                                        8
3                                                       15
4                                                       16
5                                                        8
6                                                        6
7                                                        6
8                                                       16
9                                                        6
10                                                      16
11                                                      15
12                                                      16
13                                                       8
14                                                       6
15                                                       6
16                                                       8
17                                                       6
18                                                       6
19                                                       1
20                                                       1
21                                                       1
22                                                       1
23                                                       1
24                                                       1
25                                                       1
26                                                       1
27                                                       1
28                                                       1
29                                                       1
30                                                       1
31                                                       1
32                                                       1
33                                                       1
34                                                       1
35                                                       1
36                                                       1
37                                                       1
38                                                       1
39                                                       1
40                                                       1
   &ATOMICCHARGES [&Type "ArrayOfDoubles", &Dim (41,1)] 
                                                         0

0                                      1.0907247810141030e-05
1                                      7.9789377557311835e-04
2                                      5.0216549183462840e-03
3                                      5.1010519095022987e-04
4                                      4.7529080181887621e-06
5                                      6.6485813639853104e-03
6                                      1.3879491071135753e-03
7                                      1.9119116322856706e-04
8                                      4.7754991256887591e-05
9                                      2.8850702349736027e-04
10                                     4.8594970315560189e-04
11                                     4.8511939726595801e-02
12                                     3.8758068647863961e-04
13                                     3.8796084426929556e-01
14                                     6.6721532137399578e-02
15                                     1.1556735980545200e-03
16                                     4.2122128360153716e-01
17                                     5.5792325388237217e-02
18                                     1.3568319166512828e-03
19                                     3.4836609207321340e-07
20                                     9.8370715849955687e-07
21                                     5.1498391335602895e-08
22                                     1.0712977006505109e-06
23                                     7.2678773840384236e-06
24                                     2.6926684291707989e-06
25                                     4.2577282544803525e-06
26                                     3.7191832873165129e-06
27                                     1.0269506014968366e-04
28                                     1.4034853627952630e-06
29                                     2.3868009968439099e-06
30                                     6.0816426926440735e-06
31                                     4.5083972571531388e-04
32                                     1.6152268157760337e-04
33                                     8.7108927007466090e-05
34                                     3.2548173301723438e-06
35                                     3.0669339606932645e-06
36                                     1.1264495037930476e-04
37                                     3.5072792549304240e-04
38                                     1.2425653296456804e-04
39                                     2.6875070422175550e-05
40                                     4.3484402065214814e-05
$End
$Mayer_Population_Analysis
   &GeometryIndex 1
   &ListStatus       OUT
   &NATOMS [&Type "Integer"] 41 "Total number of atoms"
   &BONDTHRESH [&Type "Double"]       1.0000000000000001e-01  "The threshold for printing"
   &NBONDORDERSPRINT [&Type "Integer"] 42 "The number of bond orders larger than threshold"
   &BONDORDERS [&Type "ArrayOfDoubles", &Dim (42,1)] "The bond orders"
                                                         0

0                                      1.1644414816603272e+00
1                                      9.3558109678653034e-01
2                                      9.3642125168524737e-01
3                                      9.4538571916086023e-01
4                                      9.1136569296954950e-01
5                                      9.2806976001289920e-01
6                                      9.3513203597871064e-01
7                                      1.1232105010695821e+00
8                                      1.6155930019699380e+00
9                                      1.0910532222328329e+00
10                                     9.5125945556219826e-01
11                                     1.1060495254717484e-01
12                                     8.9325485410624228e-01
13                                     1.1645014021049751e+00
14                                     9.3410848485977038e-01
15                                     9.0238513173043844e-01
16                                     9.3915226780024152e-01
17                                     9.3124353117146952e-01
18                                     9.4816910286968625e-01
19                                     1.0108023279134632e+00
20                                     9.9730982574336802e-01
21                                     8.7902955227152801e-01
22                                     8.7447102817245925e-01
23                                     9.5400663160441879e-01
24                                     1.0581214441270739e-01
25                                     1.5962151748832876e+00
26                                     1.1056576523808817e+00
27                                     1.1073062505069955e+00
28                                     9.1017576178308479e-01
29                                     1.1649959634768376e+00
30                                     9.3504417191823863e-01
31                                     9.1917782088820388e-01
32                                     9.3791901190731275e-01
33                                     9.3216507260164561e-01
34                                     9.4739974349515621e-01
35                                     8.9624089867965817e-01
36                                     1.1639973918561815e+00
37                                     9.0985367647660398e-01
38                                     9.3309509510733235e-01
39                                     9.4052781854549050e-01
40                                     9.4735115572314277e-01
41                                     9.3651320328917675e-01
   &COMPONENTS [&Type "ArrayOfIntegers", &Dim (42,4)] "The indices and atomic numbers of the bonding atoms"
                                                         0                           1                           2                           3

0                                                        0                           6                           1                           6
1                                                        0                           6                          19                           1
2                                                        0                           6                          20                           1
3                                                        0                           6                          21                           1
4                                                        1                           6                           2                           8
5                                                        1                           6                          22                           1
6                                                        1                           6                          23                           1
7                                                        2                           8                           3                          15
8                                                        3                          15                           4                          16
9                                                        3                          15                           5                           8
10                                                       3                          15                           8                          16
11                                                       4                          16                           8                          16
12                                                       5                           8                           6                           6
13                                                       6                           6                           7                           6
14                                                       6                           6                          24                           1
15                                                       6                           6                          25                           1
16                                                       7                           6                          26                           1
17                                                       7                           6                          27                           1
18                                                       7                           6                          28                           1
19                                                       8                          16                           9                           6
20                                                       9                           6                          10                          16
21                                                       9                           6                          29                           1
22                                                       9                           6                          30                           1
23                                                      10                          16                          11                          15
24                                                      10                          16                          12                          16
25                                                      11                          15                          12                          16
26                                                      11                          15                          13                           8
27                                                      11                          15                          16                           8
28                                                      13                           8                          14                           6
29                                                      14                           6                          15                           6
30                                                      14                           6                          31                           1
31                                                      14                           6                          32                           1
32                                                      15                           6                          33                           1
33                                                      15                           6                          34                           1
34                                                      15                           6                          35                           1
35                                                      16                           8                          17                           6
36                                                      17                           6                          18                           6
37                                                      17                           6                          36                           1
38                                                      17                           6                          37                           1
39                                                      18                           6                          38                           1
40                                                      18                           6                          39                           1
41                                                      18                           6                          40                           1
   &ATNO [&Type "ArrayOfIntegers", &Dim (41,1)] "Atomic number of the elements"
                                                         0

0                                                        6
1                                                        6
2                                                        8
3                                                       15
4                                                       16
5                                                        8
6                                                        6
7                                                        6
8                                                       16
9                                                        6
10                                                      16
11                                                      15
12                                                      16
13                                                       8
14                                                       6
15                                                       6
16                                                       8
17                                                       6
18                                                       6
19                                                       1
20                                                       1
21                                                       1
22                                                       1
23                                                       1
24                                                       1
25                                                       1
26                                                       1
27                                                       1
28                                                       1
29                                                       1
30                                                       1
31                                                       1
32                                                       1
33                                                       1
34                                                       1
35                                                       1
36                                                       1
37                                                       1
38                                                       1
39                                                       1
40                                                       1
   &NA [&Type "ArrayOfDoubles", &Dim (41,1)] "Mulliken gross atomic population"
                                                         0

0                                      6.3165111407866998e+00
1                                      6.0037676863287750e+00
2                                      8.3787001681279314e+00
3                                      1.4360152326102583e+01
4                                      1.6334162822841620e+01
5                                      8.3846276628369107e+00
6                                      6.0035548547830881e+00
7                                      6.2972342534778329e+00
8                                      1.6072280466895815e+01
9                                      6.3682591845335272e+00
10                                     1.6095348363230965e+01
11                                     1.4379076097336149e+01
12                                     1.6320612644316423e+01
13                                     8.3728758496489313e+00
14                                     6.0166623615631325e+00
15                                     6.3019456349293828e+00
16                                     8.3605090626350265e+00
17                                     6.0044350716554176e+00
18                                     6.2981882668992712e+00
19                                     8.7036539826686876e-01
20                                     8.8960456065718518e-01
21                                     8.7372605312648322e-01
22                                     8.9253125531621835e-01
23                                     8.9060355840889904e-01
24                                     9.0313333152505237e-01
25                                     8.8671416524349567e-01
26                                     8.9681595093712296e-01
27                                     8.6565665481385112e-01
28                                     8.9453758478532963e-01
29                                     8.0681641215364330e-01
30                                     8.0387641324479187e-01
31                                     8.9047739047449448e-01
32                                     8.8957715524801484e-01
33                                     8.9009523181177075e-01
34                                     8.6817975794099400e-01
35                                     8.8310606436935446e-01
36                                     8.8454216776969430e-01
37                                     8.9616785501180851e-01
38                                     8.8884349303829413e-01
39                                     8.8646451677645977e-01
40                                     8.7926111015076824e-01
   &ZA [&Type "ArrayOfDoubles", &Dim (41,1)] "Total nuclear charge"
                                                         0

0                                      6.0000000000000000e+00
1                                      6.0000000000000000e+00
2                                      8.0000000000000000e+00
3                                      1.5000000000000000e+01
4                                      1.6000000000000000e+01
5                                      8.0000000000000000e+00
6                                      6.0000000000000000e+00
7                                      6.0000000000000000e+00
8                                      1.6000000000000000e+01
9                                      6.0000000000000000e+00
10                                     1.6000000000000000e+01
11                                     1.5000000000000000e+01
12                                     1.6000000000000000e+01
13                                     8.0000000000000000e+00
14                                     6.0000000000000000e+00
15                                     6.0000000000000000e+00
16                                     8.0000000000000000e+00
17                                     6.0000000000000000e+00
18                                     6.0000000000000000e+00
19                                     1.0000000000000000e+00
20                                     1.0000000000000000e+00
21                                     1.0000000000000000e+00
22                                     1.0000000000000000e+00
23                                     1.0000000000000000e+00
24                                     1.0000000000000000e+00
25                                     1.0000000000000000e+00
26                                     1.0000000000000000e+00
27                                     1.0000000000000000e+00
28                                     1.0000000000000000e+00
29                                     1.0000000000000000e+00
30                                     1.0000000000000000e+00
31                                     1.0000000000000000e+00
32                                     1.0000000000000000e+00
33                                     1.0000000000000000e+00
34                                     1.0000000000000000e+00
35                                     1.0000000000000000e+00
36                                     1.0000000000000000e+00
37                                     1.0000000000000000e+00
38                                     1.0000000000000000e+00
39                                     1.0000000000000000e+00
40                                     1.0000000000000000e+00
   &QA [&Type "ArrayOfDoubles", &Dim (41,1)] "Mulliken gross atomic charge"
                                                         0

0                                     -3.1651114078669984e-01
1                                     -3.7676863287749995e-03
2                                     -3.7870016812793139e-01
3                                      6.3984767389741748e-01
4                                     -3.3416282284161980e-01
5                                     -3.8462766283691074e-01
6                                     -3.5548547830881461e-03
7                                     -2.9723425347783294e-01
8                                     -7.2280466895815465e-02
9                                     -3.6825918453352724e-01
10                                    -9.5348363230964850e-02
11                                     6.2092390266385067e-01
12                                    -3.2061264431642300e-01
13                                    -3.7287584964893128e-01
14                                    -1.6662361563132499e-02
15                                    -3.0194563492938276e-01
16                                    -3.6050906263502647e-01
17                                    -4.4350716554175662e-03
18                                    -2.9818826689927125e-01
19                                     1.2963460173313124e-01
20                                     1.1039543934281482e-01
21                                     1.2627394687351678e-01
22                                     1.0746874468378165e-01
23                                     1.0939644159110096e-01
24                                     9.6866668474947626e-02
25                                     1.1328583475650433e-01
26                                     1.0318404906287704e-01
27                                     1.3434334518614888e-01
28                                     1.0546241521467037e-01
29                                     1.9318358784635670e-01
30                                     1.9612358675520813e-01
31                                     1.0952260952550552e-01
32                                     1.1042284475198516e-01
33                                     1.0990476818822925e-01
34                                     1.3182024205900600e-01
35                                     1.1689393563064554e-01
36                                     1.1545783223030570e-01
37                                     1.0383214498819149e-01
38                                     1.1115650696170587e-01
39                                     1.1353548322354023e-01
40                                     1.2073888984923176e-01
   &VA [&Type "ArrayOfDoubles", &Dim (41,1)] "Mayer's total valence"
                                                         0

0                                      3.9951975515310787e+00
1                                      4.0252522502820689e+00
2                                      2.1715924123249826e+00
3                                      4.9346262177386508e+00
4                                      2.0539924799455513e+00
5                                      2.1721705395364563e+00
6                                      3.9701977394780368e+00
7                                      3.9924065056598081e+00
8                                      2.2649383690769485e+00
9                                      3.8167423888078145e+00
10                                     2.2842932120058759e+00
11                                     4.9204948926133198e+00
12                                     2.0641988695797582e+00
13                                     2.1825166225674764e+00
14                                     4.0085980956724745e+00
15                                     3.9828812929815509e+00
16                                     2.1895425919777183e+00
17                                     3.9852510252520723e+00
18                                     3.9947071899666406e+00
19                                     9.7878815568790090e-01
20                                     9.5309038029194804e-01
21                                     9.6146756739183281e-01
22                                     9.6203393928204384e-01
23                                     9.4763408656702031e-01
24                                     9.4840614130807166e-01
25                                     9.9654038815965984e-01
26                                     9.5411521285988188e-01
27                                     9.9858309180902383e-01
28                                     9.5953989810347384e-01
29                                     9.7066588382518493e-01
30                                     9.7181928554422514e-01
31                                     9.4701845920240879e-01
32                                     9.6838492866895465e-01
33                                     9.5401180252787854e-01
34                                     9.9163796152139494e-01
35                                     9.6005447979058967e-01
36                                     9.8619976797512288e-01
37                                     9.5339691202812016e-01
38                                     9.5499382860730742e-01
39                                     9.5819720589510482e-01
40                                     9.8327944743253404e-01
   &BVA [&Type "ArrayOfDoubles", &Dim (41,1)] "Mayer's bonded valence"
                                                         0

0                                      3.9951975515310614e+00
1                                      4.0252522502820334e+00
2                                      2.1715924123249986e+00
3                                      4.9346262177387565e+00
4                                      2.0539924799455740e+00
5                                      2.1721705395365607e+00
6                                      3.9701977394781243e+00
7                                      3.9924065056598494e+00
8                                      2.2649383690768374e+00
9                                      3.8167423888077412e+00
10                                     2.2842932120058945e+00
11                                     4.9204948926132452e+00
12                                     2.0641988695798630e+00
13                                     2.1825166225674821e+00
14                                     4.0085980956724043e+00
15                                     3.9828812929815012e+00
16                                     2.1895425919776721e+00
17                                     3.9852510252520665e+00
18                                     3.9947071899666864e+00
19                                     9.7878815568790156e-01
20                                     9.5309038029194837e-01
21                                     9.6146756739183259e-01
22                                     9.6203393928204417e-01
23                                     9.4763408656702719e-01
24                                     9.4840614130808054e-01
25                                     9.9654038815965562e-01
26                                     9.5411521285989165e-01
27                                     9.9858309180903260e-01
28                                     9.5953989810347240e-01
29                                     9.7066588382518626e-01
30                                     9.7181928554421870e-01
31                                     9.4701845920240291e-01
32                                     9.6838492866894998e-01
33                                     9.5401180252787321e-01
34                                     9.9163796152139572e-01
35                                     9.6005447979058367e-01
36                                     9.8619976797511288e-01
37                                     9.5339691202811216e-01
38                                     9.5499382860731419e-01
39                                     9.5819720589511470e-01
40                                     9.8327944743253459e-01
   &FA [&Type "ArrayOfDoubles", &Dim (41,1)] "Mayer's free valence"
                                                         0

0                                      0.0000000000000000e+00
1                                      0.0000000000000000e+00
2                                      0.0000000000000000e+00
3                                      0.0000000000000000e+00
4                                      0.0000000000000000e+00
5                                      0.0000000000000000e+00
6                                      0.0000000000000000e+00
7                                      0.0000000000000000e+00
8                                      0.0000000000000000e+00
9                                      0.0000000000000000e+00
10                                     0.0000000000000000e+00
11                                     0.0000000000000000e+00
12                                     0.0000000000000000e+00
13                                     0.0000000000000000e+00
14                                     0.0000000000000000e+00
15                                     0.0000000000000000e+00
16                                     0.0000000000000000e+00
17                                     0.0000000000000000e+00
18                                     0.0000000000000000e+00
19                                     0.0000000000000000e+00
20                                     0.0000000000000000e+00
21                                     0.0000000000000000e+00
22                                     0.0000000000000000e+00
23                                     0.0000000000000000e+00
24                                     0.0000000000000000e+00
25                                     0.0000000000000000e+00
26                                     0.0000000000000000e+00
27                                     0.0000000000000000e+00
28                                     0.0000000000000000e+00
29                                     0.0000000000000000e+00
30                                     0.0000000000000000e+00
31                                     0.0000000000000000e+00
32                                     0.0000000000000000e+00
33                                     0.0000000000000000e+00
34                                     0.0000000000000000e+00
35                                     0.0000000000000000e+00
36                                     0.0000000000000000e+00
37                                     0.0000000000000000e+00
38                                     0.0000000000000000e+00
39                                     0.0000000000000000e+00
40                                     0.0000000000000000e+00
$End
$VdW_Correction
   &GeometryIndex 1
   &ListStatus       OUT
   &VDW [&Type "Double"]      -6.6434478544647568e-02
$End
$Calculation_Info
   &GeometryIndex 1
   &ListStatus       OUT
   &MULT [&Type "Integer"] 1
   &CHARGE [&Type "Integer"] 0
   &NUMOFATOMS [&Type "Integer"] 41
   &NUMOFELECTRONS [&Type "Integer"] 202
   &NUMOFFCELECTRONS [&Type "Integer"] 1
   &NUMOFCORRELECTRONS [&Type "Integer"] 0
   &NUMOFBASISFUNCTS [&Type "Integer"] 334
   &NUMOFAUXCBASISFUNCTS [&Type "Integer"] 0
   &NUMOFAUXJBASISFUNCTS [&Type "Integer"] 1185
   &NUMOFAUXJKBASISFUNCTS [&Type "Integer"] 0
   &NUMOFCABSBASISFUNCTS [&Type "Integer"] 0
   &TOTALENERGY [&Type "Double"]      -2.9295245439399423e+03  "Hartrees"
$End
$SCF_Dipole_Moment
   &GeometryIndex 1
   &ListStatus       OUT
   &METHOD [&Type "String"] "SCF"
   &LEVEL [&Type "String"] "Relaxed density"
   &MULT [&Type "Integer"] 1
   &STATE [&Type "Integer"] -1
   &IRREP [&Type "Integer"] 0
   &NATOMS [&Type "Integer"] 41
   &DODIPOLEATOM [&Type "Boolean"] false
   &DIPOLEELECCONTRIB [&Type "ArrayOfDoubles", &Dim (3,1)] "Electronic contribution"
                                                         0

0                                      3.7313068024818303e+00
1                                      8.8100316960729899e+00
2                                     -1.5427646441468932e+01
   &DIPOLENUCCONTRIB [&Type "ArrayOfDoubles", &Dim (3,1)] "Nuclear contribution"
                                                         0

0                                     -3.7796139615371063e+00
1                                     -9.6088313695417789e+00
2                                      1.6761364872144924e+01
   &DIPOLETOTAL [&Type "ArrayOfDoubles", &Dim (3,1)] "Total"
                                                         0

0                                     -4.8307159055275939e-02
1                                     -7.9879967346878900e-01
2                                      1.3337184306759919e+00
   &DIPOLEMAGNITUDE [&Type "Double", &Units "a.u."]       1.5553839886904668e+00
$End
