*************************************************
******************* ORCA 6.0.0 ******************
*************************************************
$Calculation_Status
   &GeometryIndex 1
   &ListStatus       OUT
   &VERSION [&Type "String"] "6.0.0"
   &PROGNAME [&Type "String"] "LeanSCF"
   &STATUS [&Type "String"] "NORMAL TERMINATION"
$End
$Geometry
   &GeometryIndex 1
   &ListStatus       OUT
   &NATOMS [&Type "Integer"] 41
   &NCORELESSECP [&Type "Integer"] 0
   &NGHOSTATOMS [&Type "Integer"] 0
   &CartesianCoordinates [&Type "Coordinates", &Dim(41,4), &Units "Bohr"] 
              C      3.079613745904    0.194915009154   -6.059278698908
              C      4.557523438978   -1.795008584084   -4.622506228789
              O      5.944050917848   -0.702566379974   -2.551101810558
              P      4.762949170084   -0.134798790993    0.136088693675
              S      2.405044000645    2.736097911797    0.447510387987
              O      7.384313841961    0.270004563611    1.508105638494
              C      7.584109455872    1.592728504517    3.871132133375
              C      6.352675914935    0.151180466288    6.019326594645
              S      3.423064376902   -3.717312745610    1.378633787996
              C      0.117322682886   -3.039117305650    1.911582692213
              S     -1.617226608737   -2.366617770677   -0.986954966329
              P     -3.842752228753    0.772540964894    0.259212697464
              S     -3.522286953718    1.688694694677    3.822651336588
              O     -6.615154540283   -0.095082747350   -0.539551293445
              C     -7.886241105898   -2.110224252453    0.777246331756
              C    -10.640459749937   -2.073589639329   -0.005401317659
              O     -3.359117715804    3.019346159924   -1.616065543804
              C     -3.656540890935    2.804917177118   -4.334013118531
              C     -6.220292761426    3.775275522009   -5.156706487920
              H      4.345335239942    1.653253562281   -6.756820428239
              H      2.107758880212   -0.684384039070   -7.635969865900
              H      1.694575818337    1.071343825297   -4.818069312718
              H      6.016234024378   -2.649296396388   -5.803913389556
              H      3.296584967074   -3.271412474965   -3.903906133706
              H      9.616009169494    1.791805037950    4.154943679006
              H      6.719437777419    3.461105519990    3.660757807055
              H      6.781673355753    1.079449906460    7.797241117877
              H      4.308066437940    0.124559196553    5.769466215690
              H      7.046160760737   -1.781890248503    6.071093440552
              H     -0.099710588764   -1.414611860184    3.169701977318
              H     -0.656510543445   -4.741587106256    2.761736169997
              H     -6.979480431452   -3.893902268617    0.257906192972
              H     -7.669808045661   -1.803399337938    2.812318541800
              H    -10.800327229248   -2.349239328908   -2.032995291419
              H    -11.634048597969   -3.581837746545    0.964905416354
              H    -11.490535008743   -0.272808587248    0.493856941684
              H     -2.132646291637    3.962977505847   -5.105564235050
              H     -3.387999596694    0.830607301686   -4.883971104316
              H     -6.474149664355    5.710800728755   -4.520058489261
              H     -6.329423709800    3.713580354515   -7.204161924976
              H     -7.712527778948    2.613815134525   -4.357225722565
$End
$SCF_Energy
   &GeometryIndex 1
   &ListStatus       OUT
   &SCF_ENERGY [&Type "Double"]      -2.9296363839531432e+03
$End
$DFT_Energy
   &GeometryIndex 1
   &ListStatus       OUT
   &NALPHAEL [&Type "Integer"] 101
   &NBETAEL [&Type "Integer"] 101
   &NTOTALEL [&Type "Integer"] 201
   &EEXCHANGE [&Type "Double"]      -2.3180263138475587e+02
   &ECORR [&Type "Double"]      -7.2959849404479202e+00
   &ECNL [&Type "Double"]       0.0000000000000000e+00
   &EXC [&Type "Double"]      -2.3909861632520378e+02
   &EEMBED [&Type "Double"]       0.0000000000000000e+00
   &FINALEN [&Type "Double"]      -2.9296363839531432e+03  "No Van der Waals correction"
$End
$Mulliken_Population_Analysis
   &GeometryIndex 1
   &ListStatus       OUT
   &NATOMS [&Type "Integer"] 41
   &ATNO [&Type "ArrayOfIntegers", &Dim (41,1)] 
                                                         0

0                                                        6
1                                                        6
2                                                        8
3                                                       15
4                                                       16
5                                                        8
6                                                        6
7                                                        6
8                                                       16
9                                                        6
10                                                      16
11                                                      15
12                                                      16
13                                                       8
14                                                       6
15                                                       6
16                                                       8
17                                                       6
18                                                       6
19                                                       1
20                                                       1
21                                                       1
22                                                       1
23                                                       1
24                                                       1
25                                                       1
26                                                       1
27                                                       1
28                                                       1
29                                                       1
30                                                       1
31                                                       1
32                                                       1
33                                                       1
34                                                       1
35                                                       1
36                                                       1
37                                                       1
38                                                       1
39                                                       1
40                                                       1
   &ATOMICCHARGES [&Type "ArrayOfDoubles", &Dim (41,1)] 
                                                         0

0                                     -3.3003134462316019e-01
1                                     -8.1328555889381704e-03
2                                     -3.5209113357988286e-01
3                                      5.9015972692691676e-01
4                                     -3.1114515148436084e-01
5                                     -3.5516440495040236e-01
6                                      8.3347852163129232e-05
7                                     -3.2571281621010861e-01
8                                     -1.1608359008017288e-01
9                                     -3.3575702325676016e-01
10                                    -1.3889697986817851e-01
11                                     6.1383117360130157e-01
12                                    -2.9379916536530004e-01
13                                    -3.8452347653073460e-01
14                                    -8.1345708165727615e-03
15                                    -2.8281014843382657e-01
16                                    -3.4966387121528975e-01
17                                    -4.0702833396906613e-02
18                                    -2.7196693728825849e-01
19                                     1.1555005843856514e-01
20                                     1.0314976595318082e-01
21                                     1.5530612651299247e-01
22                                     1.0679646368316154e-01
23                                     1.0476876964554349e-01
24                                     1.0554754429965174e-01
25                                     1.1522571610570664e-01
26                                     1.1291105997776230e-01
27                                     1.3461796785459812e-01
28                                     1.1730314035428235e-01
29                                     2.1687611428627873e-01
30                                     1.7642575716481512e-01
31                                     9.6368554985107213e-02
32                                     1.0233296291420813e-01
33                                     1.1514319976265575e-01
34                                     1.1222319422001525e-01
35                                     1.2254933143459712e-01
36                                     1.2752006828119800e-01
37                                     1.0583977582369131e-01
38                                     1.2193433952336019e-01
39                                     1.0823572408294790e-01
40                                     1.2391641900408956e-01
$End
$Loewdin_Population_Analysis
   &GeometryIndex 1
   &ListStatus       OUT
   &NATOMS [&Type "Integer"] 41
   &ATNO [&Type "ArrayOfIntegers", &Dim (41,1)] 
                                                         0

0                                                        6
1                                                        6
2                                                        8
3                                                       15
4                                                       16
5                                                        8
6                                                        6
7                                                        6
8                                                       16
9                                                        6
10                                                      16
11                                                      15
12                                                      16
13                                                       8
14                                                       6
15                                                       6
16                                                       8
17                                                       6
18                                                       6
19                                                       1
20                                                       1
21                                                       1
22                                                       1
23                                                       1
24                                                       1
25                                                       1
26                                                       1
27                                                       1
28                                                       1
29                                                       1
30                                                       1
31                                                       1
32                                                       1
33                                                       1
34                                                       1
35                                                       1
36                                                       1
37                                                       1
38                                                       1
39                                                       1
40                                                       1
   &ATOMICCHARGES [&Type "ArrayOfDoubles", &Dim (41,1)] 
                                                         0

0                                      3.1217590036023617e-05
1                                      1.6276530852197255e-04
2                                      7.7744938542326941e-04
3                                      9.2971033817683152e-05
4                                      1.4837500408904506e-04
5                                      1.9533423086280561e-03
6                                      3.9966279238285482e-04
7                                      1.3373351980200927e-05
8                                      1.3602211488156606e-05
9                                      1.0939324543744325e-04
10                                     2.4622092654220430e-04
11                                     5.3451558636952050e-02
12                                     7.5330670584665134e-05
13                                     5.5706380569147607e-01
14                                     1.0265242488098300e-01
15                                     7.8219473400024837e-03
16                                     2.5478500883764305e-01
17                                     1.9242904866279251e-02
18                                     3.6274710670758132e-04
19                                     4.7463486461701869e-07
20                                     7.9053818351308249e-07
21                                     3.7745515927394426e-05
22                                     1.4854672880665117e-06
23                                     7.7849798405207136e-08
24                                     2.3118110194206636e-06
25                                     8.3571070998109962e-07
26                                     3.1628430990872446e-07
27                                     4.4468929565538960e-06
28                                     2.5914626830692387e-07
29                                     3.0885589548824277e-07
30                                     9.9592205209944609e-06
31                                     8.4770001591905200e-05
32                                     1.4553051132937424e-04
33                                     7.4747332540607529e-06
34                                     1.0783426206645809e-04
35                                     2.0699805320565462e-05
36                                     8.3491964098749582e-05
37                                     3.3293988870477624e-05
38                                     7.5935993895337280e-06
39                                     4.4976700324262392e-05
40                                     1.2213170350115302e-06
$End
$Mayer_Population_Analysis
   &GeometryIndex 1
   &ListStatus       OUT
   &NATOMS [&Type "Integer"] 41 "Total number of atoms"
   &BONDTHRESH [&Type "Double"]       1.0000000000000001e-01  "The threshold for printing"
   &NBONDORDERSPRINT [&Type "Integer"] 43 "The number of bond orders larger than threshold"
   &BONDORDERS [&Type "ArrayOfDoubles", &Dim (43,1)] "The bond orders"
                                                         0

0                                      1.1625602264844175e+00
1                                      9.4415563818460091e-01
2                                      9.3891829704423957e-01
3                                      9.2236981238969129e-01
4                                      9.2011396690835590e-01
5                                      9.3548575252852417e-01
6                                      9.0618545230268899e-01
7                                      1.1303527942794118e+00
8                                      1.6240540750051466e+00
9                                      1.1305865880302979e+00
10                                     9.2916555482648100e-01
11                                     1.2152408005718394e-01
12                                     9.1252215502701162e-01
13                                     1.1621597003885145e+00
14                                     9.3402286528948020e-01
15                                     9.1547991634997850e-01
16                                     9.3784060850276785e-01
17                                     9.3444019635161646e-01
18                                     9.4389552944545052e-01
19                                     1.0054001801974581e+00
20                                     9.9112823457153243e-01
21                                     8.4330251108502197e-01
22                                     9.0831378294760967e-01
23                                     9.3168388049824680e-01
24                                     1.1834041812617270e-01
25                                     1.6458022501247107e+00
26                                     1.0627798379094502e+00
27                                     1.1489847631827315e+00
28                                     1.0353147031787838e-01
29                                     9.1186795350000804e-01
30                                     1.1597475053875237e+00
31                                     9.2130374016691507e-01
32                                     9.1028257123484890e-01
33                                     9.5078773216015000e-01
34                                     9.4219215690660363e-01
35                                     9.5117045352235430e-01
36                                     8.8917956275426147e-01
37                                     1.1614963514431480e+00
38                                     9.2688226607719482e-01
39                                     9.1509635118131116e-01
40                                     9.4551741298364100e-01
41                                     9.3913172720182081e-01
42                                     9.3854456574722311e-01
   &COMPONENTS [&Type "ArrayOfIntegers", &Dim (43,4)] "The indices and atomic numbers of the bonding atoms"
                                                         0                           1                           2                           3

0                                                        0                           6                           1                           6
1                                                        0                           6                          19                           1
2                                                        0                           6                          20                           1
3                                                        0                           6                          21                           1
4                                                        1                           6                           2                           8
5                                                        1                           6                          22                           1
6                                                        1                           6                          23                           1
7                                                        2                           8                           3                          15
8                                                        3                          15                           4                          16
9                                                        3                          15                           5                           8
10                                                       3                          15                           8                          16
11                                                       4                          16                           8                          16
12                                                       5                           8                           6                           6
13                                                       6                           6                           7                           6
14                                                       6                           6                          24                           1
15                                                       6                           6                          25                           1
16                                                       7                           6                          26                           1
17                                                       7                           6                          27                           1
18                                                       7                           6                          28                           1
19                                                       8                          16                           9                           6
20                                                       9                           6                          10                          16
21                                                       9                           6                          29                           1
22                                                       9                           6                          30                           1
23                                                      10                          16                          11                          15
24                                                      10                          16                          12                          16
25                                                      11                          15                          12                          16
26                                                      11                          15                          13                           8
27                                                      11                          15                          16                           8
28                                                      12                          16                          29                           1
29                                                      13                           8                          14                           6
30                                                      14                           6                          15                           6
31                                                      14                           6                          31                           1
32                                                      14                           6                          32                           1
33                                                      15                           6                          33                           1
34                                                      15                           6                          34                           1
35                                                      15                           6                          35                           1
36                                                      16                           8                          17                           6
37                                                      17                           6                          18                           6
38                                                      17                           6                          36                           1
39                                                      17                           6                          37                           1
40                                                      18                           6                          38                           1
41                                                      18                           6                          39                           1
42                                                      18                           6                          40                           1
   &ATNO [&Type "ArrayOfIntegers", &Dim (41,1)] "Atomic number of the elements"
                                                         0

0                                                        6
1                                                        6
2                                                        8
3                                                       15
4                                                       16
5                                                        8
6                                                        6
7                                                        6
8                                                       16
9                                                        6
10                                                      16
11                                                      15
12                                                      16
13                                                       8
14                                                       6
15                                                       6
16                                                       8
17                                                       6
18                                                       6
19                                                       1
20                                                       1
21                                                       1
22                                                       1
23                                                       1
24                                                       1
25                                                       1
26                                                       1
27                                                       1
28                                                       1
29                                                       1
30                                                       1
31                                                       1
32                                                       1
33                                                       1
34                                                       1
35                                                       1
36                                                       1
37                                                       1
38                                                       1
39                                                       1
40                                                       1
   &NA [&Type "ArrayOfDoubles", &Dim (41,1)] "Mulliken gross atomic population"
                                                         0

0                                      6.3300313446231620e+00
1                                      6.0081328555889284e+00
2                                      8.3520911335798722e+00
3                                      1.4409840273073085e+01
4                                      1.6311145151484421e+01
5                                      8.3551644049504290e+00
6                                      5.9999166521478191e+00
7                                      6.3257128162101264e+00
8                                      1.6116083590080144e+01
9                                      6.3357570232567548e+00
10                                     1.6138896979868264e+01
11                                     1.4386168826398658e+01
12                                     1.6293799165365314e+01
13                                     8.3845234765306884e+00
14                                     6.0081345708165674e+00
15                                     6.2828101484338266e+00
16                                     8.3496638712152667e+00
17                                     6.0407028333969182e+00
18                                     6.2719669372882425e+00
19                                     8.8444994156143453e-01
20                                     8.9685023404681852e-01
21                                     8.4469387348700753e-01
22                                     8.9320353631683869e-01
23                                     8.9523123035445695e-01
24                                     8.9445245570034881e-01
25                                     8.8477428389429269e-01
26                                     8.8708894002223737e-01
27                                     8.6538203214540299e-01
28                                     8.8269685964571720e-01
29                                     7.8312388571372082e-01
30                                     8.2357424283518543e-01
31                                     9.0363144501489234e-01
32                                     8.9766703708579076e-01
33                                     8.8485680023734414e-01
34                                     8.8777680577998397e-01
35                                     8.7745066856540244e-01
36                                     8.7247993171880200e-01
37                                     8.9416022417630880e-01
38                                     8.7806566047663903e-01
39                                     8.9176427591705165e-01
40                                     8.7608358099591110e-01
   &ZA [&Type "ArrayOfDoubles", &Dim (41,1)] "Total nuclear charge"
                                                         0

0                                      6.0000000000000000e+00
1                                      6.0000000000000000e+00
2                                      8.0000000000000000e+00
3                                      1.5000000000000000e+01
4                                      1.6000000000000000e+01
5                                      8.0000000000000000e+00
6                                      6.0000000000000000e+00
7                                      6.0000000000000000e+00
8                                      1.6000000000000000e+01
9                                      6.0000000000000000e+00
10                                     1.6000000000000000e+01
11                                     1.5000000000000000e+01
12                                     1.6000000000000000e+01
13                                     8.0000000000000000e+00
14                                     6.0000000000000000e+00
15                                     6.0000000000000000e+00
16                                     8.0000000000000000e+00
17                                     6.0000000000000000e+00
18                                     6.0000000000000000e+00
19                                     1.0000000000000000e+00
20                                     1.0000000000000000e+00
21                                     1.0000000000000000e+00
22                                     1.0000000000000000e+00
23                                     1.0000000000000000e+00
24                                     1.0000000000000000e+00
25                                     1.0000000000000000e+00
26                                     1.0000000000000000e+00
27                                     1.0000000000000000e+00
28                                     1.0000000000000000e+00
29                                     1.0000000000000000e+00
30                                     1.0000000000000000e+00
31                                     1.0000000000000000e+00
32                                     1.0000000000000000e+00
33                                     1.0000000000000000e+00
34                                     1.0000000000000000e+00
35                                     1.0000000000000000e+00
36                                     1.0000000000000000e+00
37                                     1.0000000000000000e+00
38                                     1.0000000000000000e+00
39                                     1.0000000000000000e+00
40                                     1.0000000000000000e+00
   &QA [&Type "ArrayOfDoubles", &Dim (41,1)] "Mulliken gross atomic charge"
                                                         0

0                                     -3.3003134462316197e-01
1                                     -8.1328555889284004e-03
2                                     -3.5209113357987221e-01
3                                      5.9015972692691498e-01
4                                     -3.1114515148442123e-01
5                                     -3.5516440495042900e-01
6                                      8.3347852180892801e-05
7                                     -3.2571281621012638e-01
8                                     -1.1608359008014446e-01
9                                     -3.3575702325675483e-01
10                                    -1.3889697986826377e-01
11                                     6.1383117360134243e-01
12                                    -2.9379916536531425e-01
13                                    -3.8452347653068841e-01
14                                    -8.1345708165674324e-03
15                                    -2.8281014843382657e-01
16                                    -3.4966387121526665e-01
17                                    -4.0702833396918159e-02
18                                    -2.7196693728824251e-01
19                                     1.1555005843856547e-01
20                                     1.0314976595318148e-01
21                                     1.5530612651299247e-01
22                                     1.0679646368316131e-01
23                                     1.0476876964554305e-01
24                                     1.0554754429965119e-01
25                                     1.1522571610570731e-01
26                                     1.1291105997776263e-01
27                                     1.3461796785459701e-01
28                                     1.1730314035428280e-01
29                                     2.1687611428627918e-01
30                                     1.7642575716481457e-01
31                                     9.6368554985107657e-02
32                                     1.0233296291420924e-01
33                                     1.1514319976265586e-01
34                                     1.1222319422001603e-01
35                                     1.2254933143459756e-01
36                                     1.2752006828119800e-01
37                                     1.0583977582369120e-01
38                                     1.2193433952336097e-01
39                                     1.0823572408294835e-01
40                                     1.2391641900408890e-01
   &VA [&Type "ArrayOfDoubles", &Dim (41,1)] "Mayer's total valence"
                                                         0

0                                      3.9809434029228643e+00
1                                      3.9921860009950572e+00
2                                      2.1899666140220302e+00
3                                      4.9596135653265385e+00
4                                      2.0830318456479140e+00
5                                      2.1874384480968119e+00
6                                      3.9938805175332317e+00
7                                      3.9925090356578488e+00
8                                      2.2751699954108928e+00
9                                      3.8119327036630741e+00
10                                     2.2730977241441099e+00
11                                     4.9636272608434986e+00
12                                     2.0722765631002065e+00
13                                     2.1558099463884730e+00
14                                     3.9601012482980287e+00
15                                     4.0071276718149607e+00
16                                     2.1830262767777078e+00
17                                     4.0236079229717667e+00
18                                     3.9776329068728673e+00
19                                     9.5854638823270588e-01
20                                     9.5474949667185560e-01
21                                     9.9258555996968334e-01
22                                     9.4762217868646970e-01
23                                     9.8627170536784114e-01
24                                     9.4933800156301651e-01
25                                     9.8013759349395324e-01
26                                     9.5442005275471287e-01
27                                     9.7803017808831416e-01
28                                     9.6376660498063838e-01
29                                     9.9386500353949137e-01
30                                     9.3560594344611769e-01
31                                     9.7154573887164641e-01
32                                     9.9312350492298085e-01
33                                     9.5691081023157154e-01
34                                     9.5434828362631374e-01
35                                     9.5832234824694984e-01
36                                     9.4414725807772903e-01
37                                     9.5728469080441669e-01
38                                     9.5874696786225388e-01
39                                     9.5542245296811223e-01
40                                     9.8419315976343935e-01
   &BVA [&Type "ArrayOfDoubles", &Dim (41,1)] "Mayer's bonded valence"
                                                         0

0                                      3.9809434029228710e+00
1                                      3.9921860009950842e+00
2                                      2.1899666140220231e+00
3                                      4.9596135653265012e+00
4                                      2.0830318456477315e+00
5                                      2.1874384480967004e+00
6                                      3.9938805175332859e+00
7                                      3.9925090356578004e+00
8                                      2.2751699954109590e+00
9                                      3.8119327036630231e+00
10                                     2.2730977241440291e+00
11                                     4.9636272608436167e+00
12                                     2.0722765631002678e+00
13                                     2.1558099463886133e+00
14                                     3.9601012482980456e+00
15                                     4.0071276718149500e+00
16                                     2.1830262767777735e+00
17                                     4.0236079229718156e+00
18                                     3.9776329068729264e+00
19                                     9.5854638823270721e-01
20                                     9.5474949667186371e-01
21                                     9.9258555996969300e-01
22                                     9.4762217868646215e-01
23                                     9.8627170536784592e-01
24                                     9.4933800156301296e-01
25                                     9.8013759349394980e-01
26                                     9.5442005275470387e-01
27                                     9.7803017808830739e-01
28                                     9.6376660498063949e-01
29                                     9.9386500353949325e-01
30                                     9.3560594344611392e-01
31                                     9.7154573887165374e-01
32                                     9.9312350492298840e-01
33                                     9.5691081023156332e-01
34                                     9.5434828362630175e-01
35                                     9.5832234824694817e-01
36                                     9.4414725807773803e-01
37                                     9.5728469080441891e-01
38                                     9.5874696786226332e-01
39                                     9.5542245296811701e-01
40                                     9.8419315976344401e-01
   &FA [&Type "ArrayOfDoubles", &Dim (41,1)] "Mayer's free valence"
                                                         0

0                                      0.0000000000000000e+00
1                                      0.0000000000000000e+00
2                                      0.0000000000000000e+00
3                                      0.0000000000000000e+00
4                                      0.0000000000000000e+00
5                                      0.0000000000000000e+00
6                                      0.0000000000000000e+00
7                                      0.0000000000000000e+00
8                                      0.0000000000000000e+00
9                                      0.0000000000000000e+00
10                                     0.0000000000000000e+00
11                                     0.0000000000000000e+00
12                                     0.0000000000000000e+00
13                                     0.0000000000000000e+00
14                                     0.0000000000000000e+00
15                                     0.0000000000000000e+00
16                                     0.0000000000000000e+00
17                                     0.0000000000000000e+00
18                                     0.0000000000000000e+00
19                                     0.0000000000000000e+00
20                                     0.0000000000000000e+00
21                                     0.0000000000000000e+00
22                                     0.0000000000000000e+00
23                                     0.0000000000000000e+00
24                                     0.0000000000000000e+00
25                                     0.0000000000000000e+00
26                                     0.0000000000000000e+00
27                                     0.0000000000000000e+00
28                                     0.0000000000000000e+00
29                                     0.0000000000000000e+00
30                                     0.0000000000000000e+00
31                                     0.0000000000000000e+00
32                                     0.0000000000000000e+00
33                                     0.0000000000000000e+00
34                                     0.0000000000000000e+00
35                                     0.0000000000000000e+00
36                                     0.0000000000000000e+00
37                                     0.0000000000000000e+00
38                                     0.0000000000000000e+00
39                                     0.0000000000000000e+00
40                                     0.0000000000000000e+00
$End
$VdW_Correction
   &GeometryIndex 1
   &ListStatus       OUT
   &VDW [&Type "Double"]      -6.5905361565128370e-02
$End
$Calculation_Info
   &GeometryIndex 1
   &ListStatus       OUT
   &MULT [&Type "Integer"] 1
   &CHARGE [&Type "Integer"] 0
   &NUMOFATOMS [&Type "Integer"] 41
   &NUMOFELECTRONS [&Type "Integer"] 202
   &NUMOFFCELECTRONS [&Type "Integer"] 1
   &NUMOFCORRELECTRONS [&Type "Integer"] 0
   &NUMOFBASISFUNCTS [&Type "Integer"] 334
   &NUMOFAUXCBASISFUNCTS [&Type "Integer"] 0
   &NUMOFAUXJBASISFUNCTS [&Type "Integer"] 1185
   &NUMOFAUXJKBASISFUNCTS [&Type "Integer"] 0
   &NUMOFCABSBASISFUNCTS [&Type "Integer"] 0
   &TOTALENERGY [&Type "Double"]      -2.9295180768883083e+03  "Hartrees"
$End
$SCF_Dipole_Moment
   &GeometryIndex 1
   &ListStatus       OUT
   &METHOD [&Type "String"] "SCF"
   &LEVEL [&Type "String"] "Relaxed density"
   &MULT [&Type "Integer"] 1
   &STATE [&Type "Integer"] -1
   &IRREP [&Type "Integer"] 0
   &NATOMS [&Type "Integer"] 41
   &DODIPOLEATOM [&Type "Boolean"] false
   &DIPOLEELECCONTRIB [&Type "ArrayOfDoubles", &Dim (3,1)] "Electronic contribution"
                                                         0

0                                      1.1524033765471874e+01
1                                     -4.9725974559791458e-01
2                                      8.8575724530457940e+00
   &DIPOLENUCCONTRIB [&Type "ArrayOfDoubles", &Dim (3,1)] "Nuclear contribution"
                                                         0

0                                     -1.2054035280141662e+01
1                                     -4.7060521357522278e-01
2                                     -9.7700895501058049e+00
   &DIPOLETOTAL [&Type "ArrayOfDoubles", &Dim (3,1)] "Total"
                                                         0

0                                     -5.3000151466978807e-01
1                                     -9.6786495917313742e-01
2                                     -9.1251709706001094e-01
   &DIPOLEMAGNITUDE [&Type "Double", &Units "a.u."]       1.4319048980900644e+00
$End
