*************************************************
******************* ORCA 6.0.0 ******************
*************************************************
$Calculation_Status
   &GeometryIndex 1
   &ListStatus       OUT
   &VERSION [&Type "String"] "6.0.0"
   &PROGNAME [&Type "String"] "LeanSCF"
   &STATUS [&Type "String"] "NORMAL TERMINATION"
$End
$Geometry
   &GeometryIndex 1
   &ListStatus       OUT
   &NATOMS [&Type "Integer"] 41
   &NCORELESSECP [&Type "Integer"] 0
   &NGHOSTATOMS [&Type "Integer"] 0
   &CartesianCoordinates [&Type "Coordinates", &Dim(41,4), &Units "Bohr"] 
              C      5.530392313194    1.197583587237   -5.338757672644
              C      6.899654103640    2.298975597056   -3.078852613162
              O      6.592670828752    0.778006494502   -0.846640554190
              P      3.931811957443    0.352229841113    0.490305576715
              S      1.906422212780    3.444777429391    0.694058276206
              O      4.701661184337   -0.581746170416    3.203566841902
              C      6.379761935034   -2.697439975704    3.696274396026
              C      5.544478277750   -3.933430176607    6.139918550419
              S      2.684870081734   -2.944942739704   -1.469549009675
              C      0.221713129477   -4.173195714710    0.627846690842
              S     -1.275957646719   -1.811453159102    2.600177276758
              P     -3.586609678254   -0.134388346067   -0.196757307698
              S     -2.377147388568    0.580696858217   -3.627950497467
              O     -4.809813760832    2.165997047912    1.277561357890
              C     -4.286109348863    4.799066881694    0.854327750532
              C     -6.744648092018    6.255597604883    1.038172259657
              O     -5.728253748755   -2.232602227325   -0.096419121231
              C     -7.581291621739   -2.541421120385   -2.069336519080
              C     -9.382359023833   -0.322281192623   -2.202328481312
              H      6.084020664161   -0.759282012524   -5.632271901269
              H      3.492450700470    1.270031514507   -5.039064758602
              H      5.983306513090    2.295163762819   -7.010737709620
              H      6.206630784896    4.204179751141   -2.668428116805
              H      8.940535989823    2.337284760947   -3.366355094398
              H      6.295810035173   -4.007108405920    2.099829977882
              H      8.289621138810   -1.933249528426    3.843489947978
              H      5.683145411461   -2.592400750605    7.687282734206
              H      3.591290720183   -4.553970226423    5.997158979305
              H      6.750160814702   -5.546683175055    6.525944739181
              H      1.063903575153   -5.548086625899    1.901751631052
              H     -1.181009685409   -5.063650898171   -0.586121716573
              H     -2.934069027062    5.406471561561    2.292396664998
              H     -3.400058967732    5.018349253988   -1.003674532972
              H     -7.628748282015    5.900807192039    2.856202346007
              H     -6.342054508888    8.257687096045    0.855751238143
              H     -8.032441583709    5.685276941282   -0.456010645612
              H     -6.587113885721   -2.776155778930   -3.868312176702
              H     -8.551196075766   -4.287861518241   -1.561503830550
              H    -10.209368256724    0.033364134024   -0.355997394909
              H     -8.364324543605    1.358746819444   -2.816055106166
              H    -10.869681879683   -0.729880982480   -3.554921128299
$End
$SCF_Energy
   &GeometryIndex 1
   &ListStatus       OUT
   &SCF_ENERGY [&Type "Double"]      -2.9296240042185150e+03
$End
$DFT_Energy
   &GeometryIndex 1
   &ListStatus       OUT
   &NALPHAEL [&Type "Integer"] 101
   &NBETAEL [&Type "Integer"] 101
   &NTOTALEL [&Type "Integer"] 202
   &EEXCHANGE [&Type "Double"]      -2.3181209091626036e+02
   &ECORR [&Type "Double"]      -7.2994600617498273e+00
   &ECNL [&Type "Double"]       0.0000000000000000e+00
   &EXC [&Type "Double"]      -2.3911155097801020e+02
   &EEMBED [&Type "Double"]       0.0000000000000000e+00
   &FINALEN [&Type "Double"]      -2.9296240042185150e+03  "No Van der Waals correction"
$End
$Mulliken_Population_Analysis
   &GeometryIndex 1
   &ListStatus       OUT
   &NATOMS [&Type "Integer"] 41
   &ATNO [&Type "ArrayOfIntegers", &Dim (41,1)] 
                                                         0

0                                                        6
1                                                        6
2                                                        8
3                                                       15
4                                                       16
5                                                        8
6                                                        6
7                                                        6
8                                                       16
9                                                        6
10                                                      16
11                                                      15
12                                                      16
13                                                       8
14                                                       6
15                                                       6
16                                                       8
17                                                       6
18                                                       6
19                                                       1
20                                                       1
21                                                       1
22                                                       1
23                                                       1
24                                                       1
25                                                       1
26                                                       1
27                                                       1
28                                                       1
29                                                       1
30                                                       1
31                                                       1
32                                                       1
33                                                       1
34                                                       1
35                                                       1
36                                                       1
37                                                       1
38                                                       1
39                                                       1
40                                                       1
   &ATOMICCHARGES [&Type "ArrayOfDoubles", &Dim (41,1)] 
                                                         0

0                                     -3.4238266852949106e-01
1                                      4.5502181427048427e-03
2                                     -3.8434132122728215e-01
3                                      6.1090762945178412e-01
4                                     -3.1902134612205302e-01
5                                     -3.5834800684952306e-01
6                                     -1.4657390504398293e-02
7                                     -2.8639873283613326e-01
8                                     -1.1219713808011633e-01
9                                     -3.2050563497613016e-01
10                                    -8.0034781326414617e-02
11                                     6.2282894653388610e-01
12                                    -3.0840835364887909e-01
13                                    -3.7770611878448968e-01
14                                    -2.4185428491561467e-02
15                                    -2.8134510839097349e-01
16                                    -3.7342390396457859e-01
17                                    -2.4177249825463321e-04
18                                    -3.1893516422896440e-01
19                                     1.1791102955062982e-01
20                                     1.5286606494394905e-01
21                                     1.1262379715503190e-01
22                                     1.1062624004426724e-01
23                                     1.0076178270636238e-01
24                                     1.0241140704643881e-01
25                                     1.1009221839340988e-01
26                                     1.2447996197259448e-01
27                                     1.1532066196626878e-01
28                                     1.1155316534655402e-01
29                                     1.8185450163751060e-01
30                                     1.8135023960563612e-01
31                                     1.1632293178066266e-01
32                                     1.1858157098312039e-01
33                                     1.1484666512728658e-01
34                                     1.1104843076093363e-01
35                                     1.1707302535531039e-01
36                                     1.0628053773696533e-01
37                                     1.0132773700168607e-01
38                                     1.1858377932847053e-01
39                                     1.2710469132946089e-01
40                                     1.1082563655839484e-01
$End
$Loewdin_Population_Analysis
   &GeometryIndex 1
   &ListStatus       OUT
   &NATOMS [&Type "Integer"] 41
   &ATNO [&Type "ArrayOfIntegers", &Dim (41,1)] 
                                                         0

0                                                        6
1                                                        6
2                                                        8
3                                                       15
4                                                       16
5                                                        8
6                                                        6
7                                                        6
8                                                       16
9                                                        6
10                                                      16
11                                                      15
12                                                      16
13                                                       8
14                                                       6
15                                                       6
16                                                       8
17                                                       6
18                                                       6
19                                                       1
20                                                       1
21                                                       1
22                                                       1
23                                                       1
24                                                       1
25                                                       1
26                                                       1
27                                                       1
28                                                       1
29                                                       1
30                                                       1
31                                                       1
32                                                       1
33                                                       1
34                                                       1
35                                                       1
36                                                       1
37                                                       1
38                                                       1
39                                                       1
40                                                       1
   &ATOMICCHARGES [&Type "ArrayOfDoubles", &Dim (41,1)] 
                                                         0

0                                      2.1855134635431588e-03
1                                      8.7982811109588582e-02
2                                      5.1180796486519220e-01
3                                      5.7301506114892972e-02
4                                      9.9841413631088631e-05
5                                      3.1251856885330642e-01
6                                      2.3573815893105407e-02
7                                      2.9263399871799420e-03
8                                      1.2065528880461320e-04
9                                      9.2878059646372355e-05
10                                     1.8239173865876313e-04
11                                     2.7621631899567152e-05
12                                     2.9928729182486831e-05
13                                     3.2420433674544638e-05
14                                     1.2159057339046559e-05
15                                     3.3277924123960986e-06
16                                     6.3674011800599262e-05
17                                     5.6949745623487789e-06
18                                     1.3017278193212057e-06
19                                     4.9339681272360035e-06
20                                     1.1340088694102410e-05
21                                     1.4057102215110520e-04
22                                     1.4356184416540704e-04
23                                     6.1493056096319568e-04
24                                     3.5099777695168657e-05
25                                     1.0242050427656093e-05
26                                     2.2248678337478701e-06
27                                     7.2629418167255646e-06
28                                     4.2769878120952359e-05
29                                     9.7149681765382123e-06
30                                     6.2865912585178178e-06
31                                     1.4435513520807610e-06
32                                     4.6565620973290342e-07
33                                     1.0701357187228583e-07
34                                     3.8101438831171761e-09
35                                     1.2898542252530983e-07
36                                     1.9907035502152045e-07
37                                     1.6893938843646724e-08
38                                     3.4564079419397352e-08
39                                     1.0398625252527981e-07
40                                     1.4276300574833086e-07
$End
$Mayer_Population_Analysis
   &GeometryIndex 1
   &ListStatus       OUT
   &NATOMS [&Type "Integer"] 41 "Total number of atoms"
   &BONDTHRESH [&Type "Double"]       1.0000000000000001e-01  "The threshold for printing"
   &NBONDORDERSPRINT [&Type "Integer"] 42 "The number of bond orders larger than threshold"
   &BONDORDERS [&Type "ArrayOfDoubles", &Dim (42,1)] "The bond orders"
                                                         0

0                                      1.1656075422601317e+00
1                                      9.4141099777208859e-01
2                                      9.2675839776422420e-01
3                                      9.3661638885977494e-01
4                                      9.0807339437207757e-01
5                                      9.1625054990213095e-01
6                                      9.3353414679704905e-01
7                                      1.0849860219515739e+00
8                                      1.6139109467992090e+00
9                                      1.1251243849248675e+00
10                                     9.6662881505860887e-01
11                                     1.1522658202995409e-01
12                                     8.9633326385338863e-01
13                                     1.1597606252361961e+00
14                                     9.0612857584024420e-01
15                                     9.3071220267708665e-01
16                                     9.4799466806711230e-01
17                                     9.4634392238424003e-01
18                                     9.4143563626385762e-01
19                                     9.7111272338169619e-01
20                                     1.0285662307550334e+00
21                                     9.0728099892586045e-01
22                                     9.0080125267262512e-01
23                                     9.3151203768657709e-01
24                                     1.1522644370568270e-01
25                                     1.6158229091101661e+00
26                                     1.1309914970411097e+00
27                                     1.1021818862158357e+00
28                                     8.9471707162096648e-01
29                                     1.1525590446390790e+00
30                                     9.2706225982626411e-01
31                                     9.0804178444487527e-01
32                                     9.4882447617101173e-01
33                                     9.4167250799061586e-01
34                                     9.4697486766950878e-01
35                                     9.1446479822308024e-01
36                                     1.1647098795478452e+00
37                                     9.1342590192817075e-01
38                                     9.3417110757329702e-01
39                                     9.4612920642130149e-01
40                                     9.3026041153219741e-01
41                                     9.3791201585402362e-01
   &COMPONENTS [&Type "ArrayOfIntegers", &Dim (42,4)] "The indices and atomic numbers of the bonding atoms"
                                                         0                           1                           2                           3

0                                                        0                           6                           1                           6
1                                                        0                           6                          19                           1
2                                                        0                           6                          20                           1
3                                                        0                           6                          21                           1
4                                                        1                           6                           2                           8
5                                                        1                           6                          22                           1
6                                                        1                           6                          23                           1
7                                                        2                           8                           3                          15
8                                                        3                          15                           4                          16
9                                                        3                          15                           5                           8
10                                                       3                          15                           8                          16
11                                                       4                          16                           8                          16
12                                                       5                           8                           6                           6
13                                                       6                           6                           7                           6
14                                                       6                           6                          24                           1
15                                                       6                           6                          25                           1
16                                                       7                           6                          26                           1
17                                                       7                           6                          27                           1
18                                                       7                           6                          28                           1
19                                                       8                          16                           9                           6
20                                                       9                           6                          10                          16
21                                                       9                           6                          29                           1
22                                                       9                           6                          30                           1
23                                                      10                          16                          11                          15
24                                                      10                          16                          12                          16
25                                                      11                          15                          12                          16
26                                                      11                          15                          13                           8
27                                                      11                          15                          16                           8
28                                                      13                           8                          14                           6
29                                                      14                           6                          15                           6
30                                                      14                           6                          31                           1
31                                                      14                           6                          32                           1
32                                                      15                           6                          33                           1
33                                                      15                           6                          34                           1
34                                                      15                           6                          35                           1
35                                                      16                           8                          17                           6
36                                                      17                           6                          18                           6
37                                                      17                           6                          36                           1
38                                                      17                           6                          37                           1
39                                                      18                           6                          38                           1
40                                                      18                           6                          39                           1
41                                                      18                           6                          40                           1
   &ATNO [&Type "ArrayOfIntegers", &Dim (41,1)] "Atomic number of the elements"
                                                         0

0                                                        6
1                                                        6
2                                                        8
3                                                       15
4                                                       16
5                                                        8
6                                                        6
7                                                        6
8                                                       16
9                                                        6
10                                                      16
11                                                      15
12                                                      16
13                                                       8
14                                                       6
15                                                       6
16                                                       8
17                                                       6
18                                                       6
19                                                       1
20                                                       1
21                                                       1
22                                                       1
23                                                       1
24                                                       1
25                                                       1
26                                                       1
27                                                       1
28                                                       1
29                                                       1
30                                                       1
31                                                       1
32                                                       1
33                                                       1
34                                                       1
35                                                       1
36                                                       1
37                                                       1
38                                                       1
39                                                       1
40                                                       1
   &NA [&Type "ArrayOfDoubles", &Dim (41,1)] "Mulliken gross atomic population"
                                                         0

0                                      6.3423826685294795e+00
1                                      5.9954497818572898e+00
2                                      8.3843413212272928e+00
3                                      1.4389092370548234e+01
4                                      1.6319021346122057e+01
5                                      8.3583480068495479e+00
6                                      6.0146573905043823e+00
7                                      6.2863987328361288e+00
8                                      1.6112197138080163e+01
9                                      6.3205056349761435e+00
10                                     1.6080034781326326e+01
11                                     1.4377171053466064e+01
12                                     1.6308408353648858e+01
13                                     8.3777061187845021e+00
14                                     6.0241854284915499e+00
15                                     6.2813451083909868e+00
16                                     8.3734239039645857e+00
17                                     6.0002417724982591e+00
18                                     6.3189351642289742e+00
19                                     8.8208897044937040e-01
20                                     8.4713393505605139e-01
21                                     8.8737620284496821e-01
22                                     8.8937375995573242e-01
23                                     8.9923821729363929e-01
24                                     8.9758859295356164e-01
25                                     8.8990778160658934e-01
26                                     8.7552003802740519e-01
27                                     8.8467933803373111e-01
28                                     8.8844683465344676e-01
29                                     8.1814549836248962e-01
30                                     8.1864976039436388e-01
31                                     8.8367706821933767e-01
32                                     8.8141842901688006e-01
33                                     8.8515333487271375e-01
34                                     8.8895156923906626e-01
35                                     8.8292697464468939e-01
36                                     8.9371946226303411e-01
37                                     8.9867226299831438e-01
38                                     8.8141622067152947e-01
39                                     8.7289530867053977e-01
40                                     8.8917436344160616e-01
   &ZA [&Type "ArrayOfDoubles", &Dim (41,1)] "Total nuclear charge"
                                                         0

0                                      6.0000000000000000e+00
1                                      6.0000000000000000e+00
2                                      8.0000000000000000e+00
3                                      1.5000000000000000e+01
4                                      1.6000000000000000e+01
5                                      8.0000000000000000e+00
6                                      6.0000000000000000e+00
7                                      6.0000000000000000e+00
8                                      1.6000000000000000e+01
9                                      6.0000000000000000e+00
10                                     1.6000000000000000e+01
11                                     1.5000000000000000e+01
12                                     1.6000000000000000e+01
13                                     8.0000000000000000e+00
14                                     6.0000000000000000e+00
15                                     6.0000000000000000e+00
16                                     8.0000000000000000e+00
17                                     6.0000000000000000e+00
18                                     6.0000000000000000e+00
19                                     1.0000000000000000e+00
20                                     1.0000000000000000e+00
21                                     1.0000000000000000e+00
22                                     1.0000000000000000e+00
23                                     1.0000000000000000e+00
24                                     1.0000000000000000e+00
25                                     1.0000000000000000e+00
26                                     1.0000000000000000e+00
27                                     1.0000000000000000e+00
28                                     1.0000000000000000e+00
29                                     1.0000000000000000e+00
30                                     1.0000000000000000e+00
31                                     1.0000000000000000e+00
32                                     1.0000000000000000e+00
33                                     1.0000000000000000e+00
34                                     1.0000000000000000e+00
35                                     1.0000000000000000e+00
36                                     1.0000000000000000e+00
37                                     1.0000000000000000e+00
38                                     1.0000000000000000e+00
39                                     1.0000000000000000e+00
40                                     1.0000000000000000e+00
   &QA [&Type "ArrayOfDoubles", &Dim (41,1)] "Mulliken gross atomic charge"
                                                         0

0                                     -3.4238266852947952e-01
1                                      4.5502181427101718e-03
2                                     -3.8434132122729281e-01
3                                      6.1090762945176635e-01
4                                     -3.1902134612205657e-01
5                                     -3.5834800684954793e-01
6                                     -1.4657390504382306e-02
7                                     -2.8639873283612882e-01
8                                     -1.1219713808016252e-01
9                                     -3.2050563497614348e-01
10                                    -8.0034781326325799e-02
11                                     6.2282894653393583e-01
12                                    -3.0840835364885777e-01
13                                    -3.7770611878450211e-01
14                                    -2.4185428491549921e-02
15                                    -2.8134510839098681e-01
16                                    -3.7342390396458569e-01
17                                    -2.4177249825907410e-04
18                                    -3.1893516422897417e-01
19                                     1.1791102955062960e-01
20                                     1.5286606494394861e-01
21                                     1.1262379715503179e-01
22                                     1.1062624004426758e-01
23                                     1.0076178270636071e-01
24                                     1.0241140704643836e-01
25                                     1.1009221839341066e-01
26                                     1.2447996197259481e-01
27                                     1.1532066196626889e-01
28                                     1.1155316534655324e-01
29                                     1.8185450163751038e-01
30                                     1.8135023960563612e-01
31                                     1.1632293178066233e-01
32                                     1.1858157098311994e-01
33                                     1.1484666512728625e-01
34                                     1.1104843076093374e-01
35                                     1.1707302535531061e-01
36                                     1.0628053773696589e-01
37                                     1.0132773700168562e-01
38                                     1.1858377932847053e-01
39                                     1.2710469132946023e-01
40                                     1.1082563655839384e-01
   &VA [&Type "ArrayOfDoubles", &Dim (41,1)] "Mayer's total valence"
                                                         0

0                                      3.9853025258065817e+00
1                                      4.0038164313279037e+00
2                                      2.1627961566712859e+00
3                                      4.9709788410515952e+00
4                                      2.0369287566649676e+00
5                                      2.1586054948307161e+00
6                                      3.9828583578914163e+00
7                                      3.9962324871768882e+00
8                                      2.2961183196093575e+00
9                                      3.8751623675976492e+00
10                                     2.2900166714577304e+00
11                                     4.9665458665457258e+00
12                                     2.0921214593568700e+00
13                                     2.1870940694195546e+00
14                                     3.9647792777770192e+00
15                                     3.9889286744248031e+00
16                                     2.1604642595869108e+00
17                                     4.0086916693226522e+00
18                                     3.9913150827349679e+00
19                                     9.5948480092381161e-01
20                                     9.7967355330495098e-01
21                                     9.5544550642200621e-01
22                                     9.8335430303463212e-01
23                                     9.4934391904799054e-01
24                                     9.8812694633632070e-01
25                                     9.5105755006430348e-01
26                                     9.5688672400029195e-01
27                                     9.6861162632309183e-01
28                                     9.5375709212166415e-01
29                                     9.2861256195866093e-01
30                                     9.4667491939250259e-01
31                                     9.5701371966746429e-01
32                                     9.9106465837583890e-01
33                                     9.5884661836036966e-01
34                                     9.5539677391063083e-01
35                                     9.6571055414181073e-01
36                                     9.8618098162616774e-01
37                                     9.4913608254458715e-01
38                                     9.5988377371761413e-01
39                                     9.8514128146124491e-01
40                                     9.5315899606707899e-01
   &BVA [&Type "ArrayOfDoubles", &Dim (41,1)] "Mayer's bonded valence"
                                                         0

0                                      3.9853025258065764e+00
1                                      4.0038164313279125e+00
2                                      2.1627961566713503e+00
3                                      4.9709788410515401e+00
4                                      2.0369287566648833e+00
5                                      2.1586054948307170e+00
6                                      3.9828583578914469e+00
7                                      3.9962324871768509e+00
8                                      2.2961183196092430e+00
9                                      3.8751623675976075e+00
10                                     2.2900166714579107e+00
11                                     4.9665458665458102e+00
12                                     2.0921214593569561e+00
13                                     2.1870940694195320e+00
14                                     3.9647792777770685e+00
15                                     3.9889286744247685e+00
16                                     2.1604642595868229e+00
17                                     4.0086916693226824e+00
18                                     3.9913150827349240e+00
19                                     9.5948480092380650e-01
20                                     9.7967355330494577e-01
21                                     9.5544550642200432e-01
22                                     9.8335430303463156e-01
23                                     9.4934391904798843e-01
24                                     9.8812694633632137e-01
25                                     9.5105755006430648e-01
26                                     9.5688672400029529e-01
27                                     9.6861162632308240e-01
28                                     9.5375709212166015e-01
29                                     9.2861256195866282e-01
30                                     9.4667491939249748e-01
31                                     9.5701371966746629e-01
32                                     9.9106465837584645e-01
33                                     9.5884661836036444e-01
34                                     9.5539677391063271e-01
35                                     9.6571055414179952e-01
36                                     9.8618098162616363e-01
37                                     9.4913608254459403e-01
38                                     9.5988377371762212e-01
39                                     9.8514128146124380e-01
40                                     9.5315899606707999e-01
   &FA [&Type "ArrayOfDoubles", &Dim (41,1)] "Mayer's free valence"
                                                         0

0                                      0.0000000000000000e+00
1                                      0.0000000000000000e+00
2                                      0.0000000000000000e+00
3                                      0.0000000000000000e+00
4                                      0.0000000000000000e+00
5                                      0.0000000000000000e+00
6                                      0.0000000000000000e+00
7                                      0.0000000000000000e+00
8                                      0.0000000000000000e+00
9                                      0.0000000000000000e+00
10                                     0.0000000000000000e+00
11                                     0.0000000000000000e+00
12                                     0.0000000000000000e+00
13                                     0.0000000000000000e+00
14                                     0.0000000000000000e+00
15                                     0.0000000000000000e+00
16                                     0.0000000000000000e+00
17                                     0.0000000000000000e+00
18                                     0.0000000000000000e+00
19                                     0.0000000000000000e+00
20                                     0.0000000000000000e+00
21                                     0.0000000000000000e+00
22                                     0.0000000000000000e+00
23                                     0.0000000000000000e+00
24                                     0.0000000000000000e+00
25                                     0.0000000000000000e+00
26                                     0.0000000000000000e+00
27                                     0.0000000000000000e+00
28                                     0.0000000000000000e+00
29                                     0.0000000000000000e+00
30                                     0.0000000000000000e+00
31                                     0.0000000000000000e+00
32                                     0.0000000000000000e+00
33                                     0.0000000000000000e+00
34                                     0.0000000000000000e+00
35                                     0.0000000000000000e+00
36                                     0.0000000000000000e+00
37                                     0.0000000000000000e+00
38                                     0.0000000000000000e+00
39                                     0.0000000000000000e+00
40                                     0.0000000000000000e+00
$End
$VdW_Correction
   &GeometryIndex 1
   &ListStatus       OUT
   &VDW [&Type "Double"]      -6.8188322444857147e-02
$End
$Calculation_Info
   &GeometryIndex 1
   &ListStatus       OUT
   &MULT [&Type "Integer"] 1
   &CHARGE [&Type "Integer"] 0
   &NUMOFATOMS [&Type "Integer"] 41
   &NUMOFELECTRONS [&Type "Integer"] 202
   &NUMOFFCELECTRONS [&Type "Integer"] 1
   &NUMOFCORRELECTRONS [&Type "Integer"] 0
   &NUMOFBASISFUNCTS [&Type "Integer"] 334
   &NUMOFAUXCBASISFUNCTS [&Type "Integer"] 0
   &NUMOFAUXJBASISFUNCTS [&Type "Integer"] 1185
   &NUMOFAUXJKBASISFUNCTS [&Type "Integer"] 0
   &NUMOFCABSBASISFUNCTS [&Type "Integer"] 0
   &TOTALENERGY [&Type "Double"]      -2.9295084864902597e+03  "Hartrees"
$End
$SCF_Dipole_Moment
   &GeometryIndex 1
   &ListStatus       OUT
   &METHOD [&Type "String"] "SCF"
   &LEVEL [&Type "String"] "Relaxed density"
   &MULT [&Type "Integer"] 1
   &STATE [&Type "Integer"] -1
   &IRREP [&Type "Integer"] 0
   &NATOMS [&Type "Integer"] 41
   &DODIPOLEATOM [&Type "Boolean"] false
   &DIPOLEELECCONTRIB [&Type "ArrayOfDoubles", &Dim (3,1)] "Electronic contribution"
                                                         0

0                                      6.0615163714915639e+00
1                                     -2.6890541618103283e+00
2                                      2.0924524030359546e+00
   &DIPOLENUCCONTRIB [&Type "ArrayOfDoubles", &Dim (3,1)] "Nuclear contribution"
                                                         0

0                                     -5.9897627975653691e+00
1                                      1.8796748762758837e+00
2                                     -1.9996013671097193e+00
   &DIPOLETOTAL [&Type "ArrayOfDoubles", &Dim (3,1)] "Total"
                                                         0

0                                      7.1753573926194747e-02
1                                     -8.0937928553444460e-01
2                                      9.2851035926235337e-02
   &DIPOLEMAGNITUDE [&Type "Double", &Units "a.u."]       8.1784149937258932e-01
$End
