*************************************************
******************* ORCA 6.0.0 ******************
*************************************************
$Calculation_Status
   &GeometryIndex 1
   &ListStatus       OUT
   &VERSION [&Type "String"] "6.0.0"
   &PROGNAME [&Type "String"] "LeanSCF"
   &STATUS [&Type "String"] "NORMAL TERMINATION"
$End
$Geometry
   &GeometryIndex 1
   &ListStatus       OUT
   &NATOMS [&Type "Integer"] 41
   &NCORELESSECP [&Type "Integer"] 0
   &NGHOSTATOMS [&Type "Integer"] 0
   &CartesianCoordinates [&Type "Coordinates", &Dim(41,4), &Units "Bohr"] 
              C      8.418888706700   -2.045070959644   -4.616575455599
              C      7.529619820174   -3.749607129102   -2.497999981040
              O      7.062966450326   -2.392878548885   -0.185529950761
              P      5.206915934176   -0.057951574669    0.105757119774
              S      6.305093217674    3.289170484858   -1.045396605567
              O      4.815439244608    0.060365815834    3.051507646347
              C      4.612906540593   -2.052770080536    4.783266857867
              C      1.957974908119   -3.121598819244    4.845114675359
              S      1.814385002870   -1.343888344104   -1.688534230661
              C      0.164636060536    1.631920727225   -1.531835947176
              S     -1.732939835497    1.945931009213    1.290505650638
              P     -5.182616849865    0.704369206674   -0.413860961820
              S     -5.925257415891    2.193309443407   -3.718500312630
              O     -7.178082196515    0.995734403590    1.807981150348
              C     -7.553455739035    3.233145863550    3.309763652759
              C     -8.064376181108    5.558103067494    1.722269232887
              O     -5.013678418281   -2.246417266002   -0.706328351330
              C     -4.564060223907   -3.970786554754    1.380865430784
              C     -3.220060155792   -6.272585167950    0.338265201888
              H      8.891964210659   -3.182544972620   -6.256105265447
              H      6.935146219335   -0.714261065049   -5.131062167101
              H     10.071819044365   -0.973644753249   -4.030788209969
              H      8.981141002213   -5.117082376429   -1.971843166965
              H      5.793021142101   -4.733080301486   -3.031921248752
              H      5.994020066907   -3.485218594967    4.244336988389
              H      5.131853098179   -1.223944413594    6.598742754847
              H      0.609923988860   -1.609549837069    5.193975218301
              H      1.505680850390   -4.034316715299    3.061254611672
              H      1.829906804586   -4.503823647954    6.355099274974
              H     -1.076717033658    1.768380143216   -3.174711697235
              H      1.561176680216    3.152631989687   -1.539506110471
              H     -9.174083666407    2.755463425918    4.492583723584
              H     -5.877368887242    3.507080097539    4.487104376109
              H     -8.484467608920    7.146275347248    2.949930471335
              H     -6.415175928884    6.014795960176    0.577707627247
              H     -9.654429710819    5.231573904692    0.461866062004
              H     -3.425586143106   -3.004793142562    2.809041841721
              H     -6.400444136248   -4.455168656023    2.183792747069
              H     -2.855006096263   -7.590489471767    1.866244880373
              H     -4.387302655680   -7.182194195607   -1.083596389085
              H     -1.444940100607   -5.718394463589   -0.536409534364
$End
$SCF_Energy
   &GeometryIndex 1
   &ListStatus       OUT
   &SCF_ENERGY [&Type "Double"]      -2.9296326804319037e+03
$End
$DFT_Energy
   &GeometryIndex 1
   &ListStatus       OUT
   &NALPHAEL [&Type "Integer"] 100
   &NBETAEL [&Type "Integer"] 100
   &NTOTALEL [&Type "Integer"] 201
   &EEXCHANGE [&Type "Double"]      -2.3181304969956091e+02
   &ECORR [&Type "Double"]      -7.2926067208624170e+00
   &ECNL [&Type "Double"]       0.0000000000000000e+00
   &EXC [&Type "Double"]      -2.3910565642042332e+02
   &EEMBED [&Type "Double"]       0.0000000000000000e+00
   &FINALEN [&Type "Double"]      -2.9296326804319037e+03  "No Van der Waals correction"
$End
$Mulliken_Population_Analysis
   &GeometryIndex 1
   &ListStatus       OUT
   &NATOMS [&Type "Integer"] 41
   &ATNO [&Type "ArrayOfIntegers", &Dim (41,1)] 
                                                         0

0                                                        6
1                                                        6
2                                                        8
3                                                       15
4                                                       16
5                                                        8
6                                                        6
7                                                        6
8                                                       16
9                                                        6
10                                                      16
11                                                      15
12                                                      16
13                                                       8
14                                                       6
15                                                       6
16                                                       8
17                                                       6
18                                                       6
19                                                       1
20                                                       1
21                                                       1
22                                                       1
23                                                       1
24                                                       1
25                                                       1
26                                                       1
27                                                       1
28                                                       1
29                                                       1
30                                                       1
31                                                       1
32                                                       1
33                                                       1
34                                                       1
35                                                       1
36                                                       1
37                                                       1
38                                                       1
39                                                       1
40                                                       1
   &ATOMICCHARGES [&Type "ArrayOfDoubles", &Dim (41,1)] 
                                                         0

0                                     -3.0968636660615978e-01
1                                     -1.4622243776185151e-02
2                                     -3.8403170589147706e-01
3                                      6.0852654882046764e-01
4                                     -3.0335332566450646e-01
5                                     -3.5267593246522289e-01
6                                      3.2757129482181568e-03
7                                     -3.4541342870162239e-01
8                                     -1.1770098596940670e-01
9                                     -3.5152288164001622e-01
10                                    -1.0718468123933533e-01
11                                     5.8397976079590030e-01
12                                    -2.9860818948790424e-01
13                                    -3.8290913107967128e-01
14                                    -1.2613874972769779e-02
15                                    -3.1124481312578745e-01
16                                    -3.5518834460589588e-01
17                                    -1.7781230561494610e-02
18                                    -2.9336802177317090e-01
19                                     1.1370050741122939e-01
20                                     1.3122695045002053e-01
21                                     1.2825313300783325e-01
22                                     1.1058996061674375e-01
23                                     1.1578849078903075e-01
24                                     1.0883300668888185e-01
25                                     1.1112185958277954e-01
26                                     1.3831117658249259e-01
27                                     1.3285739539639774e-01
28                                     1.0926394821300622e-01
29                                     1.9224099153837770e-01
30                                     1.9513315337701487e-01
31                                     1.1013421151725877e-01
32                                     1.1414484513857137e-01
33                                     1.1295209625964342e-01
34                                     1.3109678289218074e-01
35                                     1.2817981864988415e-01
36                                     1.0874852017834602e-01
37                                     1.0871573132300871e-01
38                                     1.0650771013346116e-01
39                                     1.2193570073931403e-01
40                                     1.3238714451057221e-01
$End
$Loewdin_Population_Analysis
   &GeometryIndex 1
   &ListStatus       OUT
   &NATOMS [&Type "Integer"] 41
   &ATNO [&Type "ArrayOfIntegers", &Dim (41,1)] 
                                                         0

0                                                        6
1                                                        6
2                                                        8
3                                                       15
4                                                       16
5                                                        8
6                                                        6
7                                                        6
8                                                       16
9                                                        6
10                                                      16
11                                                      15
12                                                      16
13                                                       8
14                                                       6
15                                                       6
16                                                       8
17                                                       6
18                                                       6
19                                                       1
20                                                       1
21                                                       1
22                                                       1
23                                                       1
24                                                       1
25                                                       1
26                                                       1
27                                                       1
28                                                       1
29                                                       1
30                                                       1
31                                                       1
32                                                       1
33                                                       1
34                                                       1
35                                                       1
36                                                       1
37                                                       1
38                                                       1
39                                                       1
40                                                       1
   &ATOMICCHARGES [&Type "ArrayOfDoubles", &Dim (41,1)] 
                                                         0

0                                      1.7675410646450661e-05
1                                      6.7185410583515655e-04
2                                      3.6553466964492371e-03
3                                      4.0585695579807416e-04
4                                      1.9922450852751685e-06
5                                      2.2347815664689355e-03
6                                      1.6398054825640684e-04
7                                      4.1400903118045132e-06
8                                      5.3692976382283049e-05
9                                      3.3283591557691042e-04
10                                     2.0817886259592803e-04
11                                     5.3274005241086900e-02
12                                     2.5202035133787534e-04
13                                     3.8008367120259706e-01
14                                     6.7460551807001487e-02
15                                     2.1974336294925032e-03
16                                     4.3336191472886165e-01
17                                     5.0054336529381072e-02
18                                     4.6680224722011133e-03
19                                     1.7175719722084771e-06
20                                     7.2905773666922523e-08
21                                     1.6000463330032339e-07
22                                     6.2426809705504644e-06
23                                     6.0333996939810638e-07
24                                     6.1835944147555270e-07
25                                     1.5022676593494918e-06
26                                     6.2084565176362273e-06
27                                     2.9245912329442595e-06
28                                     1.7259686395861948e-07
29                                     1.7291550232778413e-06
30                                     9.1391722198103681e-06
31                                     4.4289388901584421e-04
32                                     1.0194480219285651e-04
33                                     1.2873338881175587e-04
34                                     6.3285732079375653e-06
35                                     8.6573418887755862e-06
36                                     8.9458764510914261e-05
37                                     1.2245782608765189e-05
38                                     6.6848055849168342e-05
39                                     3.7147416051365428e-06
40                                     5.7922226649431020e-06
$End
$Mayer_Population_Analysis
   &GeometryIndex 1
   &ListStatus       OUT
   &NATOMS [&Type "Integer"] 41 "Total number of atoms"
   &BONDTHRESH [&Type "Double"]       1.0000000000000001e-01  "The threshold for printing"
   &NBONDORDERSPRINT [&Type "Integer"] 44 "The number of bond orders larger than threshold"
   &BONDORDERS [&Type "ArrayOfDoubles", &Dim (44,1)] "The bond orders"
                                                         0

0                                      1.1676775490360400e+00
1                                      9.3474327903392618e-01
2                                      9.3095568901724812e-01
3                                      9.4347938789411656e-01
4                                      9.0703420313057748e-01
5                                      9.3292903456054144e-01
6                                      9.2585550168522623e-01
7                                      1.0879961170332062e+00
8                                      1.6430597347626046e+00
9                                      1.1421693113302565e+00
10                                     9.3101943142105881e-01
11                                     1.1267879896000493e-01
12                                     1.1793380180885329e-01
13                                     9.0058253764793716e-01
14                                     1.1663442296885527e+00
15                                     9.2319253950542279e-01
16                                     9.3443525452433807e-01
17                                     9.3165486580545098e-01
18                                     9.3355722670217522e-01
19                                     9.3558811189377156e-01
20                                     1.0040942120706087e+00
21                                     9.9687288777659955e-01
22                                     8.5371600043254547e-01
23                                     8.5084254903736833e-01
24                                     9.4421638038868561e-01
25                                     1.1044104688946947e-01
26                                     1.6453895575578383e+00
27                                     1.0896923140960482e+00
28                                     1.1394330123715779e+00
29                                     1.1147128484797972e-01
30                                     9.1125694028634607e-01
31                                     1.1668562908517139e+00
32                                     9.3330473118577795e-01
33                                     9.2699846876192860e-01
34                                     9.3478206058129343e-01
35                                     9.3171056773259975e-01
36                                     9.4327503234018351e-01
37                                     8.8548190337850485e-01
38                                     1.1690243673013803e+00
39                                     9.0711061204456245e-01
40                                     9.3123328626773927e-01
41                                     9.3999883258585304e-01
42                                     9.4612795976100139e-01
43                                     9.3355222306726926e-01
   &COMPONENTS [&Type "ArrayOfIntegers", &Dim (44,4)] "The indices and atomic numbers of the bonding atoms"
                                                         0                           1                           2                           3

0                                                        0                           6                           1                           6
1                                                        0                           6                          19                           1
2                                                        0                           6                          20                           1
3                                                        0                           6                          21                           1
4                                                        1                           6                           2                           8
5                                                        1                           6                          22                           1
6                                                        1                           6                          23                           1
7                                                        2                           8                           3                          15
8                                                        3                          15                           4                          16
9                                                        3                          15                           5                           8
10                                                       3                          15                           8                          16
11                                                       4                          16                           8                          16
12                                                       4                          16                          30                           1
13                                                       5                           8                           6                           6
14                                                       6                           6                           7                           6
15                                                       6                           6                          24                           1
16                                                       6                           6                          25                           1
17                                                       7                           6                          26                           1
18                                                       7                           6                          27                           1
19                                                       7                           6                          28                           1
20                                                       8                          16                           9                           6
21                                                       9                           6                          10                          16
22                                                       9                           6                          29                           1
23                                                       9                           6                          30                           1
24                                                      10                          16                          11                          15
25                                                      10                          16                          12                          16
26                                                      11                          15                          12                          16
27                                                      11                          15                          13                           8
28                                                      11                          15                          16                           8
29                                                      12                          16                          29                           1
30                                                      13                           8                          14                           6
31                                                      14                           6                          15                           6
32                                                      14                           6                          31                           1
33                                                      14                           6                          32                           1
34                                                      15                           6                          33                           1
35                                                      15                           6                          34                           1
36                                                      15                           6                          35                           1
37                                                      16                           8                          17                           6
38                                                      17                           6                          18                           6
39                                                      17                           6                          36                           1
40                                                      17                           6                          37                           1
41                                                      18                           6                          38                           1
42                                                      18                           6                          39                           1
43                                                      18                           6                          40                           1
   &ATNO [&Type "ArrayOfIntegers", &Dim (41,1)] "Atomic number of the elements"
                                                         0

0                                                        6
1                                                        6
2                                                        8
3                                                       15
4                                                       16
5                                                        8
6                                                        6
7                                                        6
8                                                       16
9                                                        6
10                                                      16
11                                                      15
12                                                      16
13                                                       8
14                                                       6
15                                                       6
16                                                       8
17                                                       6
18                                                       6
19                                                       1
20                                                       1
21                                                       1
22                                                       1
23                                                       1
24                                                       1
25                                                       1
26                                                       1
27                                                       1
28                                                       1
29                                                       1
30                                                       1
31                                                       1
32                                                       1
33                                                       1
34                                                       1
35                                                       1
36                                                       1
37                                                       1
38                                                       1
39                                                       1
40                                                       1
   &NA [&Type "ArrayOfDoubles", &Dim (41,1)] "Mulliken gross atomic population"
                                                         0

0                                      6.3096863666061589e+00
1                                      6.0146222437761763e+00
2                                      8.3840317058914913e+00
3                                      1.4391473451179516e+01
4                                      1.6303353325664471e+01
5                                      8.3526759324652122e+00
6                                      5.9967242870517818e+00
7                                      6.3454134287016020e+00
8                                      1.6117700985969353e+01
9                                      6.3515228816400153e+00
10                                     1.6107184681239332e+01
11                                     1.4416020239204082e+01
12                                     1.6298608189487965e+01
13                                     8.3829091310796500e+00
14                                     6.0126138749727582e+00
15                                     6.3112448131257839e+00
16                                     8.3551883446059030e+00
17                                     6.0177812305614822e+00
18                                     6.2933680217731842e+00
19                                     8.8629949258876994e-01
20                                     8.6877304954997958e-01
21                                     8.7174686699216730e-01
22                                     8.8941003938325602e-01
23                                     8.8421150921096958e-01
24                                     8.9116699331111771e-01
25                                     8.8887814041721913e-01
26                                     8.6168882341750774e-01
27                                     8.6714260460360215e-01
28                                     8.9073605178699466e-01
29                                     8.0775900846162263e-01
30                                     8.0486684662298491e-01
31                                     8.8986578848274134e-01
32                                     8.8585515486142896e-01
33                                     8.8704790374035658e-01
34                                     8.6890321710781870e-01
35                                     8.7182018135011674e-01
36                                     8.9125147982165454e-01
37                                     8.9128426867699062e-01
38                                     8.9349228986653861e-01
39                                     8.7806429926068641e-01
40                                     8.6761285548942813e-01
   &ZA [&Type "ArrayOfDoubles", &Dim (41,1)] "Total nuclear charge"
                                                         0

0                                      6.0000000000000000e+00
1                                      6.0000000000000000e+00
2                                      8.0000000000000000e+00
3                                      1.5000000000000000e+01
4                                      1.6000000000000000e+01
5                                      8.0000000000000000e+00
6                                      6.0000000000000000e+00
7                                      6.0000000000000000e+00
8                                      1.6000000000000000e+01
9                                      6.0000000000000000e+00
10                                     1.6000000000000000e+01
11                                     1.5000000000000000e+01
12                                     1.6000000000000000e+01
13                                     8.0000000000000000e+00
14                                     6.0000000000000000e+00
15                                     6.0000000000000000e+00
16                                     8.0000000000000000e+00
17                                     6.0000000000000000e+00
18                                     6.0000000000000000e+00
19                                     1.0000000000000000e+00
20                                     1.0000000000000000e+00
21                                     1.0000000000000000e+00
22                                     1.0000000000000000e+00
23                                     1.0000000000000000e+00
24                                     1.0000000000000000e+00
25                                     1.0000000000000000e+00
26                                     1.0000000000000000e+00
27                                     1.0000000000000000e+00
28                                     1.0000000000000000e+00
29                                     1.0000000000000000e+00
30                                     1.0000000000000000e+00
31                                     1.0000000000000000e+00
32                                     1.0000000000000000e+00
33                                     1.0000000000000000e+00
34                                     1.0000000000000000e+00
35                                     1.0000000000000000e+00
36                                     1.0000000000000000e+00
37                                     1.0000000000000000e+00
38                                     1.0000000000000000e+00
39                                     1.0000000000000000e+00
40                                     1.0000000000000000e+00
   &QA [&Type "ArrayOfDoubles", &Dim (41,1)] "Mulliken gross atomic charge"
                                                         0

0                                     -3.0968636660615889e-01
1                                     -1.4622243776176269e-02
2                                     -3.8403170589149127e-01
3                                      6.0852654882048363e-01
4                                     -3.0335332566447093e-01
5                                     -3.5267593246521223e-01
6                                      3.2757129482181568e-03
7                                     -3.4541342870160197e-01
8                                     -1.1770098596935341e-01
9                                     -3.5152288164001533e-01
10                                    -1.0718468123933178e-01
11                                     5.8397976079591807e-01
12                                    -2.9860818948796464e-01
13                                    -3.8290913107964997e-01
14                                    -1.2613874972758232e-02
15                                    -3.1124481312578389e-01
16                                    -3.5518834460590298e-01
17                                    -1.7781230561482175e-02
18                                    -2.9336802177318422e-01
19                                     1.1370050741123006e-01
20                                     1.3122695045002042e-01
21                                     1.2825313300783270e-01
22                                     1.1058996061674398e-01
23                                     1.1578849078903042e-01
24                                     1.0883300668888229e-01
25                                     1.1112185958278087e-01
26                                     1.3831117658249226e-01
27                                     1.3285739539639785e-01
28                                     1.0926394821300534e-01
29                                     1.9224099153837737e-01
30                                     1.9513315337701509e-01
31                                     1.1013421151725866e-01
32                                     1.1414484513857104e-01
33                                     1.1295209625964342e-01
34                                     1.3109678289218130e-01
35                                     1.2817981864988326e-01
36                                     1.0874852017834546e-01
37                                     1.0871573132300938e-01
38                                     1.0650771013346139e-01
39                                     1.2193570073931359e-01
40                                     1.3238714451057187e-01
   &VA [&Type "ArrayOfDoubles", &Dim (41,1)] "Mayer's total valence"
                                                         0

0                                      3.9881878132576403e+00
1                                      4.0145224458355271e+00
2                                      2.1778521539027160e+00
3                                      4.9474386300792110e+00
4                                      2.0397322974777774e+00
5                                      2.1792164642839928e+00
6                                      4.0139835035815050e+00
7                                      3.9980213063287460e+00
8                                      2.2925360818782323e+00
9                                      3.7379639893635552e+00
10                                     2.2864703776346271e+00
11                                     4.9762472418116532e+00
12                                     2.0339934198382092e+00
13                                     2.1704834537750117e+00
14                                     4.0178246348107418e+00
15                                     3.9888616483256416e+00
16                                     2.1597260822555500e+00
17                                     3.9963549221769084e+00
18                                     3.9967033855182890e+00
19                                     9.5277333525006647e-01
20                                     9.8812019084062230e-01
21                                     9.6417090555098039e-01
22                                     9.4709939803766829e-01
23                                     9.4972556463586699e-01
24                                     9.6727015623393509e-01
25                                     9.4866991045179772e-01
26                                     9.6794544053025322e-01
27                                     9.7271459148629380e-01
28                                     9.5250214610845152e-01
29                                     1.0015331176606761e+00
30                                     1.0011514113025102e+00
31                                     9.4743757551439589e-01
32                                     9.4891558754176264e-01
33                                     9.5278549664987244e-01
34                                     9.8576623306181776e-01
35                                     9.6478050300266138e-01
36                                     9.7848512190372727e-01
37                                     9.5074828789836019e-01
38                                     9.5442734218746983e-01
39                                     9.5586717644221197e-01
40                                     9.7668285900104479e-01
   &BVA [&Type "ArrayOfDoubles", &Dim (41,1)] "Mayer's bonded valence"
                                                         0

0                                      3.9881878132576856e+00
1                                      4.0145224458355688e+00
2                                      2.1778521539026814e+00
3                                      4.9474386300792315e+00
4                                      2.0397322974779231e+00
5                                      2.1792164642839440e+00
6                                      4.0139835035814686e+00
7                                      3.9980213063287766e+00
8                                      2.2925360818782692e+00
9                                      3.7379639893635552e+00
10                                     2.2864703776345374e+00
11                                     4.9762472418117447e+00
12                                     2.0339934198380889e+00
13                                     2.1704834537750832e+00
14                                     4.0178246348107667e+00
15                                     3.9888616483256754e+00
16                                     2.1597260822555211e+00
17                                     3.9963549221769514e+00
18                                     3.9967033855182708e+00
19                                     9.5277333525006347e-01
20                                     9.8812019084061264e-01
21                                     9.6417090555097962e-01
22                                     9.4709939803767351e-01
23                                     9.4972556463587432e-01
24                                     9.6727015623393475e-01
25                                     9.4866991045179594e-01
26                                     9.6794544053024667e-01
27                                     9.7271459148629635e-01
28                                     9.5250214610844874e-01
29                                     1.0015331176606743e+00
30                                     1.0011514113025048e+00
31                                     9.4743757551439711e-01
32                                     9.4891558754176530e-01
33                                     9.5278549664987755e-01
34                                     9.8576623306181943e-01
35                                     9.6478050300266183e-01
36                                     9.7848512190372727e-01
37                                     9.5074828789836152e-01
38                                     9.5442734218747616e-01
39                                     9.5586717644220820e-01
40                                     9.7668285900104912e-01
   &FA [&Type "ArrayOfDoubles", &Dim (41,1)] "Mayer's free valence"
                                                         0

0                                      0.0000000000000000e+00
1                                      0.0000000000000000e+00
2                                      0.0000000000000000e+00
3                                      0.0000000000000000e+00
4                                      0.0000000000000000e+00
5                                      0.0000000000000000e+00
6                                      0.0000000000000000e+00
7                                      0.0000000000000000e+00
8                                      0.0000000000000000e+00
9                                      0.0000000000000000e+00
10                                     0.0000000000000000e+00
11                                     0.0000000000000000e+00
12                                     0.0000000000000000e+00
13                                     0.0000000000000000e+00
14                                     0.0000000000000000e+00
15                                     0.0000000000000000e+00
16                                     0.0000000000000000e+00
17                                     0.0000000000000000e+00
18                                     0.0000000000000000e+00
19                                     0.0000000000000000e+00
20                                     0.0000000000000000e+00
21                                     0.0000000000000000e+00
22                                     0.0000000000000000e+00
23                                     0.0000000000000000e+00
24                                     0.0000000000000000e+00
25                                     0.0000000000000000e+00
26                                     0.0000000000000000e+00
27                                     0.0000000000000000e+00
28                                     0.0000000000000000e+00
29                                     0.0000000000000000e+00
30                                     0.0000000000000000e+00
31                                     0.0000000000000000e+00
32                                     0.0000000000000000e+00
33                                     0.0000000000000000e+00
34                                     0.0000000000000000e+00
35                                     0.0000000000000000e+00
36                                     0.0000000000000000e+00
37                                     0.0000000000000000e+00
38                                     0.0000000000000000e+00
39                                     0.0000000000000000e+00
40                                     0.0000000000000000e+00
$End
$VdW_Correction
   &GeometryIndex 1
   &ListStatus       OUT
   &VDW [&Type "Double"]      -6.3917574835403765e-02
$End
$Calculation_Info
   &GeometryIndex 1
   &ListStatus       OUT
   &MULT [&Type "Integer"] 1
   &CHARGE [&Type "Integer"] 0
   &NUMOFATOMS [&Type "Integer"] 41
   &NUMOFELECTRONS [&Type "Integer"] 202
   &NUMOFFCELECTRONS [&Type "Integer"] 1
   &NUMOFCORRELECTRONS [&Type "Integer"] 0
   &NUMOFBASISFUNCTS [&Type "Integer"] 334
   &NUMOFAUXCBASISFUNCTS [&Type "Integer"] 0
   &NUMOFAUXJBASISFUNCTS [&Type "Integer"] 1185
   &NUMOFAUXJKBASISFUNCTS [&Type "Integer"] 0
   &NUMOFCABSBASISFUNCTS [&Type "Integer"] 0
   &TOTALENERGY [&Type "Double"]      -2.9295114365372392e+03  "Hartrees"
$End
$SCF_Dipole_Moment
   &GeometryIndex 1
   &ListStatus       OUT
   &METHOD [&Type "String"] "SCF"
   &LEVEL [&Type "String"] "Relaxed density"
   &MULT [&Type "Integer"] 1
   &STATE [&Type "Integer"] -1
   &IRREP [&Type "Integer"] 0
   &NATOMS [&Type "Integer"] 41
   &DODIPOLEATOM [&Type "Boolean"] false
   &DIPOLEELECCONTRIB [&Type "ArrayOfDoubles", &Dim (3,1)] "Electronic contribution"
                                                         0

0                                      9.8692877750524122e-01
1                                      1.2514587661814653e+01
2                                     -7.8441542681875491e+00
   &DIPOLENUCCONTRIB [&Type "ArrayOfDoubles", &Dim (3,1)] "Nuclear contribution"
                                                         0

0                                     -9.5925365133189522e-01
1                                     -1.4304104769494495e+01
2                                      9.4531164945120540e+00
   &DIPOLETOTAL [&Type "ArrayOfDoubles", &Dim (3,1)] "Total"
                                                         0

0                                      2.7675126173345999e-02
1                                     -1.7895171076798420e+00
2                                      1.6089622263245049e+00
   &DIPOLEMAGNITUDE [&Type "Double", &Units "a.u."]       2.4066360001102463e+00
$End
