*************************************************
******************* ORCA 6.0.0 ******************
*************************************************
$Calculation_Status
   &GeometryIndex 1
   &ListStatus       OUT
   &VERSION [&Type "String"] "6.0.0"
   &PROGNAME [&Type "String"] "LeanSCF"
   &STATUS [&Type "String"] "NORMAL TERMINATION"
$End
$Geometry
   &GeometryIndex 1
   &ListStatus       OUT
   &NATOMS [&Type "Integer"] 41
   &NCORELESSECP [&Type "Integer"] 0
   &NGHOSTATOMS [&Type "Integer"] 0
   &CartesianCoordinates [&Type "Coordinates", &Dim(41,4), &Units "Bohr"] 
              C      7.324618047803   -1.970901740554   -4.692878981462
              C      7.994035433782    0.215664192656   -2.967857723966
              O      6.930387094300   -0.064253883135   -0.488906898752
              P      3.971597592708    0.098879006275    0.070216957415
              S      2.266493213404    2.699620873675   -1.953352682593
              O      4.016839633038    0.349212992929    3.040675322864
              C      4.046672618005    2.741718428239    4.341066861477
              C      6.409363536831    4.253896924684    3.779187481495
              S      2.680346677735   -3.670554399990   -0.230350981463
              C      0.277696945740   -3.326581664874   -2.684671325441
              S     -2.917012883187   -4.019641534890   -1.643923003968
              P     -3.917709887884   -0.505908867958   -0.027198950322
              S     -2.007275922960    0.490819465249    3.005035394114
              O     -6.868456908937   -0.785861466400    0.426532308950
              C     -7.923044123667   -1.777948637513    2.735759567860
              C     -8.970467533834    0.356394425425    4.335260554153
              O     -3.802185772255    1.206731443048   -2.468010807373
              C     -5.179855165731    3.538474347403   -2.813435314198
              C     -4.450368323431    5.525520116963   -0.890191657561
              H      7.776582608348   -3.757803670321   -3.785868569313
              H      5.312640365845   -1.933931003166   -5.126455033116
              H      8.384034170808   -1.803936313067   -6.440971151705
              H      7.324399437103    2.002688123331   -3.768434568462
              H     10.024189692790    0.317932532167   -2.625295197733
              H      2.342622590233    3.788208882881    3.810057086882
              H      3.921638376049    2.210018205351    6.328857826018
              H      8.080306568827    3.128186060239    4.179045757856
              H      6.435533706261    4.806375461201    1.795663836416
              H      6.422664225881    5.943246298539    4.942611299535
              H      0.683355339437   -4.716420036717   -4.140220779800
              H      0.340299395884   -1.400722940206   -3.427571975798
              H     -9.405436646429   -3.078590468463    2.134018377375
              H     -6.464296191042   -2.815383656424    3.766704229200
              H     -9.886048585135   -0.429218446935    5.993319590027
              H     -7.442770303454    1.593582213053    4.938774035631
              H    -10.333724963642    1.448569431330    3.257017654326
              H     -4.660132091520    4.114883113722   -4.723892432047
              H     -7.196338170787    3.110318651454   -2.719783804037
              H     -5.423862058271    7.280147953984   -1.313418170886
              H     -4.963520158848    4.903915984471    1.003702299285
              H     -2.418981035129    5.843159803374   -0.946521892183
$End
$SCF_Energy
   &GeometryIndex 1
   &ListStatus       OUT
   &SCF_ENERGY [&Type "Double"]      -2.9296323757111436e+03
$End
$DFT_Energy
   &GeometryIndex 1
   &ListStatus       OUT
   &NALPHAEL [&Type "Integer"] 100
   &NBETAEL [&Type "Integer"] 100
   &NTOTALEL [&Type "Integer"] 201
   &EEXCHANGE [&Type "Double"]      -2.3180613475473740e+02
   &ECORR [&Type "Double"]      -7.2959075770302722e+00
   &ECNL [&Type "Double"]       0.0000000000000000e+00
   &EXC [&Type "Double"]      -2.3910204233176768e+02
   &EEMBED [&Type "Double"]       0.0000000000000000e+00
   &FINALEN [&Type "Double"]      -2.9296323757111436e+03  "No Van der Waals correction"
$End
$Mulliken_Population_Analysis
   &GeometryIndex 1
   &ListStatus       OUT
   &NATOMS [&Type "Integer"] 41
   &ATNO [&Type "ArrayOfIntegers", &Dim (41,1)] 
                                                         0

0                                                        6
1                                                        6
2                                                        8
3                                                       15
4                                                       16
5                                                        8
6                                                        6
7                                                        6
8                                                       16
9                                                        6
10                                                      16
11                                                      15
12                                                      16
13                                                       8
14                                                       6
15                                                       6
16                                                       8
17                                                       6
18                                                       6
19                                                       1
20                                                       1
21                                                       1
22                                                       1
23                                                       1
24                                                       1
25                                                       1
26                                                       1
27                                                       1
28                                                       1
29                                                       1
30                                                       1
31                                                       1
32                                                       1
33                                                       1
34                                                       1
35                                                       1
36                                                       1
37                                                       1
38                                                       1
39                                                       1
40                                                       1
   &ATOMICCHARGES [&Type "ArrayOfDoubles", &Dim (41,1)] 
                                                         0

0                                     -3.1593833484445977e-01
1                                      3.0278649385273582e-04
2                                     -3.7199260226860531e-01
3                                      6.1997073328052466e-01
4                                     -3.2906236409885992e-01
5                                     -3.6300885017055684e-01
6                                     -1.3089411682294383e-03
7                                     -3.0579995182822017e-01
8                                     -6.7674080486543886e-02
9                                     -3.7888394887814592e-01
10                                    -8.6758481356639550e-02
11                                     6.3058200005204057e-01
12                                    -3.2033533631491196e-01
13                                    -3.8487028259611478e-01
14                                    -5.6918171243847127e-03
15                                    -2.9583900448414369e-01
16                                    -3.6895336422396063e-01
17                                     4.3836815599203049e-03
18                                    -3.2661784209329525e-01
19                                     1.2075493855813391e-01
20                                     1.1948201053909213e-01
21                                     1.1045706916664844e-01
22                                     1.0568638808080233e-01
23                                     1.0269874402456425e-01
24                                     1.1901201059253830e-01
25                                     1.0555060236763703e-01
26                                     1.1625457722393651e-01
27                                     1.2200219833368675e-01
28                                     1.0922154347242818e-01
29                                     1.8374249471443804e-01
30                                     2.0659974282179250e-01
31                                     1.0656341808881065e-01
32                                     1.0814279536914650e-01
33                                     1.0987109593265232e-01
34                                     1.2804379257136533e-01
35                                     1.1093897421526799e-01
36                                     1.0681358429290977e-01
37                                     1.0610646281758562e-01
38                                     1.0530917971969556e-01
39                                     1.2655286922809039e-01
40                                     1.3769150841947120e-01
$End
$Loewdin_Population_Analysis
   &GeometryIndex 1
   &ListStatus       OUT
   &NATOMS [&Type "Integer"] 41
   &ATNO [&Type "ArrayOfIntegers", &Dim (41,1)] 
                                                         0

0                                                        6
1                                                        6
2                                                        8
3                                                       15
4                                                       16
5                                                        8
6                                                        6
7                                                        6
8                                                       16
9                                                        6
10                                                      16
11                                                      15
12                                                      16
13                                                       8
14                                                       6
15                                                       6
16                                                       8
17                                                       6
18                                                       6
19                                                       1
20                                                       1
21                                                       1
22                                                       1
23                                                       1
24                                                       1
25                                                       1
26                                                       1
27                                                       1
28                                                       1
29                                                       1
30                                                       1
31                                                       1
32                                                       1
33                                                       1
34                                                       1
35                                                       1
36                                                       1
37                                                       1
38                                                       1
39                                                       1
40                                                       1
   &ATOMICCHARGES [&Type "ArrayOfDoubles", &Dim (41,1)] 
                                                         0

0                                      2.0046806832242497e-03
1                                      8.1592061535300270e-02
2                                      4.3031089327126659e-01
3                                      3.6282437813074497e-02
4                                      9.0191636375556029e-05
5                                      2.2008968678941493e-01
6                                      2.0562528494191368e-02
7                                      9.9271160882922192e-04
8                                      1.3621495012578955e-04
9                                      5.6354431711262363e-05
10                                     2.4271626301273398e-05
11                                     1.1997220333519895e-02
12                                     8.5720216484766812e-05
13                                     1.1254047066605892e-01
14                                     1.9112016316579737e-02
15                                     4.1822837174804877e-04
16                                     5.8235133757521804e-02
17                                     3.9543414080557308e-03
18                                     9.8648482106037351e-05
19                                     3.9132388842270829e-06
20                                     7.2343241122636430e-06
21                                     1.2171218760791206e-04
22                                     1.4048454560225781e-04
23                                     5.1581014802471348e-04
24                                     2.5442399146007826e-05
25                                     1.6046324144268199e-04
26                                     3.5268690841412602e-05
27                                     5.0342629799508863e-05
28                                     1.0258247282321190e-04
29                                     3.6081988325202989e-06
30                                     8.7483294154881140e-06
31                                     7.7581649585315958e-05
32                                     7.7991836526944048e-05
33                                     1.7025300102643301e-05
34                                     2.4843196831508879e-07
35                                     6.8383504011342689e-07
36                                     3.7467184221294353e-05
37                                     5.5045409780381306e-06
38                                     1.1960214114537229e-05
39                                     2.4314193750391463e-06
40                                     9.6827896661631676e-06
$End
$Mayer_Population_Analysis
   &GeometryIndex 1
   &ListStatus       OUT
   &NATOMS [&Type "Integer"] 41 "Total number of atoms"
   &BONDTHRESH [&Type "Double"]       1.0000000000000001e-01  "The threshold for printing"
   &NBONDORDERSPRINT [&Type "Integer"] 42 "The number of bond orders larger than threshold"
   &BONDORDERS [&Type "ArrayOfDoubles", &Dim (42,1)] "The bond orders"
                                                         0

0                                      1.1636889288879988e+00
1                                      9.4260025341272224e-01
2                                      9.3927046525010460e-01
3                                      9.3808869928084515e-01
4                                      9.2491458929586745e-01
5                                      9.1387022404900620e-01
6                                      9.3408343343933498e-01
7                                      1.0869475083550104e+00
8                                      1.5719569085440595e+00
9                                      1.1475382785577819e+00
10                                     9.6093644229799324e-01
11                                     1.1634450488457507e-01
12                                     9.0247376923244160e-01
13                                     1.1632355463210542e+00
14                                     9.1658313017455595e-01
15                                     9.3611849574248907e-01
16                                     9.4469526064921971e-01
17                                     9.3560778428142199e-01
18                                     9.3816564199756136e-01
19                                     1.0017625360774021e+00
20                                     1.0009260687092749e+00
21                                     9.1014081704585059e-01
22                                     8.5126419020348443e-01
23                                     9.6564253886594087e-01
24                                     1.1672748166313597e-01
25                                     1.6270470831783459e+00
26                                     1.0880590534923116e+00
27                                     1.1195371155794225e+00
28                                     8.9862409279080513e-01
29                                     1.1682502318626695e+00
30                                     9.3395832277502311e-01
31                                     9.1030984407032278e-01
32                                     9.3987783852394147e-01
33                                     9.3616799829691733e-01
34                                     9.4857082729298980e-01
35                                     9.0310254933475798e-01
36                                     1.1673745431823708e+00
37                                     9.3505315360247188e-01
38                                     9.3067212741685490e-01
39                                     9.3509479578774701e-01
40                                     9.3386689891351327e-01
41                                     9.3706717373952597e-01
   &COMPONENTS [&Type "ArrayOfIntegers", &Dim (42,4)] "The indices and atomic numbers of the bonding atoms"
                                                         0                           1                           2                           3

0                                                        0                           6                           1                           6
1                                                        0                           6                          19                           1
2                                                        0                           6                          20                           1
3                                                        0                           6                          21                           1
4                                                        1                           6                           2                           8
5                                                        1                           6                          22                           1
6                                                        1                           6                          23                           1
7                                                        2                           8                           3                          15
8                                                        3                          15                           4                          16
9                                                        3                          15                           5                           8
10                                                       3                          15                           8                          16
11                                                       4                          16                           8                          16
12                                                       5                           8                           6                           6
13                                                       6                           6                           7                           6
14                                                       6                           6                          24                           1
15                                                       6                           6                          25                           1
16                                                       7                           6                          26                           1
17                                                       7                           6                          27                           1
18                                                       7                           6                          28                           1
19                                                       8                          16                           9                           6
20                                                       9                           6                          10                          16
21                                                       9                           6                          29                           1
22                                                       9                           6                          30                           1
23                                                      10                          16                          11                          15
24                                                      10                          16                          12                          16
25                                                      11                          15                          12                          16
26                                                      11                          15                          13                           8
27                                                      11                          15                          16                           8
28                                                      13                           8                          14                           6
29                                                      14                           6                          15                           6
30                                                      14                           6                          31                           1
31                                                      14                           6                          32                           1
32                                                      15                           6                          33                           1
33                                                      15                           6                          34                           1
34                                                      15                           6                          35                           1
35                                                      16                           8                          17                           6
36                                                      17                           6                          18                           6
37                                                      17                           6                          36                           1
38                                                      17                           6                          37                           1
39                                                      18                           6                          38                           1
40                                                      18                           6                          39                           1
41                                                      18                           6                          40                           1
   &ATNO [&Type "ArrayOfIntegers", &Dim (41,1)] "Atomic number of the elements"
                                                         0

0                                                        6
1                                                        6
2                                                        8
3                                                       15
4                                                       16
5                                                        8
6                                                        6
7                                                        6
8                                                       16
9                                                        6
10                                                      16
11                                                      15
12                                                      16
13                                                       8
14                                                       6
15                                                       6
16                                                       8
17                                                       6
18                                                       6
19                                                       1
20                                                       1
21                                                       1
22                                                       1
23                                                       1
24                                                       1
25                                                       1
26                                                       1
27                                                       1
28                                                       1
29                                                       1
30                                                       1
31                                                       1
32                                                       1
33                                                       1
34                                                       1
35                                                       1
36                                                       1
37                                                       1
38                                                       1
39                                                       1
40                                                       1
   &NA [&Type "ArrayOfDoubles", &Dim (41,1)] "Mulliken gross atomic population"
                                                         0

0                                      6.3159383348444775e+00
1                                      5.9996972135061579e+00
2                                      8.3719926022685840e+00
3                                      1.4380029266719434e+01
4                                      1.6329062364098874e+01
5                                      8.3630088501705657e+00
6                                      6.0013089411682490e+00
7                                      6.3057999518282308e+00
8                                      1.6067674080486537e+01
9                                      6.3788839488781530e+00
10                                     1.6086758481356554e+01
11                                     1.4369417999947935e+01
12                                     1.6320335336314940e+01
13                                     8.3848702825960970e+00
14                                     6.0056918171243954e+00
15                                     6.2958390044841561e+00
16                                     8.3689533642239571e+00
17                                     5.9956163184400886e+00
18                                     6.3266178420933059e+00
19                                     8.7924506144186576e-01
20                                     8.8051798946090909e-01
21                                     8.8954293083335212e-01
22                                     8.9431361191919811e-01
23                                     8.9730125597543664e-01
24                                     8.8098798940746170e-01
25                                     8.9444939763236275e-01
26                                     8.8374542277606416e-01
27                                     8.7799780166631347e-01
28                                     8.9077845652757237e-01
29                                     8.1625750528556196e-01
30                                     7.9340025717820728e-01
31                                     8.9343658191118935e-01
32                                     8.9185720463085394e-01
33                                     8.9012890406734790e-01
34                                     8.7195620742863345e-01
35                                     8.8906102578473134e-01
36                                     8.9318641570709034e-01
37                                     8.9389353718241438e-01
38                                     8.9469082028030333e-01
39                                     8.7344713077190850e-01
40                                     8.6230849158052814e-01
   &ZA [&Type "ArrayOfDoubles", &Dim (41,1)] "Total nuclear charge"
                                                         0

0                                      6.0000000000000000e+00
1                                      6.0000000000000000e+00
2                                      8.0000000000000000e+00
3                                      1.5000000000000000e+01
4                                      1.6000000000000000e+01
5                                      8.0000000000000000e+00
6                                      6.0000000000000000e+00
7                                      6.0000000000000000e+00
8                                      1.6000000000000000e+01
9                                      6.0000000000000000e+00
10                                     1.6000000000000000e+01
11                                     1.5000000000000000e+01
12                                     1.6000000000000000e+01
13                                     8.0000000000000000e+00
14                                     6.0000000000000000e+00
15                                     6.0000000000000000e+00
16                                     8.0000000000000000e+00
17                                     6.0000000000000000e+00
18                                     6.0000000000000000e+00
19                                     1.0000000000000000e+00
20                                     1.0000000000000000e+00
21                                     1.0000000000000000e+00
22                                     1.0000000000000000e+00
23                                     1.0000000000000000e+00
24                                     1.0000000000000000e+00
25                                     1.0000000000000000e+00
26                                     1.0000000000000000e+00
27                                     1.0000000000000000e+00
28                                     1.0000000000000000e+00
29                                     1.0000000000000000e+00
30                                     1.0000000000000000e+00
31                                     1.0000000000000000e+00
32                                     1.0000000000000000e+00
33                                     1.0000000000000000e+00
34                                     1.0000000000000000e+00
35                                     1.0000000000000000e+00
36                                     1.0000000000000000e+00
37                                     1.0000000000000000e+00
38                                     1.0000000000000000e+00
39                                     1.0000000000000000e+00
40                                     1.0000000000000000e+00
   &QA [&Type "ArrayOfDoubles", &Dim (41,1)] "Mulliken gross atomic charge"
                                                         0

0                                     -3.1593833484447753e-01
1                                      3.0278649384207768e-04
2                                     -3.7199260226858399e-01
3                                      6.1997073328056551e-01
4                                     -3.2906236409887413e-01
5                                     -3.6300885017056572e-01
6                                     -1.3089411682489782e-03
7                                     -3.0579995182823083e-01
8                                     -6.7674080486536781e-02
9                                     -3.7888394887815302e-01
10                                    -8.6758481356554285e-02
11                                     6.3058200005206544e-01
12                                    -3.2033533631494038e-01
13                                    -3.8487028259609701e-01
14                                    -5.6918171243953708e-03
15                                    -2.9583900448415612e-01
16                                    -3.6895336422395708e-01
17                                     4.3836815599114232e-03
18                                    -3.2661784209330591e-01
19                                     1.2075493855813424e-01
20                                     1.1948201053909091e-01
21                                     1.1045706916664788e-01
22                                     1.0568638808080189e-01
23                                     1.0269874402456336e-01
24                                     1.1901201059253830e-01
25                                     1.0555060236763725e-01
26                                     1.1625457722393584e-01
27                                     1.2200219833368653e-01
28                                     1.0922154347242763e-01
29                                     1.8374249471443804e-01
30                                     2.0659974282179272e-01
31                                     1.0656341808881065e-01
32                                     1.0814279536914606e-01
33                                     1.0987109593265210e-01
34                                     1.2804379257136655e-01
35                                     1.1093897421526866e-01
36                                     1.0681358429290966e-01
37                                     1.0610646281758562e-01
38                                     1.0530917971969667e-01
39                                     1.2655286922809150e-01
40                                     1.3769150841947186e-01
   &VA [&Type "ArrayOfDoubles", &Dim (41,1)] "Mayer's total valence"
                                                         0

0                                      3.9976958282845456e+00
1                                      4.0107331019075412e+00
2                                      2.1763930761538988e+00
3                                      4.9583198945332505e+00
4                                      2.0993155462292457e+00
5                                      2.1954676620272808e+00
6                                      3.9947979906438351e+00
7                                      3.9963249436822985e+00
8                                      2.2607548094890197e+00
9                                      3.8282973487932161e+00
10                                     2.2342231526847938e+00
11                                     4.9687402669420999e+00
12                                     2.0795354712185539e+00
13                                     2.1671918772263030e+00
14                                     3.9972353425248497e+00
15                                     3.9896623466862580e+00
16                                     2.1756045629563290e+00
17                                     4.0252897073853422e+00
18                                     3.9941696195476060e+00
19                                     9.6591715028955616e-01
20                                     9.7608061242705058e-01
21                                     9.5413157045274455e-01
22                                     9.8425619412342336e-01
23                                     9.4941282459947551e-01
24                                     9.7657814785157149e-01
25                                     9.5075331835122934e-01
26                                     9.6088256544586770e-01
27                                     9.8219060671626013e-01
28                                     9.5362558714769519e-01
29                                     9.2859239473204913e-01
30                                     9.8642753370263270e-01
31                                     9.4830107833552346e-01
32                                     9.8817220905665470e-01
33                                     9.5521320427180134e-01
34                                     9.8609128319011063e-01
35                                     9.5859605555058891e-01
36                                     9.4906491731301268e-01
37                                     9.5897419510538728e-01
38                                     9.5261540608859951e-01
39                                     9.8336213185473165e-01
40                                     9.7401367468627664e-01
   &BVA [&Type "ArrayOfDoubles", &Dim (41,1)] "Mayer's bonded valence"
                                                         0

0                                      3.9976958282845101e+00
1                                      4.0107331019075447e+00
2                                      2.1763930761539503e+00
3                                      4.9583198945333820e+00
4                                      2.0993155462292634e+00
5                                      2.1954676620272293e+00
6                                      3.9947979906438129e+00
7                                      3.9963249436822523e+00
8                                      2.2607548094890286e+00
9                                      3.8282973487931722e+00
10                                     2.2342231526850003e+00
11                                     4.9687402669421274e+00
12                                     2.0795354712185476e+00
13                                     2.1671918772263030e+00
14                                     3.9972353425248666e+00
15                                     3.9896623466862340e+00
16                                     2.1756045629563281e+00
17                                     4.0252897073853324e+00
18                                     3.9941696195475922e+00
19                                     9.6591715028956782e-01
20                                     9.7608061242704280e-01
21                                     9.5413157045274699e-01
22                                     9.8425619412343113e-01
23                                     9.4941282459947518e-01
24                                     9.7657814785157093e-01
25                                     9.5075331835123245e-01
26                                     9.6088256544587081e-01
27                                     9.8219060671626035e-01
28                                     9.5362558714769663e-01
29                                     9.2859239473204702e-01
30                                     9.8642753370261982e-01
31                                     9.4830107833553190e-01
32                                     9.8817220905665448e-01
33                                     9.5521320427180989e-01
34                                     9.8609128319010853e-01
35                                     9.5859605555058314e-01
36                                     9.4906491731301024e-01
37                                     9.5897419510538395e-01
38                                     9.5261540608860940e-01
39                                     9.8336213185472621e-01
40                                     9.7401367468628297e-01
   &FA [&Type "ArrayOfDoubles", &Dim (41,1)] "Mayer's free valence"
                                                         0

0                                      0.0000000000000000e+00
1                                      0.0000000000000000e+00
2                                      0.0000000000000000e+00
3                                      0.0000000000000000e+00
4                                      0.0000000000000000e+00
5                                      0.0000000000000000e+00
6                                      0.0000000000000000e+00
7                                      0.0000000000000000e+00
8                                      0.0000000000000000e+00
9                                      0.0000000000000000e+00
10                                     0.0000000000000000e+00
11                                     0.0000000000000000e+00
12                                     0.0000000000000000e+00
13                                     0.0000000000000000e+00
14                                     0.0000000000000000e+00
15                                     0.0000000000000000e+00
16                                     0.0000000000000000e+00
17                                     0.0000000000000000e+00
18                                     0.0000000000000000e+00
19                                     0.0000000000000000e+00
20                                     0.0000000000000000e+00
21                                     0.0000000000000000e+00
22                                     0.0000000000000000e+00
23                                     0.0000000000000000e+00
24                                     0.0000000000000000e+00
25                                     0.0000000000000000e+00
26                                     0.0000000000000000e+00
27                                     0.0000000000000000e+00
28                                     0.0000000000000000e+00
29                                     0.0000000000000000e+00
30                                     0.0000000000000000e+00
31                                     0.0000000000000000e+00
32                                     0.0000000000000000e+00
33                                     0.0000000000000000e+00
34                                     0.0000000000000000e+00
35                                     0.0000000000000000e+00
36                                     0.0000000000000000e+00
37                                     0.0000000000000000e+00
38                                     0.0000000000000000e+00
39                                     0.0000000000000000e+00
40                                     0.0000000000000000e+00
$End
$VdW_Correction
   &GeometryIndex 1
   &ListStatus       OUT
   &VDW [&Type "Double"]      -6.7642917162068800e-02
$End
$Calculation_Info
   &GeometryIndex 1
   &ListStatus       OUT
   &MULT [&Type "Integer"] 1
   &CHARGE [&Type "Integer"] 0
   &NUMOFATOMS [&Type "Integer"] 41
   &NUMOFELECTRONS [&Type "Integer"] 202
   &NUMOFFCELECTRONS [&Type "Integer"] 1
   &NUMOFCORRELECTRONS [&Type "Integer"] 0
   &NUMOFBASISFUNCTS [&Type "Integer"] 334
   &NUMOFAUXCBASISFUNCTS [&Type "Integer"] 0
   &NUMOFAUXJBASISFUNCTS [&Type "Integer"] 1185
   &NUMOFAUXJKBASISFUNCTS [&Type "Integer"] 0
   &NUMOFCABSBASISFUNCTS [&Type "Integer"] 0
   &TOTALENERGY [&Type "Double"]      -2.9295153366180057e+03  "Hartrees"
$End
$SCF_Dipole_Moment
   &GeometryIndex 1
   &ListStatus       OUT
   &METHOD [&Type "String"] "SCF"
   &LEVEL [&Type "String"] "Relaxed density"
   &MULT [&Type "Integer"] 1
   &STATE [&Type "Integer"] -1
   &IRREP [&Type "Integer"] 0
   &NATOMS [&Type "Integer"] 41
   &DODIPOLEATOM [&Type "Boolean"] false
   &DIPOLEELECCONTRIB [&Type "ArrayOfDoubles", &Dim (3,1)] "Electronic contribution"
                                                         0

0                                      3.0431902637943647e-01
1                                     -1.5044556314212992e+01
2                                     -1.8822383790630055e+00
   &DIPOLENUCCONTRIB [&Type "ArrayOfDoubles", &Dim (3,1)] "Nuclear contribution"
                                                         0

0                                     -5.9301822690047912e-01
1                                      1.5436334015637064e+01
2                                      1.5508416189264911e+00
   &DIPOLETOTAL [&Type "ArrayOfDoubles", &Dim (3,1)] "Total"
                                                         0

0                                     -2.8869920052104264e-01
1                                      3.9177770142407198e-01
2                                     -3.3139676013651442e-01
   &DIPOLEMAGNITUDE [&Type "Double", &Units "a.u."]       5.8877908280066893e-01
$End
