*************************************************
******************* ORCA 6.0.0 ******************
*************************************************
$Calculation_Status
   &GeometryIndex 1
   &ListStatus       OUT
   &VERSION [&Type "String"] "6.0.0"
   &PROGNAME [&Type "String"] "LeanSCF"
   &STATUS [&Type "String"] "NORMAL TERMINATION"
$End
$Geometry
   &GeometryIndex 1
   &ListStatus       OUT
   &NATOMS [&Type "Integer"] 41
   &NCORELESSECP [&Type "Integer"] 0
   &NGHOSTATOMS [&Type "Integer"] 0
   &CartesianCoordinates [&Type "Coordinates", &Dim(41,4), &Units "Bohr"] 
              C      9.454604979252   -0.986317817951   -4.965781680662
              C      6.654163485635   -1.565205125067   -4.778585005623
              O      5.958795488056   -1.652970932006   -2.153444199271
              P      3.442836030964   -0.450501092566   -1.008365358769
              S      2.510204542761    2.654278359252   -2.822497600564
              O      4.142541913402   -0.237806319936    1.886416780320
              C      5.586107254310    1.879134883935    2.835602192544
              C      5.247050841664    1.971984418135    5.674167511005
              S      1.087884402371   -3.676703140051   -0.894504993933
              C     -0.548094313872   -3.513762779152    2.142315648744
              S     -3.902628346437   -2.941189846781    1.855224945447
              P     -3.612273930393    0.941459760333    0.876329132144
              S     -1.166787040741    2.875153596255    2.853725287133
              O     -6.440644751782    1.942192862391    0.980275017449
              C     -7.606984580519    2.871404881895    3.257459226254
              C     -7.938666042129    0.823943637899    5.229830153288
              O     -3.070793982266    0.960024751504   -2.051851327248
              C     -4.801842298468   -0.138812938365   -3.877939808845
              C     -3.263576530909   -1.226103165109   -6.032075777327
              H     10.019246320212   -1.036404154030   -6.936193148022
              H      9.843134946483    0.879647757687   -4.199989228448
              H     10.530742748922   -2.380233505419   -3.911153616855
              H      6.209687765761   -3.410334257021   -5.590444811302
              H      5.526723992886   -0.104058774332   -5.716503168604
              H      7.559310058441    1.581427199385    2.306663427590
              H      4.888214628347    3.606881230074    1.933531713671
              H      5.822424447943    0.187486878580    6.508843394380
              H      6.398060923252    3.488458439150    6.434699593807
              H      3.275234873527    2.330809945240    6.128480282094
              H      0.308738005601   -2.032229880147    3.286633353669
              H     -0.345590357883   -5.360108177206    3.017149921345
              H     -6.448260731905    4.416518826478    3.996682980347
              H     -9.419927416024    3.605135353483    2.605430000149
              H     -8.889584187143   -0.805967526209    4.417995710757
              H     -6.104540466657    0.233763950449    5.950857992763
              H     -9.055864674510    1.562886937926    6.782857634649
              H     -5.927995104282   -1.594758561713   -2.936251598574
              H     -6.037326042562    1.383335154119   -4.517236802921
              H     -4.534175506364   -1.875761487704   -7.504261962183
              H     -2.016533613623    0.219612330193   -6.791428497734
              H     -2.119563744257   -2.802333587200   -5.375075158731
$End
$SCF_Energy
   &GeometryIndex 1
   &ListStatus       OUT
   &SCF_ENERGY [&Type "Double"]      -2.9296303048272316e+03
$End
$DFT_Energy
   &GeometryIndex 1
   &ListStatus       OUT
   &NALPHAEL [&Type "Integer"] 100
   &NBETAEL [&Type "Integer"] 100
   &NTOTALEL [&Type "Integer"] 201
   &EEXCHANGE [&Type "Double"]      -2.3180540109440321e+02
   &ECORR [&Type "Double"]      -7.2953548617923625e+00
   &ECNL [&Type "Double"]       0.0000000000000000e+00
   &EXC [&Type "Double"]      -2.3910075595619557e+02
   &EEMBED [&Type "Double"]       0.0000000000000000e+00
   &FINALEN [&Type "Double"]      -2.9296303048272316e+03  "No Van der Waals correction"
$End
$Mulliken_Population_Analysis
   &GeometryIndex 1
   &ListStatus       OUT
   &NATOMS [&Type "Integer"] 41
   &ATNO [&Type "ArrayOfIntegers", &Dim (41,1)] 
                                                         0

0                                                        6
1                                                        6
2                                                        8
3                                                       15
4                                                       16
5                                                        8
6                                                        6
7                                                        6
8                                                       16
9                                                        6
10                                                      16
11                                                      15
12                                                      16
13                                                       8
14                                                       6
15                                                       6
16                                                       8
17                                                       6
18                                                       6
19                                                       1
20                                                       1
21                                                       1
22                                                       1
23                                                       1
24                                                       1
25                                                       1
26                                                       1
27                                                       1
28                                                       1
29                                                       1
30                                                       1
31                                                       1
32                                                       1
33                                                       1
34                                                       1
35                                                       1
36                                                       1
37                                                       1
38                                                       1
39                                                       1
40                                                       1
   &ATOMICCHARGES [&Type "ArrayOfDoubles", &Dim (41,1)] 
                                                         0

0                                     -2.8570177722473566e-01
1                                     -5.3366036480149148e-03
2                                     -3.8456828588479475e-01
3                                      6.2527740080750505e-01
4                                     -3.0486756775358614e-01
5                                     -3.7561126278389878e-01
6                                     -4.2604066643914251e-03
7                                     -2.9023155109789833e-01
8                                     -1.0463286007720640e-01
9                                     -3.6289138637180329e-01
10                                    -9.9855162237599160e-02
11                                     6.0001507421571532e-01
12                                    -3.0687900809254387e-01
13                                    -3.8106521638875890e-01
14                                     1.0857304431421966e-03
15                                    -3.2043371204810267e-01
16                                    -3.3781306369493613e-01
17                                    -5.4750112523835881e-03
18                                    -2.8683418388721904e-01
19                                     1.0834980830428742e-01
20                                     1.1477649303242310e-01
21                                     1.1405472274147432e-01
22                                     9.5650756326037811e-02
23                                     1.0134085597639197e-01
24                                     1.0064440366830407e-01
25                                     1.1483927417278106e-01
26                                     1.1116359437268608e-01
27                                     1.0844195871109230e-01
28                                     1.3284808538884674e-01
29                                     2.1326006579837498e-01
30                                     1.8378291902515720e-01
31                                     1.1315309131881990e-01
32                                     1.0547683411609010e-01
33                                     1.1766773832294186e-01
34                                     1.2807486705152282e-01
35                                     1.1450918612073524e-01
36                                     9.6669651098696852e-02
37                                     1.0699893556064366e-01
38                                     1.0145267236453726e-01
39                                     1.2571278040233635e-01
40                                     1.2121015976747929e-01
$End
$Loewdin_Population_Analysis
   &GeometryIndex 1
   &ListStatus       OUT
   &NATOMS [&Type "Integer"] 41
   &ATNO [&Type "ArrayOfIntegers", &Dim (41,1)] 
                                                         0

0                                                        6
1                                                        6
2                                                        8
3                                                       15
4                                                       16
5                                                        8
6                                                        6
7                                                        6
8                                                       16
9                                                        6
10                                                      16
11                                                      15
12                                                      16
13                                                       8
14                                                       6
15                                                       6
16                                                       8
17                                                       6
18                                                       6
19                                                       1
20                                                       1
21                                                       1
22                                                       1
23                                                       1
24                                                       1
25                                                       1
26                                                       1
27                                                       1
28                                                       1
29                                                       1
30                                                       1
31                                                       1
32                                                       1
33                                                       1
34                                                       1
35                                                       1
36                                                       1
37                                                       1
38                                                       1
39                                                       1
40                                                       1
   &ATOMICCHARGES [&Type "ArrayOfDoubles", &Dim (41,1)] 
                                                         0

0                                      1.5513424535648916e-03
1                                      2.8840600661965532e-02
2                                      1.5668031810569555e-01
3                                      2.1589958013355972e-02
4                                      5.2896872446405921e-05
5                                      1.9293678020616584e-01
6                                      2.6409898382887948e-02
7                                      2.1586546091360041e-03
8                                      6.1992457610911565e-05
9                                      2.3391053147847783e-04
10                                     9.3720829110891099e-05
11                                     3.5706228864286475e-02
12                                     7.7717753954691676e-05
13                                     2.4612968752602818e-01
14                                     3.8904193873756279e-02
15                                     8.8226490274812344e-04
16                                     2.2373253154871689e-01
17                                     2.1150422424666464e-02
18                                     2.0413127529416413e-03
19                                     2.5633979383954565e-05
20                                     4.5389837127897348e-06
21                                     9.6679664053942540e-07
22                                     3.4075610052762242e-05
23                                     1.0749066507961818e-04
24                                     1.6604978646526484e-05
25                                     2.2843805353107094e-05
26                                     5.6335066524402245e-06
27                                     3.2451119349338814e-05
28                                     3.4705293664940536e-06
29                                     1.0005131645883098e-05
30                                     2.0400747982364704e-06
31                                     5.3724107101044771e-05
32                                     2.8503470911269915e-04
33                                     2.4607542243161671e-06
34                                     5.7376876346837555e-06
35                                     6.5179934524559592e-05
36                                     4.5517531458152380e-05
37                                     5.1974217768447864e-06
38                                     3.6690270276189256e-05
39                                     1.1553923889978317e-07
40                                     1.5409345136514425e-07
$End
$Mayer_Population_Analysis
   &GeometryIndex 1
   &ListStatus       OUT
   &NATOMS [&Type "Integer"] 41 "Total number of atoms"
   &BONDTHRESH [&Type "Double"]       1.0000000000000001e-01  "The threshold for printing"
   &NBONDORDERSPRINT [&Type "Integer"] 42 "The number of bond orders larger than threshold"
   &BONDORDERS [&Type "ArrayOfDoubles", &Dim (42,1)] "The bond orders"
                                                         0

0                                      1.1622966545565843e+00
1                                      9.4209653614362621e-01
2                                      9.5011235264664962e-01
3                                      9.5137747437709974e-01
4                                      9.1680105804052847e-01
5                                      9.3226125102328394e-01
6                                      8.9425480663275947e-01
7                                      1.0827557495246305e+00
8                                      1.6502134834846787e+00
9                                      1.1195964811572725e+00
10                                     9.5214469751774267e-01
11                                     1.0756098609971948e-01
12                                     8.8852216818906482e-01
13                                     1.1641793897587944e+00
14                                     9.3132632141131588e-01
15                                     9.0948528308688836e-01
16                                     9.4904266556926320e-01
17                                     9.4099035266128928e-01
18                                     9.4336439842832165e-01
19                                     9.9616849928558071e-01
20                                     1.0015755546966025e+00
21                                     8.6175686216589564e-01
22                                     9.1093743666763360e-01
23                                     9.3985305266029584e-01
24                                     1.0566708567542499e-01
25                                     1.6301559178420735e+00
26                                     1.0898632212131012e+00
27                                     1.1568627399426630e+00
28                                     9.0654390872906132e-01
29                                     1.1656365750522366e+00
30                                     9.1859196374531171e-01
31                                     9.3441451909922091e-01
32                                     9.4381693473224360e-01
33                                     9.3436792794775403e-01
34                                     9.3703988509878122e-01
35                                     8.8631835232882406e-01
36                                     1.1653623532043396e+00
37                                     9.1171659950515194e-01
38                                     9.3371335945102940e-01
39                                     9.3867166330763474e-01
40                                     9.4417177527414309e-01
41                                     9.4064186044216491e-01
   &COMPONENTS [&Type "ArrayOfIntegers", &Dim (42,4)] "The indices and atomic numbers of the bonding atoms"
                                                         0                           1                           2                           3

0                                                        0                           6                           1                           6
1                                                        0                           6                          19                           1
2                                                        0                           6                          20                           1
3                                                        0                           6                          21                           1
4                                                        1                           6                           2                           8
5                                                        1                           6                          22                           1
6                                                        1                           6                          23                           1
7                                                        2                           8                           3                          15
8                                                        3                          15                           4                          16
9                                                        3                          15                           5                           8
10                                                       3                          15                           8                          16
11                                                       4                          16                           8                          16
12                                                       5                           8                           6                           6
13                                                       6                           6                           7                           6
14                                                       6                           6                          24                           1
15                                                       6                           6                          25                           1
16                                                       7                           6                          26                           1
17                                                       7                           6                          27                           1
18                                                       7                           6                          28                           1
19                                                       8                          16                           9                           6
20                                                       9                           6                          10                          16
21                                                       9                           6                          29                           1
22                                                       9                           6                          30                           1
23                                                      10                          16                          11                          15
24                                                      10                          16                          12                          16
25                                                      11                          15                          12                          16
26                                                      11                          15                          13                           8
27                                                      11                          15                          16                           8
28                                                      13                           8                          14                           6
29                                                      14                           6                          15                           6
30                                                      14                           6                          31                           1
31                                                      14                           6                          32                           1
32                                                      15                           6                          33                           1
33                                                      15                           6                          34                           1
34                                                      15                           6                          35                           1
35                                                      16                           8                          17                           6
36                                                      17                           6                          18                           6
37                                                      17                           6                          36                           1
38                                                      17                           6                          37                           1
39                                                      18                           6                          38                           1
40                                                      18                           6                          39                           1
41                                                      18                           6                          40                           1
   &ATNO [&Type "ArrayOfIntegers", &Dim (41,1)] "Atomic number of the elements"
                                                         0

0                                                        6
1                                                        6
2                                                        8
3                                                       15
4                                                       16
5                                                        8
6                                                        6
7                                                        6
8                                                       16
9                                                        6
10                                                      16
11                                                      15
12                                                      16
13                                                       8
14                                                       6
15                                                       6
16                                                       8
17                                                       6
18                                                       6
19                                                       1
20                                                       1
21                                                       1
22                                                       1
23                                                       1
24                                                       1
25                                                       1
26                                                       1
27                                                       1
28                                                       1
29                                                       1
30                                                       1
31                                                       1
32                                                       1
33                                                       1
34                                                       1
35                                                       1
36                                                       1
37                                                       1
38                                                       1
39                                                       1
40                                                       1
   &NA [&Type "ArrayOfDoubles", &Dim (41,1)] "Mulliken gross atomic population"
                                                         0

0                                      6.2857017772247330e+00
1                                      6.0053366036480229e+00
2                                      8.3845682858847930e+00
3                                      1.4374722599192502e+01
4                                      1.6304867567753611e+01
5                                      8.3756112627839041e+00
6                                      6.0042604066643888e+00
7                                      6.2902315510978903e+00
8                                      1.6104632860077253e+01
9                                      6.3628913863717944e+00
10                                     1.6099855162237674e+01
11                                     1.4399984925784304e+01
12                                     1.6306879008092544e+01
13                                     8.3810652163887500e+00
14                                     5.9989142695568685e+00
15                                     6.3204337120480893e+00
16                                     8.3378130636949361e+00
17                                     6.0054750112523791e+00
18                                     6.2868341838872270e+00
19                                     8.9165019169571236e-01
20                                     8.8522350696757646e-01
21                                     8.8594527725852679e-01
22                                     9.0434924367396241e-01
23                                     8.9865914402360847e-01
24                                     8.9935559633169659e-01
25                                     8.8516072582721850e-01
26                                     8.8883640562731314e-01
27                                     8.9155804128890681e-01
28                                     8.6715191461115304e-01
29                                     7.8673993420162558e-01
30                                     8.1621708097484191e-01
31                                     8.8684690868118010e-01
32                                     8.9452316588390979e-01
33                                     8.8233226167705769e-01
34                                     8.7192513294847784e-01
35                                     8.8549081387926498e-01
36                                     9.0333034890130304e-01
37                                     8.9300106443935545e-01
38                                     8.9854732763546219e-01
39                                     8.7428721959766309e-01
40                                     8.7878984023252182e-01
   &ZA [&Type "ArrayOfDoubles", &Dim (41,1)] "Total nuclear charge"
                                                         0

0                                      6.0000000000000000e+00
1                                      6.0000000000000000e+00
2                                      8.0000000000000000e+00
3                                      1.5000000000000000e+01
4                                      1.6000000000000000e+01
5                                      8.0000000000000000e+00
6                                      6.0000000000000000e+00
7                                      6.0000000000000000e+00
8                                      1.6000000000000000e+01
9                                      6.0000000000000000e+00
10                                     1.6000000000000000e+01
11                                     1.5000000000000000e+01
12                                     1.6000000000000000e+01
13                                     8.0000000000000000e+00
14                                     6.0000000000000000e+00
15                                     6.0000000000000000e+00
16                                     8.0000000000000000e+00
17                                     6.0000000000000000e+00
18                                     6.0000000000000000e+00
19                                     1.0000000000000000e+00
20                                     1.0000000000000000e+00
21                                     1.0000000000000000e+00
22                                     1.0000000000000000e+00
23                                     1.0000000000000000e+00
24                                     1.0000000000000000e+00
25                                     1.0000000000000000e+00
26                                     1.0000000000000000e+00
27                                     1.0000000000000000e+00
28                                     1.0000000000000000e+00
29                                     1.0000000000000000e+00
30                                     1.0000000000000000e+00
31                                     1.0000000000000000e+00
32                                     1.0000000000000000e+00
33                                     1.0000000000000000e+00
34                                     1.0000000000000000e+00
35                                     1.0000000000000000e+00
36                                     1.0000000000000000e+00
37                                     1.0000000000000000e+00
38                                     1.0000000000000000e+00
39                                     1.0000000000000000e+00
40                                     1.0000000000000000e+00
   &QA [&Type "ArrayOfDoubles", &Dim (41,1)] "Mulliken gross atomic charge"
                                                         0

0                                     -2.8570177722473300e-01
1                                     -5.3366036480229084e-03
2                                     -3.8456828588479297e-01
3                                      6.2527740080749794e-01
4                                     -3.0486756775361101e-01
5                                     -3.7561126278390411e-01
6                                     -4.2604066643887606e-03
7                                     -2.9023155109789034e-01
8                                     -1.0463286007725259e-01
9                                     -3.6289138637179441e-01
10                                    -9.9855162237673767e-02
11                                     6.0001507421569578e-01
12                                    -3.0687900809254387e-01
13                                    -3.8106521638875002e-01
14                                     1.0857304431315384e-03
15                                    -3.2043371204808935e-01
16                                    -3.3781306369493613e-01
17                                    -5.4750112523791472e-03
18                                    -2.8683418388722703e-01
19                                     1.0834980830428764e-01
20                                     1.1477649303242354e-01
21                                     1.1405472274147321e-01
22                                     9.5650756326037589e-02
23                                     1.0134085597639153e-01
24                                     1.0064440366830341e-01
25                                     1.1483927417278150e-01
26                                     1.1116359437268686e-01
27                                     1.0844195871109319e-01
28                                     1.3284808538884696e-01
29                                     2.1326006579837442e-01
30                                     1.8378291902515809e-01
31                                     1.1315309131881990e-01
32                                     1.0547683411609021e-01
33                                     1.1766773832294231e-01
34                                     1.2807486705152216e-01
35                                     1.1450918612073502e-01
36                                     9.6669651098696963e-02
37                                     1.0699893556064455e-01
38                                     1.0145267236453781e-01
39                                     1.2571278040233691e-01
40                                     1.2121015976747818e-01
   &VA [&Type "ArrayOfDoubles", &Dim (41,1)] "Mayer's total valence"
                                                         0

0                                      4.0006750060711980e+00
1                                      3.9741762975151382e+00
2                                      2.1547054764130746e+00
3                                      4.9813507517165077e+00
4                                      2.0935817165545845e+00
5                                      2.1736292878448871e+00
6                                      3.9674942415545482e+00
7                                      4.0055458086801794e+00
8                                      2.2349006769295676e+00
9                                      3.8374655165281006e+00
10                                     2.2654557238640600e+00
11                                     4.9809012901472158e+00
12                                     2.0808246171364910e+00
13                                     2.1694599785144431e+00
14                                     4.0062971388166542e+00
15                                     3.9863583879185120e+00
16                                     2.1922442499642458e+00
17                                     3.9976222205729597e+00
18                                     3.9928712678209863e+00
19                                     9.5506868348479135e-01
20                                     9.6468770922766889e-01
21                                     9.5823105025338984e-01
22                                     9.4827421052553018e-01
23                                     1.0115095883775964e+00
24                                     9.5276859343189568e-01
25                                     9.9035641388818085e-01
26                                     9.5861190072433144e-01
27                                     9.5451178333116338e-01
28                                     9.7092620726907319e-01
29                                     9.7861488039676459e-01
30                                     9.3232482078879331e-01
31                                     9.7851832519319260e-01
32                                     9.4945666877494128e-01
33                                     9.6072702463673598e-01
34                                     9.8423331039069450e-01
35                                     9.5479194657128075e-01
36                                     9.7395891392106981e-01
37                                     9.5074736916474700e-01
38                                     9.5304919053305370e-01
39                                     9.7315898598386075e-01
40                                     9.8232337165058770e-01
   &BVA [&Type "ArrayOfDoubles", &Dim (41,1)] "Mayer's bonded valence"
                                                         0

0                                      4.0006750060712184e+00
1                                      3.9741762975151578e+00
2                                      2.1547054764130422e+00
3                                      4.9813507517164277e+00
4                                      2.0935817165544988e+00
5                                      2.1736292878448626e+00
6                                      3.9674942415545686e+00
7                                      4.0055458086801661e+00
8                                      2.2349006769293900e+00
9                                      3.8374655165281117e+00
10                                     2.2654557238637563e+00
11                                     4.9809012901471865e+00
12                                     2.0808246171365012e+00
13                                     2.1694599785144582e+00
14                                     4.0062971388166497e+00
15                                     3.9863583879185707e+00
16                                     2.1922442499642103e+00
17                                     3.9976222205729659e+00
18                                     3.9928712678209402e+00
19                                     9.5506868348479190e-01
20                                     9.6468770922767499e-01
21                                     9.5823105025337896e-01
22                                     9.4827421052554373e-01
23                                     1.0115095883776086e+00
24                                     9.5276859343190035e-01
25                                     9.9035641388817819e-01
26                                     9.5861190072432700e-01
27                                     9.5451178333116471e-01
28                                     9.7092620726908041e-01
29                                     9.7861488039676103e-01
30                                     9.3232482078878087e-01
31                                     9.7851832519320059e-01
32                                     9.4945666877495183e-01
33                                     9.6072702463674464e-01
34                                     9.8423331039069961e-01
35                                     9.5479194657128508e-01
36                                     9.7395891392106604e-01
37                                     9.5074736916475311e-01
38                                     9.5304919053304915e-01
39                                     9.7315898598386208e-01
40                                     9.8232337165058281e-01
   &FA [&Type "ArrayOfDoubles", &Dim (41,1)] "Mayer's free valence"
                                                         0

0                                      0.0000000000000000e+00
1                                      0.0000000000000000e+00
2                                      0.0000000000000000e+00
3                                      0.0000000000000000e+00
4                                      0.0000000000000000e+00
5                                      0.0000000000000000e+00
6                                      0.0000000000000000e+00
7                                      0.0000000000000000e+00
8                                      0.0000000000000000e+00
9                                      0.0000000000000000e+00
10                                     0.0000000000000000e+00
11                                     0.0000000000000000e+00
12                                     0.0000000000000000e+00
13                                     0.0000000000000000e+00
14                                     0.0000000000000000e+00
15                                     0.0000000000000000e+00
16                                     0.0000000000000000e+00
17                                     0.0000000000000000e+00
18                                     0.0000000000000000e+00
19                                     0.0000000000000000e+00
20                                     0.0000000000000000e+00
21                                     0.0000000000000000e+00
22                                     0.0000000000000000e+00
23                                     0.0000000000000000e+00
24                                     0.0000000000000000e+00
25                                     0.0000000000000000e+00
26                                     0.0000000000000000e+00
27                                     0.0000000000000000e+00
28                                     0.0000000000000000e+00
29                                     0.0000000000000000e+00
30                                     0.0000000000000000e+00
31                                     0.0000000000000000e+00
32                                     0.0000000000000000e+00
33                                     0.0000000000000000e+00
34                                     0.0000000000000000e+00
35                                     0.0000000000000000e+00
36                                     0.0000000000000000e+00
37                                     0.0000000000000000e+00
38                                     0.0000000000000000e+00
39                                     0.0000000000000000e+00
40                                     0.0000000000000000e+00
$End
$VdW_Correction
   &GeometryIndex 1
   &ListStatus       OUT
   &VDW [&Type "Double"]      -6.7043063121834473e-02
$End
$Calculation_Info
   &GeometryIndex 1
   &ListStatus       OUT
   &MULT [&Type "Integer"] 1
   &CHARGE [&Type "Integer"] 0
   &NUMOFATOMS [&Type "Integer"] 41
   &NUMOFELECTRONS [&Type "Integer"] 202
   &NUMOFFCELECTRONS [&Type "Integer"] 1
   &NUMOFCORRELECTRONS [&Type "Integer"] 0
   &NUMOFBASISFUNCTS [&Type "Integer"] 334
   &NUMOFAUXCBASISFUNCTS [&Type "Integer"] 0
   &NUMOFAUXJBASISFUNCTS [&Type "Integer"] 1185
   &NUMOFAUXJKBASISFUNCTS [&Type "Integer"] 0
   &NUMOFCABSBASISFUNCTS [&Type "Integer"] 0
   &TOTALENERGY [&Type "Double"]      -2.9295127126638531e+03  "Hartrees"
$End
$SCF_Dipole_Moment
   &GeometryIndex 1
   &ListStatus       OUT
   &METHOD [&Type "String"] "SCF"
   &LEVEL [&Type "String"] "Relaxed density"
   &MULT [&Type "Integer"] 1
   &STATE [&Type "Integer"] -1
   &IRREP [&Type "Integer"] 0
   &NATOMS [&Type "Integer"] 41
   &DODIPOLEATOM [&Type "Boolean"] false
   &DIPOLEELECCONTRIB [&Type "ArrayOfDoubles", &Dim (3,1)] "Electronic contribution"
                                                         0

0                                     -5.1975601658989339e+00
1                                     -1.4469938753113933e+00
2                                      2.3982095012699406e-01
   &DIPOLENUCCONTRIB [&Type "ArrayOfDoubles", &Dim (3,1)] "Nuclear contribution"
                                                         0

0                                      4.8147785420065841e+00
1                                      8.3193713278840686e-01
2                                     -1.7227219230807833e-02
   &DIPOLETOTAL [&Type "ArrayOfDoubles", &Dim (3,1)] "Total"
                                                         0

0                                     -3.8278162389234982e-01
1                                     -6.1505674252298648e-01
2                                      2.2259373089618623e-01
   &DIPOLEMAGNITUDE [&Type "Double", &Units "a.u."]       7.5786841677624717e-01
$End
