*************************************************
******************* ORCA 6.0.0 ******************
*************************************************
$Calculation_Status
   &GeometryIndex 1
   &ListStatus       OUT
   &VERSION [&Type "String"] "6.0.0"
   &PROGNAME [&Type "String"] "LeanSCF"
   &STATUS [&Type "String"] "NORMAL TERMINATION"
$End
$Geometry
   &GeometryIndex 1
   &ListStatus       OUT
   &NATOMS [&Type "Integer"] 41
   &NCORELESSECP [&Type "Integer"] 0
   &NGHOSTATOMS [&Type "Integer"] 0
   &CartesianCoordinates [&Type "Coordinates", &Dim(41,4), &Units "Bohr"] 
              C      7.783459705742    4.117524671744   -0.041388294803
              C      7.796162120915    1.575294436580   -1.354432723591
              O      5.304723060576    0.459455573268   -1.479893896821
              P      3.753747227477   -0.451460100044    0.910894369485
              S      2.082904588882    2.093078534993    3.033775072735
              O      5.803670041018   -2.055604738712    2.417409759407
              C      5.384803485309   -2.855984078481    4.976230808125
              C      3.435814832882   -4.948189616125    5.108302953342
              S      1.450968127797   -3.231756319767   -0.890457576232
              C      0.728354351349   -1.557570414168   -3.792400904315
              S     -0.604475361340    1.552183136229   -3.295832646313
              P     -4.043692863633    0.276855499636   -1.707850038182
              S     -5.586516808797   -2.694070899387   -3.259624190621
              O     -5.842264449997    2.659471059083   -1.897529004746
              C     -5.094490990949    5.267099283346   -1.560565041251
              C     -4.347252932133    5.857342079145    1.137954649322
              O     -3.263765656968   -0.073825236211    1.184308694460
              C     -4.351854069260   -1.973594216492    2.788240645397
              C     -7.017508165610   -1.270649750128    3.557083575740
              H      7.258461460272    3.898709223566    1.935953175480
              H      9.656718719456    4.946345637426   -0.150207789287
              H      6.427913638472    5.374852815822   -0.938387375366
              H      9.054858011541    0.248737131032   -0.398467967994
              H      8.336109632483    1.755077869063   -3.336750332223
              H      7.237118747618   -3.490957374439    5.619002862486
              H      4.774548034517   -1.216776921607    6.083758772307
              H      1.622896066818   -4.249237025199    4.421071450934
              H      4.005170525406   -6.534919273469    3.935469946996
              H      3.222119763203   -5.570501009047    7.050372839914
              H     -0.637733881783   -2.734716803184   -4.792743479349
              H      2.443867471833   -1.296179745351   -4.890027865737
              H     -3.541377284786    5.673247383319   -2.862098863565
              H     -6.775411078868    6.317202078372   -2.131220480608
              H     -3.955255017547    7.864467063065    1.299065654412
              H     -5.870916392035    5.362196526407    2.422994748430
              H     -2.659239630748    4.810376254823    1.674261789252
              H     -4.324702446751   -3.784242113210    1.786498588700
              H     -3.080320443952   -2.046395356064    4.410928810027
              H     -7.020675611361    0.529463225561    4.545582144453
              H     -8.199797199391   -1.115581871707    1.877332342395
              H     -7.780884193837   -2.725941110038    4.784063375732
$End
$SCF_Energy
   &GeometryIndex 1
   &ListStatus       OUT
   &SCF_ENERGY [&Type "Double"]      -2.9296313528556893e+03
$End
$DFT_Energy
   &GeometryIndex 1
   &ListStatus       OUT
   &NALPHAEL [&Type "Integer"] 101
   &NBETAEL [&Type "Integer"] 101
   &NTOTALEL [&Type "Integer"] 202
   &EEXCHANGE [&Type "Double"]      -2.3180813526530969e+02
   &ECORR [&Type "Double"]      -7.2970296018537573e+00
   &ECNL [&Type "Double"]       0.0000000000000000e+00
   &EXC [&Type "Double"]      -2.3910516486716344e+02
   &EEMBED [&Type "Double"]       0.0000000000000000e+00
   &FINALEN [&Type "Double"]      -2.9296313528556893e+03  "No Van der Waals correction"
$End
$Mulliken_Population_Analysis
   &GeometryIndex 1
   &ListStatus       OUT
   &NATOMS [&Type "Integer"] 41
   &ATNO [&Type "ArrayOfIntegers", &Dim (41,1)] 
                                                         0

0                                                        6
1                                                        6
2                                                        8
3                                                       15
4                                                       16
5                                                        8
6                                                        6
7                                                        6
8                                                       16
9                                                        6
10                                                      16
11                                                      15
12                                                      16
13                                                       8
14                                                       6
15                                                       6
16                                                       8
17                                                       6
18                                                       6
19                                                       1
20                                                       1
21                                                       1
22                                                       1
23                                                       1
24                                                       1
25                                                       1
26                                                       1
27                                                       1
28                                                       1
29                                                       1
30                                                       1
31                                                       1
32                                                       1
33                                                       1
34                                                       1
35                                                       1
36                                                       1
37                                                       1
38                                                       1
39                                                       1
40                                                       1
   &ATOMICCHARGES [&Type "ArrayOfDoubles", &Dim (41,1)] 
                                                         0

0                                     -3.0964420655660074e-01
1                                     -2.8107380459045928e-03
2                                     -3.8475926882649780e-01
3                                      6.3329383253680227e-01
4                                     -3.0653056077081331e-01
5                                     -3.7722418336205976e-01
6                                     -5.3036187434729598e-03
7                                     -3.3795204932026923e-01
8                                     -1.0286361660483578e-01
9                                     -3.2831063780878900e-01
10                                    -1.1296855274621365e-01
11                                     6.3080504770882406e-01
12                                    -3.2643980403543438e-01
13                                    -3.6924983160860592e-01
14                                    -2.5131958863440218e-02
15                                    -3.2944891802136755e-01
16                                    -3.6407692378987733e-01
17                                    -1.8555656409348309e-02
18                                    -3.0449954111720068e-01
19                                     1.2777050133389367e-01
20                                     1.0978441585916765e-01
21                                     1.2235720542484607e-01
22                                     1.1208748398091894e-01
23                                     1.0646764436996858e-01
24                                     1.0504125462428049e-01
25                                     1.1021304800898546e-01
26                                     1.4277720449736231e-01
27                                     1.2372545430733917e-01
28                                     1.1703999472553783e-01
29                                     1.9271965337450137e-01
30                                     1.8474363638274194e-01
31                                     1.2057161190664156e-01
32                                     1.1245476928678033e-01
33                                     1.0959137447353196e-01
34                                     1.1876349845821932e-01
35                                     1.5741880476240255e-01
36                                     1.1035682648047795e-01
37                                     1.1082579606343623e-01
38                                     1.1436864632489874e-01
39                                     1.2482849476328128e-01
40                                     1.0776386697593321e-01
$End
$Loewdin_Population_Analysis
   &GeometryIndex 1
   &ListStatus       OUT
   &NATOMS [&Type "Integer"] 41
   &ATNO [&Type "ArrayOfIntegers", &Dim (41,1)] 
                                                         0

0                                                        6
1                                                        6
2                                                        8
3                                                       15
4                                                       16
5                                                        8
6                                                        6
7                                                        6
8                                                       16
9                                                        6
10                                                      16
11                                                      15
12                                                      16
13                                                       8
14                                                       6
15                                                       6
16                                                       8
17                                                       6
18                                                       6
19                                                       1
20                                                       1
21                                                       1
22                                                       1
23                                                       1
24                                                       1
25                                                       1
26                                                       1
27                                                       1
28                                                       1
29                                                       1
30                                                       1
31                                                       1
32                                                       1
33                                                       1
34                                                       1
35                                                       1
36                                                       1
37                                                       1
38                                                       1
39                                                       1
40                                                       1
   &ATOMICCHARGES [&Type "ArrayOfDoubles", &Dim (41,1)] 
                                                         0

0                                      3.0738661610545641e-04
1                                      2.4478371199334367e-02
2                                      2.4350439896597262e-01
3                                      4.5138787143557305e-02
4                                      2.5391523623090345e-04
5                                      5.7231716746809935e-01
6                                      1.0737818173728932e-01
7                                      2.4487398213616368e-03
8                                      9.3302547018593544e-05
9                                      3.1272928968395725e-04
10                                     2.4467924159895659e-04
11                                     2.0655133325406662e-05
12                                     6.0538532001216155e-07
13                                     6.2805620695243229e-05
14                                     1.0490309299904791e-05
15                                     6.9104056941631534e-06
16                                     1.5023716071179537e-03
17                                     3.8557645399884589e-04
18                                     1.5510511084716610e-05
19                                     2.1463376658115069e-05
20                                     4.3667565540627120e-05
21                                     8.9909910359553657e-06
22                                     3.8414720033853384e-05
23                                     2.6518516311092324e-04
24                                     7.1648161171103614e-04
25                                     1.9002502780512493e-04
26                                     2.7087708172823592e-05
27                                     5.1971176382566726e-06
28                                     1.4374645503759537e-04
29                                     1.4935067156649265e-05
30                                     3.4286488002354079e-05
31                                     4.1332508497786101e-08
32                                     2.0947173583219534e-07
33                                     1.3927404857690811e-08
34                                     6.8510694995341258e-07
35                                     4.0631923163103512e-06
36                                     1.9557027192490637e-06
37                                     4.0062728402575854e-07
38                                     9.8643503891512755e-08
39                                     7.7378613534696648e-08
40                                     3.8863227042703487e-07
$End
$Mayer_Population_Analysis
   &GeometryIndex 1
   &ListStatus       OUT
   &NATOMS [&Type "Integer"] 41 "Total number of atoms"
   &BONDTHRESH [&Type "Double"]       1.0000000000000001e-01  "The threshold for printing"
   &NBONDORDERSPRINT [&Type "Integer"] 41 "The number of bond orders larger than threshold"
   &BONDORDERS [&Type "ArrayOfDoubles", &Dim (41,1)] "The bond orders"
                                                         0

0                                      1.1677748097529810e+00
1                                      9.3315411672097615e-01
2                                      9.3570570049449342e-01
3                                      9.4569594532321577e-01
4                                      9.0483340428254855e-01
5                                      9.2781416933820027e-01
6                                      9.3576865828503708e-01
7                                      1.0995809586105452e+00
8                                      1.6425359543304561e+00
9                                      1.0780825512094152e+00
10                                     9.4371045098333006e-01
11                                     1.1346995509002035e-01
12                                     9.1167443837633277e-01
13                                     1.1622841428826938e+00
14                                     9.3121900332247398e-01
15                                     9.0834519342840547e-01
16                                     9.2672052560463780e-01
17                                     9.4363199425337863e-01
18                                     9.3879530520483423e-01
19                                     1.0032739355944791e+00
20                                     1.0157962799927962e+00
21                                     8.7652157509522099e-01
22                                     9.0111220108211654e-01
23                                     9.4825860871678747e-01
24                                     1.6185160226565545e+00
25                                     1.1299308755424058e+00
26                                     1.0959385670513779e+00
27                                     9.0665233525484001e-01
28                                     1.1638511948762025e+00
29                                     9.1755252311025570e-01
30                                     9.3486206632935853e-01
31                                     9.3563234218266211e-01
32                                     9.4239883739766228e-01
33                                     9.2511147501677904e-01
34                                     9.0587800999337309e-01
35                                     1.1620558162233785e+00
36                                     9.1152846247215502e-01
37                                     9.2249592159557536e-01
38                                     9.4386674694585171e-01
39                                     9.3544881176537231e-01
40                                     9.4041028396649673e-01
   &COMPONENTS [&Type "ArrayOfIntegers", &Dim (41,4)] "The indices and atomic numbers of the bonding atoms"
                                                         0                           1                           2                           3

0                                                        0                           6                           1                           6
1                                                        0                           6                          19                           1
2                                                        0                           6                          20                           1
3                                                        0                           6                          21                           1
4                                                        1                           6                           2                           8
5                                                        1                           6                          22                           1
6                                                        1                           6                          23                           1
7                                                        2                           8                           3                          15
8                                                        3                          15                           4                          16
9                                                        3                          15                           5                           8
10                                                       3                          15                           8                          16
11                                                       4                          16                           8                          16
12                                                       5                           8                           6                           6
13                                                       6                           6                           7                           6
14                                                       6                           6                          24                           1
15                                                       6                           6                          25                           1
16                                                       7                           6                          26                           1
17                                                       7                           6                          27                           1
18                                                       7                           6                          28                           1
19                                                       8                          16                           9                           6
20                                                       9                           6                          10                          16
21                                                       9                           6                          29                           1
22                                                       9                           6                          30                           1
23                                                      10                          16                          11                          15
24                                                      11                          15                          12                          16
25                                                      11                          15                          13                           8
26                                                      11                          15                          16                           8
27                                                      13                           8                          14                           6
28                                                      14                           6                          15                           6
29                                                      14                           6                          31                           1
30                                                      14                           6                          32                           1
31                                                      15                           6                          33                           1
32                                                      15                           6                          34                           1
33                                                      15                           6                          35                           1
34                                                      16                           8                          17                           6
35                                                      17                           6                          18                           6
36                                                      17                           6                          36                           1
37                                                      17                           6                          37                           1
38                                                      18                           6                          38                           1
39                                                      18                           6                          39                           1
40                                                      18                           6                          40                           1
   &ATNO [&Type "ArrayOfIntegers", &Dim (41,1)] "Atomic number of the elements"
                                                         0

0                                                        6
1                                                        6
2                                                        8
3                                                       15
4                                                       16
5                                                        8
6                                                        6
7                                                        6
8                                                       16
9                                                        6
10                                                      16
11                                                      15
12                                                      16
13                                                       8
14                                                       6
15                                                       6
16                                                       8
17                                                       6
18                                                       6
19                                                       1
20                                                       1
21                                                       1
22                                                       1
23                                                       1
24                                                       1
25                                                       1
26                                                       1
27                                                       1
28                                                       1
29                                                       1
30                                                       1
31                                                       1
32                                                       1
33                                                       1
34                                                       1
35                                                       1
36                                                       1
37                                                       1
38                                                       1
39                                                       1
40                                                       1
   &NA [&Type "ArrayOfDoubles", &Dim (41,1)] "Mulliken gross atomic population"
                                                         0

0                                      6.3096442065565972e+00
1                                      6.0028107380459019e+00
2                                      8.3847592688264800e+00
3                                      1.4366706167463144e+01
4                                      1.6306530560770756e+01
5                                      8.3772241833620757e+00
6                                      6.0053036187434747e+00
7                                      6.3379520493202559e+00
8                                      1.6102863616604882e+01
9                                      6.3283106378087917e+00
10                                     1.6112968552746167e+01
11                                     1.4369194952291197e+01
12                                     1.6326439804035399e+01
13                                     8.3692498316086166e+00
14                                     6.0251319588634322e+00
15                                     6.3294489180213533e+00
16                                     8.3640769237898631e+00
17                                     6.0185556564093581e+00
18                                     6.3044995411171882e+00
19                                     8.7222949866610644e-01
20                                     8.9021558414083213e-01
21                                     8.7764279457515348e-01
22                                     8.8791251601908150e-01
23                                     8.9353235563003142e-01
24                                     8.9495874537572040e-01
25                                     8.8978695199101465e-01
26                                     8.5722279550263825e-01
27                                     8.7627454569266061e-01
28                                     8.8296000527446150e-01
29                                     8.0728034662549852e-01
30                                     8.1525636361725862e-01
31                                     8.7942838809335799e-01
32                                     8.8754523071322011e-01
33                                     8.9040862552646749e-01
34                                     8.8123650154178057e-01
35                                     8.4258119523759745e-01
36                                     8.8964317351952149e-01
37                                     8.8917420393656477e-01
38                                     8.8563135367510093e-01
39                                     8.7517150523671861e-01
40                                     8.9223613302406635e-01
   &ZA [&Type "ArrayOfDoubles", &Dim (41,1)] "Total nuclear charge"
                                                         0

0                                      6.0000000000000000e+00
1                                      6.0000000000000000e+00
2                                      8.0000000000000000e+00
3                                      1.5000000000000000e+01
4                                      1.6000000000000000e+01
5                                      8.0000000000000000e+00
6                                      6.0000000000000000e+00
7                                      6.0000000000000000e+00
8                                      1.6000000000000000e+01
9                                      6.0000000000000000e+00
10                                     1.6000000000000000e+01
11                                     1.5000000000000000e+01
12                                     1.6000000000000000e+01
13                                     8.0000000000000000e+00
14                                     6.0000000000000000e+00
15                                     6.0000000000000000e+00
16                                     8.0000000000000000e+00
17                                     6.0000000000000000e+00
18                                     6.0000000000000000e+00
19                                     1.0000000000000000e+00
20                                     1.0000000000000000e+00
21                                     1.0000000000000000e+00
22                                     1.0000000000000000e+00
23                                     1.0000000000000000e+00
24                                     1.0000000000000000e+00
25                                     1.0000000000000000e+00
26                                     1.0000000000000000e+00
27                                     1.0000000000000000e+00
28                                     1.0000000000000000e+00
29                                     1.0000000000000000e+00
30                                     1.0000000000000000e+00
31                                     1.0000000000000000e+00
32                                     1.0000000000000000e+00
33                                     1.0000000000000000e+00
34                                     1.0000000000000000e+00
35                                     1.0000000000000000e+00
36                                     1.0000000000000000e+00
37                                     1.0000000000000000e+00
38                                     1.0000000000000000e+00
39                                     1.0000000000000000e+00
40                                     1.0000000000000000e+00
   &QA [&Type "ArrayOfDoubles", &Dim (41,1)] "Mulliken gross atomic charge"
                                                         0

0                                     -3.0964420655659719e-01
1                                     -2.8107380459019282e-03
2                                     -3.8475926882648004e-01
3                                      6.3329383253685556e-01
4                                     -3.0653056077075647e-01
5                                     -3.7722418336207575e-01
6                                     -5.3036187434747362e-03
7                                     -3.3795204932025591e-01
8                                     -1.0286361660488197e-01
9                                     -3.2831063780879166e-01
10                                    -1.1296855274616746e-01
11                                     6.3080504770880275e-01
12                                    -3.2643980403539885e-01
13                                    -3.6924983160861657e-01
14                                    -2.5131958863432224e-02
15                                    -3.2944891802135334e-01
16                                    -3.6407692378986312e-01
17                                    -1.8555656409358079e-02
18                                    -3.0449954111718824e-01
19                                     1.2777050133389356e-01
20                                     1.0978441585916787e-01
21                                     1.2235720542484652e-01
22                                     1.1208748398091850e-01
23                                     1.0646764436996858e-01
24                                     1.0504125462427960e-01
25                                     1.1021304800898535e-01
26                                     1.4277720449736175e-01
27                                     1.2372545430733939e-01
28                                     1.1703999472553850e-01
29                                     1.9271965337450148e-01
30                                     1.8474363638274138e-01
31                                     1.2057161190664201e-01
32                                     1.1245476928677989e-01
33                                     1.0959137447353251e-01
34                                     1.1876349845821943e-01
35                                     1.5741880476240255e-01
36                                     1.1035682648047851e-01
37                                     1.1082579606343523e-01
38                                     1.1436864632489907e-01
39                                     1.2482849476328139e-01
40                                     1.0776386697593365e-01
   &VA [&Type "ArrayOfDoubles", &Dim (41,1)] "Mayer's total valence"
                                                         0

0                                      3.9904219469745654e+00
1                                      4.0249260522100361e+00
2                                      2.1632220610405621e+00
3                                      4.9270457881290071e+00
4                                      2.0978173292829085e+00
5                                      2.1749214547343056e+00
6                                      3.9916862612979105e+00
7                                      3.9864062014323056e+00
8                                      2.2565725265993595e+00
9                                      3.8493656960629932e+00
10                                     2.2906921190529848e+00
11                                     4.9428664582708572e+00
12                                     2.0310722360045057e+00
13                                     2.1783416024562774e+00
14                                     4.0173308228753228e+00
15                                     3.9885698746865881e+00
16                                     2.1868061846145590e+00
17                                     3.9974593467794404e+00
18                                     3.9902217691414958e+00
19                                     9.8681451347571447e-01
20                                     9.5294115386937062e-01
21                                     9.6345412961585652e-01
22                                     9.6108610254905091e-01
23                                     9.4710316056630350e-01
24                                     9.4921932113706509e-01
25                                     9.9388152803324081e-01
26                                     9.7566391502769190e-01
27                                     9.5770647140925325e-01
28                                     9.5542763994382762e-01
29                                     9.7499811113522494e-01
30                                     9.4449642651830956e-01
31                                     9.5057994459716921e-01
32                                     9.4743008687797203e-01
33                                     9.5334604247515575e-01
34                                     9.6085817246710581e-01
35                                     9.8514737933542662e-01
36                                     9.8873417792018137e-01
37                                     9.5611557751328735e-01
38                                     9.5908189603801863e-01
39                                     9.8308982605981576e-01
40                                     9.5565329220188611e-01
   &BVA [&Type "ArrayOfDoubles", &Dim (41,1)] "Mayer's bonded valence"
                                                         0

0                                      3.9904219469745938e+00
1                                      4.0249260522100627e+00
2                                      2.1632220610405901e+00
3                                      4.9270457881291279e+00
4                                      2.0978173292830178e+00
5                                      2.1749214547342537e+00
6                                      3.9916862612979096e+00
7                                      3.9864062014323318e+00
8                                      2.2565725265993364e+00
9                                      3.8493656960629994e+00
10                                     2.2906921190530083e+00
11                                     4.9428664582707329e+00
12                                     2.0310722360046682e+00
13                                     2.1783416024562769e+00
14                                     4.0173308228753744e+00
15                                     3.9885698746866280e+00
16                                     2.1868061846145213e+00
17                                     3.9974593467794053e+00
18                                     3.9902217691414705e+00
19                                     9.8681451347571647e-01
20                                     9.5294115386937728e-01
21                                     9.6345412961585486e-01
22                                     9.6108610254905602e-01
23                                     9.4710316056630584e-01
24                                     9.4921932113705476e-01
25                                     9.9388152803323859e-01
26                                     9.7566391502768701e-01
27                                     9.5770647140925169e-01
28                                     9.5542763994382995e-01
29                                     9.7499811113522150e-01
30                                     9.4449642651831134e-01
31                                     9.5057994459717476e-01
32                                     9.4743008687797214e-01
33                                     9.5334604247515675e-01
34                                     9.6085817246710548e-01
35                                     9.8514737933542729e-01
36                                     9.8873417792018470e-01
37                                     9.5611557751328369e-01
38                                     9.5908189603801219e-01
39                                     9.8308982605981643e-01
40                                     9.5565329220187867e-01
   &FA [&Type "ArrayOfDoubles", &Dim (41,1)] "Mayer's free valence"
                                                         0

0                                      0.0000000000000000e+00
1                                      0.0000000000000000e+00
2                                      0.0000000000000000e+00
3                                      0.0000000000000000e+00
4                                      0.0000000000000000e+00
5                                      0.0000000000000000e+00
6                                      0.0000000000000000e+00
7                                      0.0000000000000000e+00
8                                      0.0000000000000000e+00
9                                      0.0000000000000000e+00
10                                     0.0000000000000000e+00
11                                     0.0000000000000000e+00
12                                     0.0000000000000000e+00
13                                     0.0000000000000000e+00
14                                     0.0000000000000000e+00
15                                     0.0000000000000000e+00
16                                     0.0000000000000000e+00
17                                     0.0000000000000000e+00
18                                     0.0000000000000000e+00
19                                     0.0000000000000000e+00
20                                     0.0000000000000000e+00
21                                     0.0000000000000000e+00
22                                     0.0000000000000000e+00
23                                     0.0000000000000000e+00
24                                     0.0000000000000000e+00
25                                     0.0000000000000000e+00
26                                     0.0000000000000000e+00
27                                     0.0000000000000000e+00
28                                     0.0000000000000000e+00
29                                     0.0000000000000000e+00
30                                     0.0000000000000000e+00
31                                     0.0000000000000000e+00
32                                     0.0000000000000000e+00
33                                     0.0000000000000000e+00
34                                     0.0000000000000000e+00
35                                     0.0000000000000000e+00
36                                     0.0000000000000000e+00
37                                     0.0000000000000000e+00
38                                     0.0000000000000000e+00
39                                     0.0000000000000000e+00
40                                     0.0000000000000000e+00
$End
$VdW_Correction
   &GeometryIndex 1
   &ListStatus       OUT
   &VDW [&Type "Double"]      -6.8005285334809928e-02
$End
$Calculation_Info
   &GeometryIndex 1
   &ListStatus       OUT
   &MULT [&Type "Integer"] 1
   &CHARGE [&Type "Integer"] 0
   &NUMOFATOMS [&Type "Integer"] 41
   &NUMOFELECTRONS [&Type "Integer"] 202
   &NUMOFFCELECTRONS [&Type "Integer"] 1
   &NUMOFCORRELECTRONS [&Type "Integer"] 0
   &NUMOFBASISFUNCTS [&Type "Integer"] 334
   &NUMOFAUXCBASISFUNCTS [&Type "Integer"] 0
   &NUMOFAUXJBASISFUNCTS [&Type "Integer"] 1185
   &NUMOFAUXJKBASISFUNCTS [&Type "Integer"] 0
   &NUMOFCABSBASISFUNCTS [&Type "Integer"] 0
   &TOTALENERGY [&Type "Double"]      -2.9295135652522245e+03  "Hartrees"
$End
$SCF_Dipole_Moment
   &GeometryIndex 1
   &ListStatus       OUT
   &METHOD [&Type "String"] "SCF"
   &LEVEL [&Type "String"] "Relaxed density"
   &MULT [&Type "Integer"] 1
   &STATE [&Type "Integer"] -1
   &IRREP [&Type "Integer"] 0
   &NATOMS [&Type "Integer"] 41
   &DODIPOLEATOM [&Type "Boolean"] false
   &DIPOLEELECCONTRIB [&Type "ArrayOfDoubles", &Dim (3,1)] "Electronic contribution"
                                                         0

0                                     -3.8155664915218037e+00
1                                     -5.6311776835126652e+00
2                                     -1.5751586669825517e+01
   &DIPOLENUCCONTRIB [&Type "ArrayOfDoubles", &Dim (3,1)] "Nuclear contribution"
                                                         0

0                                      5.2541288919335782e+00
1                                      6.0903151416523329e+00
2                                      1.6504854398317654e+01
   &DIPOLETOTAL [&Type "ArrayOfDoubles", &Dim (3,1)] "Total"
                                                         0

0                                      1.4385624004117745e+00
1                                      4.5913745813966766e-01
2                                      7.5326772849213697e-01
   &DIPOLEMAGNITUDE [&Type "Double", &Units "a.u."]       1.6875074092083702e+00
$End
