*************************************************
******************* ORCA 6.0.0 ******************
*************************************************
$Calculation_Status
   &GeometryIndex 1
   &ListStatus       OUT
   &VERSION [&Type "String"] "6.0.0"
   &PROGNAME [&Type "String"] "LeanSCF"
   &STATUS [&Type "String"] "NORMAL TERMINATION"
$End
$Geometry
   &GeometryIndex 1
   &ListStatus       OUT
   &NATOMS [&Type "Integer"] 41
   &NCORELESSECP [&Type "Integer"] 0
   &NGHOSTATOMS [&Type "Integer"] 0
   &CartesianCoordinates [&Type "Coordinates", &Dim(41,4), &Units "Bohr"] 
              C      8.148225086360   -4.451742944425   -2.847968986120
              C      9.196664075791   -1.791939587395   -2.703941441274
              O      7.952594943043   -0.283421954588   -0.812147537836
              P      5.056100608330    0.504991432376   -0.990950214928
              S      3.832596009408    1.427706533180   -4.353631353098
              O      4.935803790550    2.802870399247    0.900866229918
              C      5.939188932752    2.755188261384    3.456723745107
              C      3.824700654063    2.500791453493    5.371333663313
              S      3.128588753319   -2.558401061242    0.780212718205
              C      0.050109928553   -1.798124508908   -0.435564544702
              S     -1.095042205732    1.166253176479    0.945337792622
              P     -4.971089957655    0.519073113112    0.334029937283
              S     -7.323105201657    3.167121151503    1.403985086748
              O     -5.525551594320   -2.215449942499    1.486506420651
              C     -6.347127060499   -2.546962078601    4.054869287726
              C     -4.251535079766   -1.995034772551    5.927926606623
              O     -4.860932020038   -0.093111386370   -2.600971545093
              C     -7.072316904054    0.053000954425   -4.188324686394
              C     -8.996934161800   -1.959858867376   -3.531436118164
              H      9.321686907391   -5.569348154407   -4.104991671275
              H      8.124905130197   -5.315973935531   -0.984640781061
              H      6.229579667443   -4.413631149390   -3.589521479019
              H      9.005464887668   -0.834109632798   -4.526585295491
              H     11.170930538166   -1.781463453478   -2.110179012976
              H      7.300224792580    1.213969540683    3.618200486470
              H      6.908775138757    4.564459535322    3.652878538949
              H      2.933581847728    0.655444507926    5.236120333114
              H      4.600798715843    2.736817401590    7.255146811658
              H      2.397742975130    3.939868950701    5.035982881162
              H     -1.220146943354   -3.326750440850    0.082901199281
              H      0.168556949923   -1.562101984807   -2.479421732117
              H     -7.963869820355   -1.300424152451    4.388802817417
              H     -6.947821974819   -4.517293553665    4.136406260451
              H     -2.596151409494   -3.142598745215    5.521741647542
              H     -3.727602884177   -0.006206106855    5.824776793963
              H     -4.912529654766   -2.409347715099    7.824516952840
              H     -7.893460391499    1.941288497477   -3.991085081848
              H     -6.323109310866   -0.187986216412   -6.093817323803
              H     -8.121636035888   -3.817497946462   -3.556405824895
              H     -9.764405152292   -1.604949484745   -1.654902768986
              H    -10.526144641404   -1.905031699378   -4.897593258648
$End
$SCF_Energy
   &GeometryIndex 1
   &ListStatus       OUT
   &SCF_ENERGY [&Type "Double"]      -2.9296385676475666e+03
$End
$DFT_Energy
   &GeometryIndex 1
   &ListStatus       OUT
   &NALPHAEL [&Type "Integer"] 100
   &NBETAEL [&Type "Integer"] 100
   &NTOTALEL [&Type "Integer"] 201
   &EEXCHANGE [&Type "Double"]      -2.3180803212703930e+02
   &ECORR [&Type "Double"]      -7.2923620519550303e+00
   &ECNL [&Type "Double"]       0.0000000000000000e+00
   &EXC [&Type "Double"]      -2.3910039417899432e+02
   &EEMBED [&Type "Double"]       0.0000000000000000e+00
   &FINALEN [&Type "Double"]      -2.9296385676475666e+03  "No Van der Waals correction"
$End
$Mulliken_Population_Analysis
   &GeometryIndex 1
   &ListStatus       OUT
   &NATOMS [&Type "Integer"] 41
   &ATNO [&Type "ArrayOfIntegers", &Dim (41,1)] 
                                                         0

0                                                        6
1                                                        6
2                                                        8
3                                                       15
4                                                       16
5                                                        8
6                                                        6
7                                                        6
8                                                       16
9                                                        6
10                                                      16
11                                                      15
12                                                      16
13                                                       8
14                                                       6
15                                                       6
16                                                       8
17                                                       6
18                                                       6
19                                                       1
20                                                       1
21                                                       1
22                                                       1
23                                                       1
24                                                       1
25                                                       1
26                                                       1
27                                                       1
28                                                       1
29                                                       1
30                                                       1
31                                                       1
32                                                       1
33                                                       1
34                                                       1
35                                                       1
36                                                       1
37                                                       1
38                                                       1
39                                                       1
40                                                       1
   &ATOMICCHARGES [&Type "ArrayOfDoubles", &Dim (41,1)] 
                                                         0

0                                     -3.1971062330590527e-01
1                                      1.6062002799239750e-03
2                                     -3.8329090847089020e-01
3                                      6.0132740346985258e-01
4                                     -2.9736251775008071e-01
5                                     -3.5161724351756085e-01
6                                     -1.7660326417616723e-02
7                                     -2.9742265771565002e-01
8                                     -1.0798033122673445e-01
9                                     -3.5547787851155732e-01
10                                    -6.5208013384836505e-02
11                                     6.1043070407971811e-01
12                                    -3.1808950466254160e-01
13                                    -3.8277171961588685e-01
14                                    -7.6954135826703407e-03
15                                    -3.1397558784387325e-01
16                                    -3.8090235141210549e-01
17                                    -3.4060951379863980e-03
18                                    -3.0837615466381685e-01
19                                     1.1559162510374854e-01
20                                     1.1690106581620985e-01
21                                     1.2922976319066048e-01
22                                     1.1439814960269723e-01
23                                     1.0607464302023184e-01
24                                     1.0651193495683686e-01
25                                     1.1335757339382302e-01
26                                     1.2704209470177263e-01
27                                     1.0811593560113320e-01
28                                     1.2976179950574651e-01
29                                     1.8358122851091296e-01
30                                     2.0020986375253802e-01
31                                     1.1190377328549550e-01
32                                     1.0410061078796540e-01
33                                     1.1363517829450087e-01
34                                     1.3079144429154155e-01
35                                     1.1291950359122527e-01
36                                     1.1471421586218322e-01
37                                     1.0886790704623406e-01
38                                     1.1458239919314361e-01
39                                     1.2268703388311408e-01
40                                     1.1260527599862069e-01
$End
$Loewdin_Population_Analysis
   &GeometryIndex 1
   &ListStatus       OUT
   &NATOMS [&Type "Integer"] 41
   &ATNO [&Type "ArrayOfIntegers", &Dim (41,1)] 
                                                         0

0                                                        6
1                                                        6
2                                                        8
3                                                       15
4                                                       16
5                                                        8
6                                                        6
7                                                        6
8                                                       16
9                                                        6
10                                                      16
11                                                      15
12                                                      16
13                                                       8
14                                                       6
15                                                       6
16                                                       8
17                                                       6
18                                                       6
19                                                       1
20                                                       1
21                                                       1
22                                                       1
23                                                       1
24                                                       1
25                                                       1
26                                                       1
27                                                       1
28                                                       1
29                                                       1
30                                                       1
31                                                       1
32                                                       1
33                                                       1
34                                                       1
35                                                       1
36                                                       1
37                                                       1
38                                                       1
39                                                       1
40                                                       1
   &ATOMICCHARGES [&Type "ArrayOfDoubles", &Dim (41,1)] 
                                                         0

0                                      6.8282687367437697e-04
1                                      2.7483557568731630e-02
2                                      1.5121449537502737e-01
3                                      1.4526729376174621e-02
4                                      3.3276396378709062e-05
5                                      8.5494392273120154e-02
6                                      7.7785839833951174e-03
7                                      1.6161895143301937e-04
8                                      1.0843193816657533e-04
9                                      9.9422055892747852e-05
10                                     2.1133386411448598e-04
11                                     2.8486550578150773e-02
12                                     4.7484342050612397e-05
13                                     3.7826964690027276e-01
14                                     7.4855256698702591e-02
15                                     1.8398064249133606e-03
16                                     2.0192981442768948e-01
17                                     2.4304554537836996e-02
18                                     9.4655282337900997e-04
19                                     4.5173305506954447e-05
20                                     1.2680169961747700e-06
21                                     5.0719491685614797e-06
22                                     5.0631708814870693e-05
23                                     1.9444505138743596e-04
24                                     7.2577152968549401e-05
25                                     2.5824387663837082e-05
26                                     1.1859371960808044e-06
27                                     8.3216438369102083e-06
28                                     2.2204037606570829e-06
29                                     1.9615486604569580e-05
30                                     1.0384023811759401e-05
31                                     1.3544920186922156e-04
32                                     4.4842573807612481e-04
33                                     9.5491102395535536e-07
34                                     1.0143841906782572e-05
35                                     9.7954855853010103e-05
36                                     3.3985838198738798e-05
37                                     1.8282622509656441e-04
38                                     2.4547778266893281e-05
39                                     5.6814234925392685e-05
40                                     9.7842917959960489e-05
$End
$Mayer_Population_Analysis
   &GeometryIndex 1
   &ListStatus       OUT
   &NATOMS [&Type "Integer"] 41 "Total number of atoms"
   &BONDTHRESH [&Type "Double"]       1.0000000000000001e-01  "The threshold for printing"
   &NBONDORDERSPRINT [&Type "Integer"] 41 "The number of bond orders larger than threshold"
   &BONDORDERS [&Type "ArrayOfDoubles", &Dim (41,1)] "The bond orders"
                                                         0

0                                      1.1665179488722093e+00
1                                      9.3696207007846444e-01
2                                      9.4368944666568655e-01
3                                      9.3481881030516523e-01
4                                      9.0436717035769931e-01
5                                      9.1881665870526052e-01
6                                      9.3449965035460003e-01
7                                      1.0902099845099571e+00
8                                      1.6479489119034136e+00
9                                      1.1428646126752988e+00
10                                     9.2571883334620986e-01
11                                     1.1111831442257605e-01
12                                     8.9000710821918794e-01
13                                     1.1666150855515531e+00
14                                     9.1948737120620849e-01
15                                     9.3432943613437747e-01
16                                     9.3184600162128817e-01
17                                     9.3713404797441402e-01
18                                     9.4247441172847779e-01
19                                     1.0160762193315505e+00
20                                     9.6453383715768870e-01
21                                     8.8751649481449568e-01
22                                     8.6832185329267031e-01
23                                     9.9388873500611408e-01
24                                     1.6374423858256271e+00
25                                     1.0584190661773787e+00
26                                     1.0963911540422275e+00
27                                     9.1007963654556190e-01
28                                     1.1644010654106745e+00
29                                     9.1297652109992922e-01
30                                     9.3427690233073291e-01
31                                     9.4609856477020704e-01
32                                     9.3529609523896928e-01
33                                     9.3817572834375429e-01
34                                     9.0819192993150821e-01
35                                     1.1621778611174325e+00
36                                     9.1957372227398160e-01
37                                     9.3530224969596665e-01
38                                     9.4610687753928480e-01
39                                     9.3621088830932564e-01
40                                     9.3826857568359601e-01
   &COMPONENTS [&Type "ArrayOfIntegers", &Dim (41,4)] "The indices and atomic numbers of the bonding atoms"
                                                         0                           1                           2                           3

0                                                        0                           6                           1                           6
1                                                        0                           6                          19                           1
2                                                        0                           6                          20                           1
3                                                        0                           6                          21                           1
4                                                        1                           6                           2                           8
5                                                        1                           6                          22                           1
6                                                        1                           6                          23                           1
7                                                        2                           8                           3                          15
8                                                        3                          15                           4                          16
9                                                        3                          15                           5                           8
10                                                       3                          15                           8                          16
11                                                       4                          16                           8                          16
12                                                       5                           8                           6                           6
13                                                       6                           6                           7                           6
14                                                       6                           6                          24                           1
15                                                       6                           6                          25                           1
16                                                       7                           6                          26                           1
17                                                       7                           6                          27                           1
18                                                       7                           6                          28                           1
19                                                       8                          16                           9                           6
20                                                       9                           6                          10                          16
21                                                       9                           6                          29                           1
22                                                       9                           6                          30                           1
23                                                      10                          16                          11                          15
24                                                      11                          15                          12                          16
25                                                      11                          15                          13                           8
26                                                      11                          15                          16                           8
27                                                      13                           8                          14                           6
28                                                      14                           6                          15                           6
29                                                      14                           6                          31                           1
30                                                      14                           6                          32                           1
31                                                      15                           6                          33                           1
32                                                      15                           6                          34                           1
33                                                      15                           6                          35                           1
34                                                      16                           8                          17                           6
35                                                      17                           6                          18                           6
36                                                      17                           6                          36                           1
37                                                      17                           6                          37                           1
38                                                      18                           6                          38                           1
39                                                      18                           6                          39                           1
40                                                      18                           6                          40                           1
   &ATNO [&Type "ArrayOfIntegers", &Dim (41,1)] "Atomic number of the elements"
                                                         0

0                                                        6
1                                                        6
2                                                        8
3                                                       15
4                                                       16
5                                                        8
6                                                        6
7                                                        6
8                                                       16
9                                                        6
10                                                      16
11                                                      15
12                                                      16
13                                                       8
14                                                       6
15                                                       6
16                                                       8
17                                                       6
18                                                       6
19                                                       1
20                                                       1
21                                                       1
22                                                       1
23                                                       1
24                                                       1
25                                                       1
26                                                       1
27                                                       1
28                                                       1
29                                                       1
30                                                       1
31                                                       1
32                                                       1
33                                                       1
34                                                       1
35                                                       1
36                                                       1
37                                                       1
38                                                       1
39                                                       1
40                                                       1
   &NA [&Type "ArrayOfDoubles", &Dim (41,1)] "Mulliken gross atomic population"
                                                         0

0                                      6.3197106233058857e+00
1                                      5.9983937997200840e+00
2                                      8.3832909084709044e+00
3                                      1.4398672596530179e+01
4                                      1.6297362517750074e+01
5                                      8.3516172435175413e+00
6                                      6.0176603264176016e+00
7                                      6.2974226577156340e+00
8                                      1.6107980331226678e+01
9                                      6.3554778785115422e+00
10                                     1.6065208013384915e+01
11                                     1.4389569295920298e+01
12                                     1.6318089504662588e+01
13                                     8.3827717196158513e+00
14                                     6.0076954135826650e+00
15                                     6.3139755878438875e+00
16                                     8.3809023514121179e+00
17                                     6.0034060951379704e+00
18                                     6.3083761546638026e+00
19                                     8.8440837489625113e-01
20                                     8.8309893418378915e-01
21                                     8.7077023680933952e-01
22                                     8.8560185039730366e-01
23                                     8.9392535697976838e-01
24                                     8.9348806504316280e-01
25                                     8.8664242660617765e-01
26                                     8.7295790529822648e-01
27                                     8.9188406439886603e-01
28                                     8.7023820049425327e-01
29                                     8.1641877148908726e-01
30                                     7.9979013624746342e-01
31                                     8.8809622671450394e-01
32                                     8.9589938921203482e-01
33                                     8.8636482170550002e-01
34                                     8.6920855570845845e-01
35                                     8.8708049640877562e-01
36                                     8.8528578413781622e-01
37                                     8.9113209295376594e-01
38                                     8.8541760080685594e-01
39                                     8.7731296611688636e-01
40                                     8.8739472400137931e-01
   &ZA [&Type "ArrayOfDoubles", &Dim (41,1)] "Total nuclear charge"
                                                         0

0                                      6.0000000000000000e+00
1                                      6.0000000000000000e+00
2                                      8.0000000000000000e+00
3                                      1.5000000000000000e+01
4                                      1.6000000000000000e+01
5                                      8.0000000000000000e+00
6                                      6.0000000000000000e+00
7                                      6.0000000000000000e+00
8                                      1.6000000000000000e+01
9                                      6.0000000000000000e+00
10                                     1.6000000000000000e+01
11                                     1.5000000000000000e+01
12                                     1.6000000000000000e+01
13                                     8.0000000000000000e+00
14                                     6.0000000000000000e+00
15                                     6.0000000000000000e+00
16                                     8.0000000000000000e+00
17                                     6.0000000000000000e+00
18                                     6.0000000000000000e+00
19                                     1.0000000000000000e+00
20                                     1.0000000000000000e+00
21                                     1.0000000000000000e+00
22                                     1.0000000000000000e+00
23                                     1.0000000000000000e+00
24                                     1.0000000000000000e+00
25                                     1.0000000000000000e+00
26                                     1.0000000000000000e+00
27                                     1.0000000000000000e+00
28                                     1.0000000000000000e+00
29                                     1.0000000000000000e+00
30                                     1.0000000000000000e+00
31                                     1.0000000000000000e+00
32                                     1.0000000000000000e+00
33                                     1.0000000000000000e+00
34                                     1.0000000000000000e+00
35                                     1.0000000000000000e+00
36                                     1.0000000000000000e+00
37                                     1.0000000000000000e+00
38                                     1.0000000000000000e+00
39                                     1.0000000000000000e+00
40                                     1.0000000000000000e+00
   &QA [&Type "ArrayOfDoubles", &Dim (41,1)] "Mulliken gross atomic charge"
                                                         0

0                                     -3.1971062330588573e-01
1                                      1.6062002799159814e-03
2                                     -3.8329090847090441e-01
3                                      6.0132740346982061e-01
4                                     -2.9736251775007361e-01
5                                     -3.5161724351754131e-01
6                                     -1.7660326417601624e-02
7                                     -2.9742265771563403e-01
8                                     -1.0798033122667761e-01
9                                     -3.5547787851154222e-01
10                                    -6.5208013384914665e-02
11                                     6.1043070407970212e-01
12                                    -3.1808950466258779e-01
13                                    -3.8277171961585132e-01
14                                    -7.6954135826650116e-03
15                                    -3.1397558784388746e-01
16                                    -3.8090235141211792e-01
17                                    -3.4060951379704107e-03
18                                    -3.0837615466380264e-01
19                                     1.1559162510374887e-01
20                                     1.1690106581621085e-01
21                                     1.2922976319066048e-01
22                                     1.1439814960269634e-01
23                                     1.0607464302023162e-01
24                                     1.0651193495683720e-01
25                                     1.1335757339382235e-01
26                                     1.2704209470177352e-01
27                                     1.0811593560113397e-01
28                                     1.2976179950574673e-01
29                                     1.8358122851091274e-01
30                                     2.0020986375253658e-01
31                                     1.1190377328549606e-01
32                                     1.0410061078796518e-01
33                                     1.1363517829449998e-01
34                                     1.3079144429154155e-01
35                                     1.1291950359122438e-01
36                                     1.1471421586218378e-01
37                                     1.0886790704623406e-01
38                                     1.1458239919314406e-01
39                                     1.2268703388311364e-01
40                                     1.1260527599862069e-01
   &VA [&Type "ArrayOfDoubles", &Dim (41,1)] "Mayer's total valence"
                                                         0

0                                      3.9893519504558013e+00
1                                      4.0042746347295379e+00
2                                      2.1746925255561660e+00
3                                      4.9540587565127181e+00
4                                      2.0498410585881968e+00
5                                      2.1763221297583297e+00
6                                      4.0110900227032564e+00
7                                      3.9806973989441956e+00
8                                      2.2892818758135545e+00
9                                      3.8038933317740655e+00
10                                     2.2403076281898966e+00
11                                     4.9497715058661251e+00
12                                     2.0358888090814835e+00
13                                     2.1707283073672414e+00
14                                     3.9998862079199786e+00
15                                     3.9984148539095044e+00
16                                     2.1618857256163824e+00
17                                     4.0057060127454198e+00
18                                     3.9932319280323108e+00
19                                     9.5458940810615822e-01
20                                     9.6140212760969490e-01
21                                     9.8146376439770078e-01
22                                     9.7804032092094828e-01
23                                     9.4912305216800541e-01
24                                     9.7050708748074177e-01
25                                     9.4796067684997676e-01
26                                     9.8568983707753410e-01
27                                     9.5368603960068066e-01
28                                     9.6046009554643463e-01
29                                     9.6157656581772066e-01
30                                     9.6995831523253773e-01
31                                     9.8556127378882552e-01
32                                     9.4922497619941759e-01
33                                     9.6395161635897841e-01
34                                     9.7765431437709027e-01
35                                     9.5438462282357650e-01
36                                     9.7717321888983943e-01
37                                     9.4881861992004846e-01
38                                     9.6091216186640338e-01
39                                     9.8070121556127077e-01
40                                     9.5343713413827724e-01
   &BVA [&Type "ArrayOfDoubles", &Dim (41,1)] "Mayer's bonded valence"
                                                         0

0                                      3.9893519504558679e+00
1                                      4.0042746347295131e+00
2                                      2.1746925255561185e+00
3                                      4.9540587565125600e+00
4                                      2.0498410585881777e+00
5                                      2.1763221297584119e+00
6                                      4.0110900227032689e+00
7                                      3.9806973989441850e+00
8                                      2.2892818758136682e+00
9                                      3.8038933317741197e+00
10                                     2.2403076281897487e+00
11                                     4.9497715058661420e+00
12                                     2.0358888090813498e+00
13                                     2.1707283073672690e+00
14                                     3.9998862079199977e+00
15                                     3.9984148539095155e+00
16                                     2.1618857256163482e+00
17                                     4.0057060127454367e+00
18                                     3.9932319280323538e+00
19                                     9.5458940810616166e-01
20                                     9.6140212760970234e-01
21                                     9.8146376439770466e-01
22                                     9.7804032092094750e-01
23                                     9.4912305216800785e-01
24                                     9.7050708748074754e-01
25                                     9.4796067684997753e-01
26                                     9.8568983707753755e-01
27                                     9.5368603960067566e-01
28                                     9.6046009554643352e-01
29                                     9.6157656581771944e-01
30                                     9.6995831523253617e-01
31                                     9.8556127378882452e-01
32                                     9.4922497619941648e-01
33                                     9.6395161635898352e-01
34                                     9.7765431437709494e-01
35                                     9.5438462282356407e-01
36                                     9.7717321888983011e-01
37                                     9.4881861992004080e-01
38                                     9.6091216186640316e-01
39                                     9.8070121556127432e-01
40                                     9.5343713413827735e-01
   &FA [&Type "ArrayOfDoubles", &Dim (41,1)] "Mayer's free valence"
                                                         0

0                                      0.0000000000000000e+00
1                                      0.0000000000000000e+00
2                                      0.0000000000000000e+00
3                                      0.0000000000000000e+00
4                                      0.0000000000000000e+00
5                                      0.0000000000000000e+00
6                                      0.0000000000000000e+00
7                                      0.0000000000000000e+00
8                                      0.0000000000000000e+00
9                                      0.0000000000000000e+00
10                                     0.0000000000000000e+00
11                                     0.0000000000000000e+00
12                                     0.0000000000000000e+00
13                                     0.0000000000000000e+00
14                                     0.0000000000000000e+00
15                                     0.0000000000000000e+00
16                                     0.0000000000000000e+00
17                                     0.0000000000000000e+00
18                                     0.0000000000000000e+00
19                                     0.0000000000000000e+00
20                                     0.0000000000000000e+00
21                                     0.0000000000000000e+00
22                                     0.0000000000000000e+00
23                                     0.0000000000000000e+00
24                                     0.0000000000000000e+00
25                                     0.0000000000000000e+00
26                                     0.0000000000000000e+00
27                                     0.0000000000000000e+00
28                                     0.0000000000000000e+00
29                                     0.0000000000000000e+00
30                                     0.0000000000000000e+00
31                                     0.0000000000000000e+00
32                                     0.0000000000000000e+00
33                                     0.0000000000000000e+00
34                                     0.0000000000000000e+00
35                                     0.0000000000000000e+00
36                                     0.0000000000000000e+00
37                                     0.0000000000000000e+00
38                                     0.0000000000000000e+00
39                                     0.0000000000000000e+00
40                                     0.0000000000000000e+00
$End
$VdW_Correction
   &GeometryIndex 1
   &ListStatus       OUT
   &VDW [&Type "Double"]      -6.3581001464736081e-02
$End
$Calculation_Info
   &GeometryIndex 1
   &ListStatus       OUT
   &MULT [&Type "Integer"] 1
   &CHARGE [&Type "Integer"] 0
   &NUMOFATOMS [&Type "Integer"] 41
   &NUMOFELECTRONS [&Type "Integer"] 202
   &NUMOFFCELECTRONS [&Type "Integer"] 1
   &NUMOFCORRELECTRONS [&Type "Integer"] 0
   &NUMOFBASISFUNCTS [&Type "Integer"] 334
   &NUMOFAUXCBASISFUNCTS [&Type "Integer"] 0
   &NUMOFAUXJBASISFUNCTS [&Type "Integer"] 1185
   &NUMOFAUXJKBASISFUNCTS [&Type "Integer"] 0
   &NUMOFCABSBASISFUNCTS [&Type "Integer"] 0
   &TOTALENERGY [&Type "Double"]      -2.9295167214425310e+03  "Hartrees"
$End
$SCF_Dipole_Moment
   &GeometryIndex 1
   &ListStatus       OUT
   &METHOD [&Type "String"] "SCF"
   &LEVEL [&Type "String"] "Relaxed density"
   &MULT [&Type "Integer"] 1
   &STATE [&Type "Integer"] -1
   &IRREP [&Type "Integer"] 0
   &NATOMS [&Type "Integer"] 41
   &DODIPOLEATOM [&Type "Boolean"] false
   &DIPOLEELECCONTRIB [&Type "ArrayOfDoubles", &Dim (3,1)] "Electronic contribution"
                                                         0

0                                      1.5979450076778088e+00
1                                      1.2125994568513791e+01
2                                     -6.8882880910550748e+00
   &DIPOLENUCCONTRIB [&Type "ArrayOfDoubles", &Dim (3,1)] "Nuclear contribution"
                                                         0

0                                     -9.0908794935340254e-01
1                                     -1.3758701530877772e+01
2                                      7.5638287080010915e+00
   &DIPOLETOTAL [&Type "ArrayOfDoubles", &Dim (3,1)] "Total"
                                                         0

0                                      6.8885705832440625e-01
1                                     -1.6327069623639812e+00
2                                      6.7554061694601675e-01
   &DIPOLEMAGNITUDE [&Type "Double", &Units "a.u."]       1.8964733578141766e+00
$End
