*************************************************
******************* ORCA 6.0.0 ******************
*************************************************
$Calculation_Status
   &GeometryIndex 1
   &ListStatus       OUT
   &VERSION [&Type "String"] "6.0.0"
   &PROGNAME [&Type "String"] "LeanSCF"
   &STATUS [&Type "String"] "NORMAL TERMINATION"
$End
$Geometry
   &GeometryIndex 1
   &ListStatus       OUT
   &NATOMS [&Type "Integer"] 41
   &NCORELESSECP [&Type "Integer"] 0
   &NGHOSTATOMS [&Type "Integer"] 0
   &CartesianCoordinates [&Type "Coordinates", &Dim(41,4), &Units "Bohr"] 
              C      9.586620535675   -4.952267725435   -1.402113183944
              C      7.739208458839   -2.988398424377   -2.367926031859
              O      5.654796350382   -2.857744718368   -0.618107188612
              P      3.946845542554   -0.403743273423   -0.324548584871
              S      5.867189519885    2.768283782868   -0.189214713955
              O      2.305398753131   -1.146784913979    2.059230881278
              C      3.165364900883   -0.644901181773    4.610807689051
              C      1.976131947480    1.756925961885    5.617680200079
              S      1.272243925929   -0.776406366820   -3.259563529089
              C      0.199756732418    2.481764935264   -3.245471608872
              S     -1.234553573648    3.391809773830   -0.289213576472
              P     -4.382839554354    0.867083747945   -0.476943798866
              S     -5.696658914099    0.129018266526   -3.844107261223
              O     -6.399873798382    2.234433097749    1.234171190778
              C     -5.922535385959    3.379798361017    3.673571984978
              C     -5.972291152623    1.441584683986    5.779636047111
              O     -3.547219474418   -1.538954178537    1.135134346261
              C     -3.137348704857   -4.027682079595    0.132959153562
              C     -5.124641808199   -5.807431348702    1.176594540797
              H     10.327781047028   -4.390268834827    0.428053032230
              H      8.643766125330   -6.765329797935   -1.211623433216
              H     11.136259538712   -5.127513953439   -2.733281357953
              H      6.984413317938   -3.507333220685   -4.218871691908
              H      8.617514842050   -1.118076978222   -2.490813126163
              H      2.573214402552   -2.297337410289    5.692385436586
              H      5.226747431707   -0.510547580210    4.617904370731
              H      2.603819804951    3.377198961273    4.518340742756
              H     -0.069469631389    1.635961104752    5.493418160882
              H      2.527314087650    2.016055081864    7.575752774347
              H     -1.172420339480    2.646359222270   -4.771998546408
              H      1.805761064937    3.739115242806   -3.527249010962
              H     -4.108674095554    4.367788048970    3.595319418635
              H     -7.448143702866    4.752851531304    3.875330916250
              H     -5.715389614598    2.398922996473    7.575989962000
              H     -7.774423943761    0.457233422009    5.787312436865
              H     -4.470855904207    0.063887465616    5.521651996288
              H     -3.229627626047   -3.956209345874   -1.933205001754
              H     -1.233281125611   -4.575318648129    0.714095785255
              H     -6.989917373960   -5.209676316099    0.552883844979
              H     -4.759594007632   -7.702705201523    0.483816034561
              H     -5.073971460006   -5.809153530583    3.228623179915
$End
$SCF_Energy
   &GeometryIndex 1
   &ListStatus       OUT
   &SCF_ENERGY [&Type "Double"]      -2.9296419156168749e+03
$End
$DFT_Energy
   &GeometryIndex 1
   &ListStatus       OUT
   &NALPHAEL [&Type "Integer"] 101
   &NBETAEL [&Type "Integer"] 101
   &NTOTALEL [&Type "Integer"] 202
   &EEXCHANGE [&Type "Double"]      -2.3180458381359048e+02
   &ECORR [&Type "Double"]      -7.2938775138491092e+00
   &ECNL [&Type "Double"]       0.0000000000000000e+00
   &EXC [&Type "Double"]      -2.3909846132743959e+02
   &EEMBED [&Type "Double"]       0.0000000000000000e+00
   &FINALEN [&Type "Double"]      -2.9296419156168749e+03  "No Van der Waals correction"
$End
$Mulliken_Population_Analysis
   &GeometryIndex 1
   &ListStatus       OUT
   &NATOMS [&Type "Integer"] 41
   &ATNO [&Type "ArrayOfIntegers", &Dim (41,1)] 
                                                         0

0                                                        6
1                                                        6
2                                                        8
3                                                       15
4                                                       16
5                                                        8
6                                                        6
7                                                        6
8                                                       16
9                                                        6
10                                                      16
11                                                      15
12                                                      16
13                                                       8
14                                                       6
15                                                       6
16                                                       8
17                                                       6
18                                                       6
19                                                       1
20                                                       1
21                                                       1
22                                                       1
23                                                       1
24                                                       1
25                                                       1
26                                                       1
27                                                       1
28                                                       1
29                                                       1
30                                                       1
31                                                       1
32                                                       1
33                                                       1
34                                                       1
35                                                       1
36                                                       1
37                                                       1
38                                                       1
39                                                       1
40                                                       1
   &ATOMICCHARGES [&Type "ArrayOfDoubles", &Dim (41,1)] 
                                                         0

0                                     -2.8170531258179565e-01
1                                     -1.1246687575376058e-02
2                                     -3.7946739049976408e-01
3                                      6.1851563096204387e-01
4                                     -3.3683139243435178e-01
5                                     -3.5895390679056405e-01
6                                     -1.5503883684697684e-03
7                                     -3.0744692260259754e-01
8                                     -8.7637178824703454e-02
9                                     -3.4614463626842884e-01
10                                    -1.1895415522826269e-01
11                                     6.2884126361006309e-01
12                                    -3.1723648652772241e-01
13                                    -3.6090939706853753e-01
14                                    -3.0771740785480617e-02
15                                    -3.1509694705703417e-01
16                                    -3.8279777644804014e-01
17                                    -1.8177379030621665e-02
18                                    -2.7634657515045991e-01
19                                     1.1689658811450498e-01
20                                     1.1666422760153461e-01
21                                     1.1348308394458906e-01
22                                     1.0318535700988396e-01
23                                     1.0747607147212501e-01
24                                     1.0548029558800653e-01
25                                     1.0449345551655309e-01
26                                     1.3165449308141985e-01
27                                     1.2175652411777604e-01
28                                     1.0633100981284471e-01
29                                     1.9411878828034113e-01
30                                     1.9195368065319096e-01
31                                     1.2519464608208675e-01
32                                     1.1628877690830386e-01
33                                     1.1146628728714547e-01
34                                     1.2102958506016681e-01
35                                     1.4815023912579028e-01
36                                     1.1466441271428152e-01
37                                     1.0249869374321119e-01
38                                     1.1550358094561108e-01
39                                     1.0770383603035161e-01
40                                     1.0792374558008211e-01
$End
$Loewdin_Population_Analysis
   &GeometryIndex 1
   &ListStatus       OUT
   &NATOMS [&Type "Integer"] 41
   &ATNO [&Type "ArrayOfIntegers", &Dim (41,1)] 
                                                         0

0                                                        6
1                                                        6
2                                                        8
3                                                       15
4                                                       16
5                                                        8
6                                                        6
7                                                        6
8                                                       16
9                                                        6
10                                                      16
11                                                      15
12                                                      16
13                                                       8
14                                                       6
15                                                       6
16                                                       8
17                                                       6
18                                                       6
19                                                       1
20                                                       1
21                                                       1
22                                                       1
23                                                       1
24                                                       1
25                                                       1
26                                                       1
27                                                       1
28                                                       1
29                                                       1
30                                                       1
31                                                       1
32                                                       1
33                                                       1
34                                                       1
35                                                       1
36                                                       1
37                                                       1
38                                                       1
39                                                       1
40                                                       1
   &ATOMICCHARGES [&Type "ArrayOfDoubles", &Dim (41,1)] 
                                                         0

0                                      6.6516437821189196e-03
1                                      9.6007350028798705e-02
2                                      5.2763776944903418e-01
3                                      5.1508778019733761e-02
4                                      8.8275812394775208e-05
5                                      2.8529139222528987e-01
6                                      2.6691282043181396e-02
7                                      7.2504568494493324e-04
8                                      3.9722719208483241e-04
9                                      1.4910300818764494e-04
10                                     8.1326223010829625e-05
11                                     7.5931237273741997e-05
12                                     3.7370359199208696e-06
13                                     1.9465691822796814e-04
14                                     7.3682416109843598e-06
15                                     7.0507202282161156e-06
16                                     2.9704670915096723e-03
17                                     7.4044979506646721e-04
18                                     5.8557294863132814e-05
19                                     1.7187226132249458e-05
20                                     6.2065805590983900e-06
21                                     1.0230447408890949e-04
22                                     8.3588784583797114e-05
23                                     2.3230848071796982e-04
24                                     7.2580079685061866e-05
25                                     1.0569088529969884e-04
26                                     5.5334096362531075e-07
27                                     7.0130262966660916e-06
28                                     5.3263681722326751e-05
29                                     8.7352816581501588e-06
30                                     9.5372095206261400e-06
31                                     7.6666878256581224e-07
32                                     7.6910063836002522e-08
33                                     1.7943293945800827e-07
34                                     1.0967521087630506e-07
35                                     7.2061879179936576e-06
36                                     2.6790401014203334e-07
37                                     4.3919529667655402e-06
38                                     1.0870169868575756e-08
39                                     5.0688726046876637e-07
40                                     1.0265596704558295e-07
$End
$Mayer_Population_Analysis
   &GeometryIndex 1
   &ListStatus       OUT
   &NATOMS [&Type "Integer"] 41 "Total number of atoms"
   &BONDTHRESH [&Type "Double"]       1.0000000000000001e-01  "The threshold for printing"
   &NBONDORDERSPRINT [&Type "Integer"] 42 "The number of bond orders larger than threshold"
   &BONDORDERS [&Type "ArrayOfDoubles", &Dim (42,1)] "The bond orders"
                                                         0

0                                      1.1614703834317379e+00
1                                      9.5121850393160057e-01
2                                      9.5078598156470129e-01
3                                      9.4182128578386659e-01
4                                      9.0410441458663315e-01
5                                      9.3056519163163998e-01
6                                      9.0648763993746451e-01
7                                      1.1100969012956781e+00
8                                      1.5967428903269001e+00
9                                      1.1271971372620224e+00
10                                     9.6342100676721643e-01
11                                     1.0875799011265061e-01
12                                     8.9334884068574749e-01
13                                     1.1732758901044436e+00
14                                     9.3336744223956858e-01
15                                     9.1507418148587105e-01
16                                     9.3367633254594551e-01
17                                     9.3385532137381932e-01
18                                     9.3741863070514486e-01
19                                     9.9337992407330111e-01
20                                     1.0230981584364300e+00
21                                     8.8079404096817848e-01
22                                     8.8432349983246406e-01
23                                     9.3188224156855948e-01
24                                     1.0214060634570393e-01
25                                     1.6329520382689704e+00
26                                     1.1443803513584341e+00
27                                     1.0856627987059637e+00
28                                     9.0381283400328327e-01
29                                     1.1655509203664292e+00
30                                     9.1220631156173082e-01
31                                     9.3452343852063879e-01
32                                     9.3837518417970278e-01
33                                     9.4330563468476702e-01
34                                     9.2433095027763124e-01
35                                     8.9685540715117917e-01
36                                     1.1584503551297165e+00
37                                     9.0057605915877104e-01
38                                     9.2522694133685102e-01
39                                     9.4706519620449570e-01
40                                     9.4204463902726920e-01
41                                     9.5064050955790425e-01
   &COMPONENTS [&Type "ArrayOfIntegers", &Dim (42,4)] "The indices and atomic numbers of the bonding atoms"
                                                         0                           1                           2                           3

0                                                        0                           6                           1                           6
1                                                        0                           6                          19                           1
2                                                        0                           6                          20                           1
3                                                        0                           6                          21                           1
4                                                        1                           6                           2                           8
5                                                        1                           6                          22                           1
6                                                        1                           6                          23                           1
7                                                        2                           8                           3                          15
8                                                        3                          15                           4                          16
9                                                        3                          15                           5                           8
10                                                       3                          15                           8                          16
11                                                       4                          16                           8                          16
12                                                       5                           8                           6                           6
13                                                       6                           6                           7                           6
14                                                       6                           6                          24                           1
15                                                       6                           6                          25                           1
16                                                       7                           6                          26                           1
17                                                       7                           6                          27                           1
18                                                       7                           6                          28                           1
19                                                       8                          16                           9                           6
20                                                       9                           6                          10                          16
21                                                       9                           6                          29                           1
22                                                       9                           6                          30                           1
23                                                      10                          16                          11                          15
24                                                      10                          16                          12                          16
25                                                      11                          15                          12                          16
26                                                      11                          15                          13                           8
27                                                      11                          15                          16                           8
28                                                      13                           8                          14                           6
29                                                      14                           6                          15                           6
30                                                      14                           6                          31                           1
31                                                      14                           6                          32                           1
32                                                      15                           6                          33                           1
33                                                      15                           6                          34                           1
34                                                      15                           6                          35                           1
35                                                      16                           8                          17                           6
36                                                      17                           6                          18                           6
37                                                      17                           6                          36                           1
38                                                      17                           6                          37                           1
39                                                      18                           6                          38                           1
40                                                      18                           6                          39                           1
41                                                      18                           6                          40                           1
   &ATNO [&Type "ArrayOfIntegers", &Dim (41,1)] "Atomic number of the elements"
                                                         0

0                                                        6
1                                                        6
2                                                        8
3                                                       15
4                                                       16
5                                                        8
6                                                        6
7                                                        6
8                                                       16
9                                                        6
10                                                      16
11                                                      15
12                                                      16
13                                                       8
14                                                       6
15                                                       6
16                                                       8
17                                                       6
18                                                       6
19                                                       1
20                                                       1
21                                                       1
22                                                       1
23                                                       1
24                                                       1
25                                                       1
26                                                       1
27                                                       1
28                                                       1
29                                                       1
30                                                       1
31                                                       1
32                                                       1
33                                                       1
34                                                       1
35                                                       1
36                                                       1
37                                                       1
38                                                       1
39                                                       1
40                                                       1
   &NA [&Type "ArrayOfDoubles", &Dim (41,1)] "Mulliken gross atomic population"
                                                         0

0                                      6.2817053125817983e+00
1                                      6.0112466875753654e+00
2                                      8.3794673904997410e+00
3                                      1.4381484369037981e+01
4                                      1.6336831392434345e+01
5                                      8.3589539067905818e+00
6                                      6.0015503883684520e+00
7                                      6.3074469226026109e+00
8                                      1.6087637178824746e+01
9                                      6.3461446362684431e+00
10                                     1.6118954155228288e+01
11                                     1.4371158736389923e+01
12                                     1.6317236486527747e+01
13                                     8.3609093970685553e+00
14                                     6.0307717407854788e+00
15                                     6.3150969470570333e+00
16                                     8.3827977764480526e+00
17                                     6.0181773790306412e+00
18                                     6.2763465751504519e+00
19                                     8.8310341188549557e-01
20                                     8.8333577239846550e-01
21                                     8.8651691605541083e-01
22                                     8.9681464299011815e-01
23                                     8.9252392852787577e-01
24                                     8.9451970441199447e-01
25                                     8.9550654448344769e-01
26                                     8.6834550691858015e-01
27                                     8.7824347588222496e-01
28                                     8.9366899018715484e-01
29                                     8.0588121171965854e-01
30                                     8.0804631934680993e-01
31                                     8.7480535391791314e-01
32                                     8.8371122309169625e-01
33                                     8.8853371271285464e-01
34                                     8.7897041493983241e-01
35                                     8.5184976087421038e-01
36                                     8.8533558728571859e-01
37                                     8.9750130625678814e-01
38                                     8.8449641905438903e-01
39                                     8.9229616396964795e-01
40                                     8.9207625441991811e-01
   &ZA [&Type "ArrayOfDoubles", &Dim (41,1)] "Total nuclear charge"
                                                         0

0                                      6.0000000000000000e+00
1                                      6.0000000000000000e+00
2                                      8.0000000000000000e+00
3                                      1.5000000000000000e+01
4                                      1.6000000000000000e+01
5                                      8.0000000000000000e+00
6                                      6.0000000000000000e+00
7                                      6.0000000000000000e+00
8                                      1.6000000000000000e+01
9                                      6.0000000000000000e+00
10                                     1.6000000000000000e+01
11                                     1.5000000000000000e+01
12                                     1.6000000000000000e+01
13                                     8.0000000000000000e+00
14                                     6.0000000000000000e+00
15                                     6.0000000000000000e+00
16                                     8.0000000000000000e+00
17                                     6.0000000000000000e+00
18                                     6.0000000000000000e+00
19                                     1.0000000000000000e+00
20                                     1.0000000000000000e+00
21                                     1.0000000000000000e+00
22                                     1.0000000000000000e+00
23                                     1.0000000000000000e+00
24                                     1.0000000000000000e+00
25                                     1.0000000000000000e+00
26                                     1.0000000000000000e+00
27                                     1.0000000000000000e+00
28                                     1.0000000000000000e+00
29                                     1.0000000000000000e+00
30                                     1.0000000000000000e+00
31                                     1.0000000000000000e+00
32                                     1.0000000000000000e+00
33                                     1.0000000000000000e+00
34                                     1.0000000000000000e+00
35                                     1.0000000000000000e+00
36                                     1.0000000000000000e+00
37                                     1.0000000000000000e+00
38                                     1.0000000000000000e+00
39                                     1.0000000000000000e+00
40                                     1.0000000000000000e+00
   &QA [&Type "ArrayOfDoubles", &Dim (41,1)] "Mulliken gross atomic charge"
                                                         0

0                                     -2.8170531258179832e-01
1                                     -1.1246687575365399e-02
2                                     -3.7946739049974099e-01
3                                      6.1851563096201900e-01
4                                     -3.3683139243434468e-01
5                                     -3.5895390679058181e-01
6                                     -1.5503883684520048e-03
7                                     -3.0744692260261086e-01
8                                     -8.7637178824746087e-02
9                                     -3.4614463626844305e-01
10                                    -1.1895415522828756e-01
11                                     6.2884126361007731e-01
12                                    -3.1723648652774727e-01
13                                    -3.6090939706855529e-01
14                                    -3.0771740785478841e-02
15                                    -3.1509694705703328e-01
16                                    -3.8279777644805257e-01
17                                    -1.8177379030641205e-02
18                                    -2.7634657515045191e-01
19                                     1.1689658811450443e-01
20                                     1.1666422760153450e-01
21                                     1.1348308394458917e-01
22                                     1.0318535700988185e-01
23                                     1.0747607147212423e-01
24                                     1.0548029558800553e-01
25                                     1.0449345551655231e-01
26                                     1.3165449308141985e-01
27                                     1.2175652411777504e-01
28                                     1.0633100981284516e-01
29                                     1.9411878828034146e-01
30                                     1.9195368065319007e-01
31                                     1.2519464608208686e-01
32                                     1.1628877690830375e-01
33                                     1.1146628728714536e-01
34                                     1.2102958506016759e-01
35                                     1.4815023912578962e-01
36                                     1.1466441271428141e-01
37                                     1.0249869374321186e-01
38                                     1.1550358094561097e-01
39                                     1.0770383603035205e-01
40                                     1.0792374558008189e-01
   &VA [&Type "ArrayOfDoubles", &Dim (41,1)] "Mayer's total valence"
                                                         0

0                                      4.0029430300219202e+00
1                                      3.9671207557021688e+00
2                                      2.1665234613633655e+00
3                                      4.9607828883796516e+00
4                                      2.0494965149094515e+00
5                                      2.1839938108367858e+00
6                                      4.0104171095195378e+00
7                                      3.9881705886897691e+00
8                                      2.2682111603236268e+00
9                                      3.8403358887528514e+00
10                                     2.2846904734984959e+00
11                                     4.9438987908979746e+00
12                                     2.0375101935377824e+00
13                                     2.1757358961976272e+00
14                                     4.0187062931966908e+00
15                                     3.9834659787682916e+00
16                                     2.1721774794907440e+00
17                                     3.9653476913692187e+00
18                                     3.9953640524590019e+00
19                                     9.6069799714420734e-01
20                                     9.5817414108800669e-01
21                                     9.5442968339998280e-01
22                                     9.5518087326169765e-01
23                                     9.9555696635923097e-01
24                                     9.4689671945161280e-01
25                                     9.7607394811248971e-01
26                                     9.8557846235701119e-01
27                                     9.8232440369281537e-01
28                                     9.5327479306899143e-01
29                                     9.6747013975672802e-01
30                                     9.6578728346439524e-01
31                                     9.5202627813497820e-01
32                                     9.4701000263206336e-01
33                                     9.5336482127639355e-01
34                                     9.5693307843217790e-01
35                                     9.7875578593519852e-01
36                                     9.9617575634975264e-01
37                                     9.6902532627404270e-01
38                                     9.6895582793100765e-01
39                                     9.5631556960203346e-01
40                                     9.5822169087879183e-01
   &BVA [&Type "ArrayOfDoubles", &Dim (41,1)] "Mayer's bonded valence"
                                                         0

0                                      4.0029430300220090e+00
1                                      3.9671207557022319e+00
2                                      2.1665234613634339e+00
3                                      4.9607828883796063e+00
4                                      2.0494965149095030e+00
5                                      2.1839938108368160e+00
6                                      4.0104171095195715e+00
7                                      3.9881705886897865e+00
8                                      2.2682111603235486e+00
9                                      3.8403358887527990e+00
10                                     2.2846904734985150e+00
11                                     4.9438987908980119e+00
12                                     2.0375101935377455e+00
13                                     2.1757358961976414e+00
14                                     4.0187062931967068e+00
15                                     3.9834659787683018e+00
16                                     2.1721774794907409e+00
17                                     3.9653476913692147e+00
18                                     3.9953640524590730e+00
19                                     9.6069799714421666e-01
20                                     9.5817414108802124e-01
21                                     9.5442968339998913e-01
22                                     9.5518087326169965e-01
23                                     9.9555696635924174e-01
24                                     9.4689671945161369e-01
25                                     9.7607394811249293e-01
26                                     9.8557846235701285e-01
27                                     9.8232440369282714e-01
28                                     9.5327479306900054e-01
29                                     9.6747013975673180e-01
30                                     9.6578728346439568e-01
31                                     9.5202627813497120e-01
32                                     9.4701000263206425e-01
33                                     9.5336482127639743e-01
34                                     9.5693307843218478e-01
35                                     9.7875578593520574e-01
36                                     9.9617575634974487e-01
37                                     9.6902532627404148e-01
38                                     9.6895582793101576e-01
39                                     9.5631556960204356e-01
40                                     9.5822169087879128e-01
   &FA [&Type "ArrayOfDoubles", &Dim (41,1)] "Mayer's free valence"
                                                         0

0                                      0.0000000000000000e+00
1                                      0.0000000000000000e+00
2                                      0.0000000000000000e+00
3                                      0.0000000000000000e+00
4                                      0.0000000000000000e+00
5                                      0.0000000000000000e+00
6                                      0.0000000000000000e+00
7                                      0.0000000000000000e+00
8                                      0.0000000000000000e+00
9                                      0.0000000000000000e+00
10                                     0.0000000000000000e+00
11                                     0.0000000000000000e+00
12                                     0.0000000000000000e+00
13                                     0.0000000000000000e+00
14                                     0.0000000000000000e+00
15                                     0.0000000000000000e+00
16                                     0.0000000000000000e+00
17                                     0.0000000000000000e+00
18                                     0.0000000000000000e+00
19                                     0.0000000000000000e+00
20                                     0.0000000000000000e+00
21                                     0.0000000000000000e+00
22                                     0.0000000000000000e+00
23                                     0.0000000000000000e+00
24                                     0.0000000000000000e+00
25                                     0.0000000000000000e+00
26                                     0.0000000000000000e+00
27                                     0.0000000000000000e+00
28                                     0.0000000000000000e+00
29                                     0.0000000000000000e+00
30                                     0.0000000000000000e+00
31                                     0.0000000000000000e+00
32                                     0.0000000000000000e+00
33                                     0.0000000000000000e+00
34                                     0.0000000000000000e+00
35                                     0.0000000000000000e+00
36                                     0.0000000000000000e+00
37                                     0.0000000000000000e+00
38                                     0.0000000000000000e+00
39                                     0.0000000000000000e+00
40                                     0.0000000000000000e+00
$End
$VdW_Correction
   &GeometryIndex 1
   &ListStatus       OUT
   &VDW [&Type "Double"]      -6.6259990547438669e-02
$End
$Calculation_Info
   &GeometryIndex 1
   &ListStatus       OUT
   &MULT [&Type "Integer"] 1
   &CHARGE [&Type "Integer"] 0
   &NUMOFATOMS [&Type "Integer"] 41
   &NUMOFELECTRONS [&Type "Integer"] 202
   &NUMOFFCELECTRONS [&Type "Integer"] 1
   &NUMOFCORRELECTRONS [&Type "Integer"] 0
   &NUMOFBASISFUNCTS [&Type "Integer"] 334
   &NUMOFAUXCBASISFUNCTS [&Type "Integer"] 0
   &NUMOFAUXJBASISFUNCTS [&Type "Integer"] 1185
   &NUMOFAUXJKBASISFUNCTS [&Type "Integer"] 0
   &NUMOFCABSBASISFUNCTS [&Type "Integer"] 0
   &TOTALENERGY [&Type "Double"]      -2.9295230305511222e+03  "Hartrees"
$End
$SCF_Dipole_Moment
   &GeometryIndex 1
   &ListStatus       OUT
   &METHOD [&Type "String"] "SCF"
   &LEVEL [&Type "String"] "Relaxed density"
   &MULT [&Type "Integer"] 1
   &STATE [&Type "Integer"] -1
   &IRREP [&Type "Integer"] 0
   &NATOMS [&Type "Integer"] 41
   &DODIPOLEATOM [&Type "Boolean"] false
   &DIPOLEELECCONTRIB [&Type "ArrayOfDoubles", &Dim (3,1)] "Electronic contribution"
                                                         0

0                                     -3.7158501778885831e+00
1                                      1.2199036795552074e+01
2                                     -1.8407293763428477e+01
   &DIPOLENUCCONTRIB [&Type "ArrayOfDoubles", &Dim (3,1)] "Nuclear contribution"
                                                         0

0                                      4.3580517848961637e+00
1                                     -1.2996163265580048e+01
2                                      1.9774596117716381e+01
   &DIPOLETOTAL [&Type "ArrayOfDoubles", &Dim (3,1)] "Total"
                                                         0

0                                      6.4220160700758067e-01
1                                     -7.9712647002797432e-01
2                                      1.3673023542879044e+00
   &DIPOLEMAGNITUDE [&Type "Double", &Units "a.u."]       1.7080249533609349e+00
$End
