*************************************************
******************* ORCA 6.0.0 ******************
*************************************************
$Calculation_Status
   &GeometryIndex 1
   &ListStatus       OUT
   &VERSION [&Type "String"] "6.0.0"
   &PROGNAME [&Type "String"] "LeanSCF"
   &STATUS [&Type "String"] "NORMAL TERMINATION"
$End
$Geometry
   &GeometryIndex 1
   &ListStatus       OUT
   &NATOMS [&Type "Integer"] 41
   &NCORELESSECP [&Type "Integer"] 0
   &NGHOSTATOMS [&Type "Integer"] 0
   &CartesianCoordinates [&Type "Coordinates", &Dim(41,4), &Units "Bohr"] 
              C      6.242261954954   -5.678470420813   -1.548616274183
              C      7.250555144894   -3.573872814696   -3.199604252306
              O      7.520452700684   -1.205178811175   -1.850563444609
              P      5.414505544002    0.212084640154   -0.313610969250
              S      6.231371991801    3.783219198218    0.200509065462
              O      5.302934877742   -1.394212480485    2.228239569667
              C      4.025514709228   -0.573019716352    4.483073229139
              C      1.743132771654   -2.229838161380    4.989365401208
              S      2.003952118812   -0.494448512325   -2.378925214758
              C      0.541218004683    2.561658120641   -1.992717595657
              S     -1.178997270885    2.860148855923    0.956290966736
              P     -4.242857271032    0.533277551024   -0.123120578661
              S     -5.451395136173    0.961683377549   -3.609404878445
              O     -6.281702451961    1.021840047188    2.018468155746
              C     -7.852059011854    3.247840494910    2.023199996348
              C    -10.111829212543    2.726199799751    3.703044660588
              O     -3.215230971050   -2.175694820642    0.599747779236
              C     -4.191592223002   -4.448762354038   -0.551787472552
              C     -6.878185664294   -4.969699556314    0.279152876736
              H      6.252911368065   -7.430761509046   -2.615456284004
              H      7.410674962170   -5.890214979805    0.126913547762
              H      4.313491522496   -5.258150259417   -0.971664144705
              H      6.011786859302   -3.249607005419   -4.820137278577
              H      9.168617558732   -3.960758161965   -3.849003362490
              H      5.419752404140   -0.750244672433    5.994410533837
              H      3.493545713428    1.417989360522    4.289396048995
              H      0.360402198562   -2.048704908102    3.480413691883
              H      2.321226234112   -4.194352916730    5.130546556648
              H      0.873123547940   -1.647731177428    6.752701748965
              H     -0.769248497508    2.806197135116   -3.563782951005
              H      1.999442858658    4.019546575018   -1.982475304955
              H     -6.728762294844    4.827987007618    2.737616059947
              H     -8.429318206334    3.654920046752    0.077400411162
              H     -9.477552891047    2.237768481194    5.592638572828
              H    -11.285538514944    4.405106247468    3.791698377082
              H    -11.214725332304    1.168873463177    2.946702808893
              H     -4.080133941400   -4.241176329400   -2.606576465247
              H     -2.891345278296   -5.919207949380    0.075390416621
              H     -6.990705749562   -5.016055157264    2.329047707401
              H     -8.121217236105   -3.486062246948   -0.422592496790
              H     -7.492951056297   -6.771307291203   -0.484820866953
$End
$SCF_Energy
   &GeometryIndex 1
   &ListStatus       OUT
   &SCF_ENERGY [&Type "Double"]      -2.9296433996903497e+03
$End
$DFT_Energy
   &GeometryIndex 1
   &ListStatus       OUT
   &NALPHAEL [&Type "Integer"] 101
   &NBETAEL [&Type "Integer"] 101
   &NTOTALEL [&Type "Integer"] 202
   &EEXCHANGE [&Type "Double"]      -2.3180667234630747e+02
   &ECORR [&Type "Double"]      -7.2925688105064621e+00
   &ECNL [&Type "Double"]       0.0000000000000000e+00
   &EXC [&Type "Double"]      -2.3909924115681392e+02
   &EEMBED [&Type "Double"]       0.0000000000000000e+00
   &FINALEN [&Type "Double"]      -2.9296433996903497e+03  "No Van der Waals correction"
$End
$Mulliken_Population_Analysis
   &GeometryIndex 1
   &ListStatus       OUT
   &NATOMS [&Type "Integer"] 41
   &ATNO [&Type "ArrayOfIntegers", &Dim (41,1)] 
                                                         0

0                                                        6
1                                                        6
2                                                        8
3                                                       15
4                                                       16
5                                                        8
6                                                        6
7                                                        6
8                                                       16
9                                                        6
10                                                      16
11                                                      15
12                                                      16
13                                                       8
14                                                       6
15                                                       6
16                                                       8
17                                                       6
18                                                       6
19                                                       1
20                                                       1
21                                                       1
22                                                       1
23                                                       1
24                                                       1
25                                                       1
26                                                       1
27                                                       1
28                                                       1
29                                                       1
30                                                       1
31                                                       1
32                                                       1
33                                                       1
34                                                       1
35                                                       1
36                                                       1
37                                                       1
38                                                       1
39                                                       1
40                                                       1
   &ATOMICCHARGES [&Type "ArrayOfDoubles", &Dim (41,1)] 
                                                         0

0                                     -3.1672524391729251e-01
1                                     -8.1509916229949297e-03
2                                     -3.5939218229658110e-01
3                                      6.0137922092407337e-01
4                                     -3.0973347922413907e-01
5                                     -3.7361539456607851e-01
6                                     -3.4125175498083138e-03
7                                     -3.1966957441470800e-01
8                                     -1.1930529139363699e-01
9                                     -3.6268175505957778e-01
10                                    -8.1267464635267572e-02
11                                     6.1559922082645180e-01
12                                    -3.3345036337306411e-01
13                                    -3.7474828957327233e-01
14                                    -1.5245304621293698e-02
15                                    -2.8202758646743931e-01
16                                    -3.5360897927245460e-01
17                                    -5.0528259529691866e-04
18                                    -3.1033720168791934e-01
19                                     1.1514285371903721e-01
20                                     1.2701439200402964e-01
21                                     1.2747325379146290e-01
22                                     1.1752684135816338e-01
23                                     1.1532216318004462e-01
24                                     1.0364973101775421e-01
25                                     1.0384139121485614e-01
26                                     1.4889996632342495e-01
27                                     1.0401793001241899e-01
28                                     1.0389319039561817e-01
29                                     1.9533866577337955e-01
30                                     1.9759236184051043e-01
31                                     1.0704152884366058e-01
32                                     1.0917478433081840e-01
33                                     1.1837038172681091e-01
34                                     1.1489798594157175e-01
35                                     1.1999816442283251e-01
36                                     1.1404779338795423e-01
37                                     1.0662208093776226e-01
38                                     1.1832449063224670e-01
39                                     1.2442064703116340e-01
40                                     1.1428786263484803e-01
$End
$Loewdin_Population_Analysis
   &GeometryIndex 1
   &ListStatus       OUT
   &NATOMS [&Type "Integer"] 41
   &ATNO [&Type "ArrayOfIntegers", &Dim (41,1)] 
                                                         0

0                                                        6
1                                                        6
2                                                        8
3                                                       15
4                                                       16
5                                                        8
6                                                        6
7                                                        6
8                                                       16
9                                                        6
10                                                      16
11                                                      15
12                                                      16
13                                                       8
14                                                       6
15                                                       6
16                                                       8
17                                                       6
18                                                       6
19                                                       1
20                                                       1
21                                                       1
22                                                       1
23                                                       1
24                                                       1
25                                                       1
26                                                       1
27                                                       1
28                                                       1
29                                                       1
30                                                       1
31                                                       1
32                                                       1
33                                                       1
34                                                       1
35                                                       1
36                                                       1
37                                                       1
38                                                       1
39                                                       1
40                                                       1
   &ATOMICCHARGES [&Type "ArrayOfDoubles", &Dim (41,1)] 
                                                         0

0                                      2.8553228917107166e-05
1                                      1.6627640432765161e-04
2                                      5.3022633305067034e-03
3                                      1.2730246653097571e-03
4                                      5.3477640422726934e-06
5                                      1.8507311111294000e-02
6                                      3.7410239424787886e-03
7                                      1.0787273466166058e-04
8                                      2.0774862214625466e-05
9                                      2.8583380223612084e-04
10                                     5.9638300756938243e-04
11                                     5.3049644559456002e-02
12                                     7.7055840341742156e-05
13                                     5.3758356040070165e-01
14                                     9.4653874986506611e-02
15                                     7.0998487761579163e-03
16                                     2.5502243191074514e-01
17                                     2.0763777526272644e-02
18                                     8.9979429240645754e-04
19                                     2.1033542215249909e-06
20                                     4.7463852503257304e-07
21                                     5.6889136588028458e-06
22                                     4.6116487809660081e-08
23                                     8.3802575778687498e-07
24                                     2.4340876056592372e-05
25                                     5.7552086195161704e-06
26                                     2.3698820915301853e-06
27                                     2.6687406595371393e-06
28                                     7.3778131327894446e-06
29                                     4.2367079622315427e-06
30                                     5.5440512436658571e-06
31                                     7.3345272038126912e-05
32                                     1.9472711416592547e-04
33                                     7.8852073597530475e-06
34                                     1.0459494004786871e-04
35                                     1.5513068293992178e-05
36                                     2.5591698623656006e-05
37                                     1.6152931822777716e-04
38                                     3.8239643270974957e-05
39                                     3.1147341056475303e-05
40                                     1.0132892235071341e-04
$End
$Mayer_Population_Analysis
   &GeometryIndex 1
   &ListStatus       OUT
   &NATOMS [&Type "Integer"] 41 "Total number of atoms"
   &BONDTHRESH [&Type "Double"]       1.0000000000000001e-01  "The threshold for printing"
   &NBONDORDERSPRINT [&Type "Integer"] 43 "The number of bond orders larger than threshold"
   &BONDORDERS [&Type "ArrayOfDoubles", &Dim (43,1)] "The bond orders"
                                                         0

0                                      1.1688102961846611e+00
1                                      9.3449865426160961e-01
2                                      9.4213208362484946e-01
3                                      9.3659021459794167e-01
4                                      9.0087305988206345e-01
5                                      9.2190038847353173e-01
6                                      9.3403492567669122e-01
7                                      1.1548279014016147e+00
8                                      1.6392827100871068e+00
9                                      1.0923941935415924e+00
10                                     9.2587039488298439e-01
11                                     1.1143717780641317e-01
12                                     1.0438109790557476e-01
13                                     9.0288766525263942e-01
14                                     1.1643668166508345e+00
15                                     9.3531529425174553e-01
16                                     9.0211815908229742e-01
17                                     9.2079464045326165e-01
18                                     9.4615559964032137e-01
19                                     9.4039563115107594e-01
20                                     1.0187028206756288e+00
21                                     1.0010171014857563e+00
22                                     8.6834133295444260e-01
23                                     8.5698135365532457e-01
24                                     9.6612074523191527e-01
25                                     1.0797934673564905e-01
26                                     1.5990254821110157e+00
27                                     1.1130456536793858e+00
28                                     1.1239999781351677e+00
29                                     9.0077064231476889e-01
30                                     1.1615898246769618e+00
31                                     9.2949860153174602e-01
32                                     9.1006920889862308e-01
33                                     9.5021310600000641e-01
34                                     9.4138031807546096e-01
35                                     9.5135650592934373e-01
36                                     8.9668950709691131e-01
37                                     1.1649656977264435e+00
38                                     9.1644981732898601e-01
39                                     9.3336530131216533e-01
40                                     9.4591736559593609e-01
41                                     9.3447487534905604e-01
42                                     9.3863906536371788e-01
   &COMPONENTS [&Type "ArrayOfIntegers", &Dim (43,4)] "The indices and atomic numbers of the bonding atoms"
                                                         0                           1                           2                           3

0                                                        0                           6                           1                           6
1                                                        0                           6                          19                           1
2                                                        0                           6                          20                           1
3                                                        0                           6                          21                           1
4                                                        1                           6                           2                           8
5                                                        1                           6                          22                           1
6                                                        1                           6                          23                           1
7                                                        2                           8                           3                          15
8                                                        3                          15                           4                          16
9                                                        3                          15                           5                           8
10                                                       3                          15                           8                          16
11                                                       4                          16                           8                          16
12                                                       4                          16                          30                           1
13                                                       5                           8                           6                           6
14                                                       6                           6                           7                           6
15                                                       6                           6                          24                           1
16                                                       6                           6                          25                           1
17                                                       7                           6                          26                           1
18                                                       7                           6                          27                           1
19                                                       7                           6                          28                           1
20                                                       8                          16                           9                           6
21                                                       9                           6                          10                          16
22                                                       9                           6                          29                           1
23                                                       9                           6                          30                           1
24                                                      10                          16                          11                          15
25                                                      10                          16                          12                          16
26                                                      11                          15                          12                          16
27                                                      11                          15                          13                           8
28                                                      11                          15                          16                           8
29                                                      13                           8                          14                           6
30                                                      14                           6                          15                           6
31                                                      14                           6                          31                           1
32                                                      14                           6                          32                           1
33                                                      15                           6                          33                           1
34                                                      15                           6                          34                           1
35                                                      15                           6                          35                           1
36                                                      16                           8                          17                           6
37                                                      17                           6                          18                           6
38                                                      17                           6                          36                           1
39                                                      17                           6                          37                           1
40                                                      18                           6                          38                           1
41                                                      18                           6                          39                           1
42                                                      18                           6                          40                           1
   &ATNO [&Type "ArrayOfIntegers", &Dim (41,1)] "Atomic number of the elements"
                                                         0

0                                                        6
1                                                        6
2                                                        8
3                                                       15
4                                                       16
5                                                        8
6                                                        6
7                                                        6
8                                                       16
9                                                        6
10                                                      16
11                                                      15
12                                                      16
13                                                       8
14                                                       6
15                                                       6
16                                                       8
17                                                       6
18                                                       6
19                                                       1
20                                                       1
21                                                       1
22                                                       1
23                                                       1
24                                                       1
25                                                       1
26                                                       1
27                                                       1
28                                                       1
29                                                       1
30                                                       1
31                                                       1
32                                                       1
33                                                       1
34                                                       1
35                                                       1
36                                                       1
37                                                       1
38                                                       1
39                                                       1
40                                                       1
   &NA [&Type "ArrayOfDoubles", &Dim (41,1)] "Mulliken gross atomic population"
                                                         0

0                                      6.3167252439172952e+00
1                                      6.0081509916229860e+00
2                                      8.3593921822965882e+00
3                                      1.4398620779075946e+01
4                                      1.6309733479224139e+01
5                                      8.3736153945660803e+00
6                                      6.0034125175498154e+00
7                                      6.3196695744147364e+00
8                                      1.6119305291393598e+01
9                                      6.3626817550595867e+00
10                                     1.6081267464635228e+01
11                                     1.4384400779173570e+01
12                                     1.6333450363372993e+01
13                                     8.3747482895732670e+00
14                                     6.0152453046212937e+00
15                                     6.2820275864674482e+00
16                                     8.3536089792724315e+00
17                                     6.0005052825952978e+00
18                                     6.3103372016879229e+00
19                                     8.8485714628096379e-01
20                                     8.7298560799597069e-01
21                                     8.7252674620853710e-01
22                                     8.8247315864183684e-01
23                                     8.8467783681995549e-01
24                                     8.9635026898224501e-01
25                                     8.9615860878514386e-01
26                                     8.5110003367657461e-01
27                                     8.9598206998758090e-01
28                                     8.9610680960438127e-01
29                                     8.0466133422662012e-01
30                                     8.0240763815948846e-01
31                                     8.9295847115633942e-01
32                                     8.9082521566918316e-01
33                                     8.8162961827318953e-01
34                                     8.8510201405842903e-01
35                                     8.8000183557716738e-01
36                                     8.8595220661204499e-01
37                                     8.9337791906223718e-01
38                                     8.8167550936775252e-01
39                                     8.7557935296883560e-01
40                                     8.8571213736515197e-01
   &ZA [&Type "ArrayOfDoubles", &Dim (41,1)] "Total nuclear charge"
                                                         0

0                                      6.0000000000000000e+00
1                                      6.0000000000000000e+00
2                                      8.0000000000000000e+00
3                                      1.5000000000000000e+01
4                                      1.6000000000000000e+01
5                                      8.0000000000000000e+00
6                                      6.0000000000000000e+00
7                                      6.0000000000000000e+00
8                                      1.6000000000000000e+01
9                                      6.0000000000000000e+00
10                                     1.6000000000000000e+01
11                                     1.5000000000000000e+01
12                                     1.6000000000000000e+01
13                                     8.0000000000000000e+00
14                                     6.0000000000000000e+00
15                                     6.0000000000000000e+00
16                                     8.0000000000000000e+00
17                                     6.0000000000000000e+00
18                                     6.0000000000000000e+00
19                                     1.0000000000000000e+00
20                                     1.0000000000000000e+00
21                                     1.0000000000000000e+00
22                                     1.0000000000000000e+00
23                                     1.0000000000000000e+00
24                                     1.0000000000000000e+00
25                                     1.0000000000000000e+00
26                                     1.0000000000000000e+00
27                                     1.0000000000000000e+00
28                                     1.0000000000000000e+00
29                                     1.0000000000000000e+00
30                                     1.0000000000000000e+00
31                                     1.0000000000000000e+00
32                                     1.0000000000000000e+00
33                                     1.0000000000000000e+00
34                                     1.0000000000000000e+00
35                                     1.0000000000000000e+00
36                                     1.0000000000000000e+00
37                                     1.0000000000000000e+00
38                                     1.0000000000000000e+00
39                                     1.0000000000000000e+00
40                                     1.0000000000000000e+00
   &QA [&Type "ArrayOfDoubles", &Dim (41,1)] "Mulliken gross atomic charge"
                                                         0

0                                     -3.1672524391729517e-01
1                                     -8.1509916229860480e-03
2                                     -3.5939218229658820e-01
3                                      6.0137922092405383e-01
4                                     -3.0973347922413907e-01
5                                     -3.7361539456608028e-01
6                                     -3.4125175498154192e-03
7                                     -3.1966957441473642e-01
8                                     -1.1930529139359791e-01
9                                     -3.6268175505958666e-01
10                                    -8.1267464635228492e-02
11                                     6.1559922082643048e-01
12                                    -3.3345036337299305e-01
13                                    -3.7474828957326700e-01
14                                    -1.5245304621293698e-02
15                                    -2.8202758646744819e-01
16                                    -3.5360897927243151e-01
17                                    -5.0528259529780684e-04
18                                    -3.1033720168792289e-01
19                                     1.1514285371903621e-01
20                                     1.2701439200402931e-01
21                                     1.2747325379146290e-01
22                                     1.1752684135816316e-01
23                                     1.1532216318004451e-01
24                                     1.0364973101775499e-01
25                                     1.0384139121485614e-01
26                                     1.4889996632342539e-01
27                                     1.0401793001241910e-01
28                                     1.0389319039561873e-01
29                                     1.9533866577337988e-01
30                                     1.9759236184051154e-01
31                                     1.0704152884366058e-01
32                                     1.0917478433081684e-01
33                                     1.1837038172681047e-01
34                                     1.1489798594157097e-01
35                                     1.1999816442283262e-01
36                                     1.1404779338795501e-01
37                                     1.0662208093776282e-01
38                                     1.1832449063224748e-01
39                                     1.2442064703116440e-01
40                                     1.1428786263484803e-01
   &VA [&Type "ArrayOfDoubles", &Dim (41,1)] "Mayer's total valence"
                                                         0

0                                      4.0068898491073055e+00
1                                      4.0050006711903592e+00
2                                      2.1845389481224600e+00
3                                      4.9611397263020001e+00
4                                      2.0499025463410163e+00
5                                      2.1663414432209112e+00
6                                      3.9770419299873510e+00
7                                      3.9756327319898066e+00
8                                      2.2774898748726788e+00
9                                      3.7961570724666700e+00
10                                     2.2709925159584792e+00
11                                     4.9557635763443750e+00
12                                     2.0601182368903661e+00
13                                     2.1728169222128435e+00
14                                     3.9664211774094493e+00
15                                     4.0049169855507358e+00
16                                     2.2051328799387235e+00
17                                     3.9932013851083195e+00
18                                     3.9936552580541091e+00
19                                     9.5212817045112652e-01
20                                     9.6290439070356171e-01
21                                     9.7070055029968561e-01
22                                     9.5931500777745304e-01
23                                     9.4807078385500443e-01
24                                     9.4811260464364699e-01
25                                     1.0034431828140620e+00
26                                     1.0052234594997664e+00
27                                     9.5714634342695448e-01
28                                     9.5661310374127062e-01
29                                     9.7598529695093761e-01
30                                     9.8895464121229426e-01
31                                     9.5624240372067415e-01
32                                     9.8967787215591763e-01
33                                     9.5828382526868716e-01
34                                     9.5424285313541546e-01
35                                     9.5982931042588682e-01
36                                     9.8188675629806899e-01
37                                     9.4717304075305109e-01
38                                     9.5938620061599300e-01
39                                     9.8229100436251693e-01
40                                     9.5377607111381335e-01
   &BVA [&Type "ArrayOfDoubles", &Dim (41,1)] "Mayer's bonded valence"
                                                         0

0                                      4.0068898491073126e+00
1                                      4.0050006711904231e+00
2                                      2.1845389481224728e+00
3                                      4.9611397263018997e+00
4                                      2.0499025463410088e+00
5                                      2.1663414432208841e+00
6                                      3.9770419299873208e+00
7                                      3.9756327319897991e+00
8                                      2.2774898748727632e+00
9                                      3.7961570724665998e+00
10                                     2.2709925159586151e+00
11                                     4.9557635763442693e+00
12                                     2.0601182368905904e+00
13                                     2.1728169222128679e+00
14                                     3.9664211774094378e+00
15                                     4.0049169855506443e+00
16                                     2.2051328799387386e+00
17                                     3.9932013851083084e+00
18                                     3.9936552580541251e+00
19                                     9.5212817045112419e-01
20                                     9.6290439070355449e-01
21                                     9.7070055029968627e-01
22                                     9.5931500777745093e-01
23                                     9.4807078385501442e-01
24                                     9.4811260464363933e-01
25                                     1.0034431828140538e+00
26                                     1.0052234594997698e+00
27                                     9.5714634342695304e-01
28                                     9.5661310374127750e-01
29                                     9.7598529695093061e-01
30                                     9.8895464121229204e-01
31                                     9.5624240372067504e-01
32                                     9.8967787215591463e-01
33                                     9.5828382526867550e-01
34                                     9.5424285313540669e-01
35                                     9.5982931042587083e-01
36                                     9.8188675629807820e-01
37                                     9.4717304075305164e-01
38                                     9.5938620061599411e-01
39                                     9.8229100436250893e-01
40                                     9.5377607111380558e-01
   &FA [&Type "ArrayOfDoubles", &Dim (41,1)] "Mayer's free valence"
                                                         0

0                                      0.0000000000000000e+00
1                                      0.0000000000000000e+00
2                                      0.0000000000000000e+00
3                                      0.0000000000000000e+00
4                                      0.0000000000000000e+00
5                                      0.0000000000000000e+00
6                                      0.0000000000000000e+00
7                                      0.0000000000000000e+00
8                                      0.0000000000000000e+00
9                                      0.0000000000000000e+00
10                                     0.0000000000000000e+00
11                                     0.0000000000000000e+00
12                                     0.0000000000000000e+00
13                                     0.0000000000000000e+00
14                                     0.0000000000000000e+00
15                                     0.0000000000000000e+00
16                                     0.0000000000000000e+00
17                                     0.0000000000000000e+00
18                                     0.0000000000000000e+00
19                                     0.0000000000000000e+00
20                                     0.0000000000000000e+00
21                                     0.0000000000000000e+00
22                                     0.0000000000000000e+00
23                                     0.0000000000000000e+00
24                                     0.0000000000000000e+00
25                                     0.0000000000000000e+00
26                                     0.0000000000000000e+00
27                                     0.0000000000000000e+00
28                                     0.0000000000000000e+00
29                                     0.0000000000000000e+00
30                                     0.0000000000000000e+00
31                                     0.0000000000000000e+00
32                                     0.0000000000000000e+00
33                                     0.0000000000000000e+00
34                                     0.0000000000000000e+00
35                                     0.0000000000000000e+00
36                                     0.0000000000000000e+00
37                                     0.0000000000000000e+00
38                                     0.0000000000000000e+00
39                                     0.0000000000000000e+00
40                                     0.0000000000000000e+00
$End
$VdW_Correction
   &GeometryIndex 1
   &ListStatus       OUT
   &VDW [&Type "Double"]      -6.4114820919501186e-02
$End
$Calculation_Info
   &GeometryIndex 1
   &ListStatus       OUT
   &MULT [&Type "Integer"] 1
   &CHARGE [&Type "Integer"] 0
   &NUMOFATOMS [&Type "Integer"] 41
   &NUMOFELECTRONS [&Type "Integer"] 202
   &NUMOFFCELECTRONS [&Type "Integer"] 1
   &NUMOFCORRELECTRONS [&Type "Integer"] 0
   &NUMOFBASISFUNCTS [&Type "Integer"] 334
   &NUMOFAUXCBASISFUNCTS [&Type "Integer"] 0
   &NUMOFAUXJBASISFUNCTS [&Type "Integer"] 1185
   &NUMOFAUXJKBASISFUNCTS [&Type "Integer"] 0
   &NUMOFCABSBASISFUNCTS [&Type "Integer"] 0
   &TOTALENERGY [&Type "Double"]      -2.9295222745162696e+03  "Hartrees"
$End
$SCF_Dipole_Moment
   &GeometryIndex 1
   &ListStatus       OUT
   &METHOD [&Type "String"] "SCF"
   &LEVEL [&Type "String"] "Relaxed density"
   &MULT [&Type "Integer"] 1
   &STATE [&Type "Integer"] -1
   &IRREP [&Type "Integer"] 0
   &NATOMS [&Type "Integer"] 41
   &DODIPOLEATOM [&Type "Boolean"] false
   &DIPOLEELECCONTRIB [&Type "ArrayOfDoubles", &Dim (3,1)] "Electronic contribution"
                                                         0

0                                      1.4363241837676835e+01
1                                      1.6557614741254898e+01
2                                     -1.0600171449325321e+01
   &DIPOLENUCCONTRIB [&Type "ArrayOfDoubles", &Dim (3,1)] "Nuclear contribution"
                                                         0

0                                     -1.5375040268981598e+01
1                                     -1.8028649554516797e+01
2                                      1.1230241385052111e+01
   &DIPOLETOTAL [&Type "ArrayOfDoubles", &Dim (3,1)] "Total"
                                                         0

0                                     -1.0117984313047632e+00
1                                     -1.4710348132618982e+00
2                                      6.3006993572678915e-01
   &DIPOLEMAGNITUDE [&Type "Double", &Units "a.u."]       1.8933218456791776e+00
$End
