*************************************************
******************* ORCA 6.0.0 ******************
*************************************************
$Calculation_Status
   &GeometryIndex 1
   &ListStatus       OUT
   &VERSION [&Type "String"] "6.0.0"
   &PROGNAME [&Type "String"] "LeanSCF"
   &STATUS [&Type "String"] "NORMAL TERMINATION"
$End
$Geometry
   &GeometryIndex 1
   &ListStatus       OUT
   &NATOMS [&Type "Integer"] 41
   &NCORELESSECP [&Type "Integer"] 0
   &NGHOSTATOMS [&Type "Integer"] 0
   &CartesianCoordinates [&Type "Coordinates", &Dim(41,4), &Units "Bohr"] 
              C      9.146579565188    3.142510181499   -0.520576936193
              C      7.613574851122    2.482897235731   -2.845747527067
              O      6.192680997217    0.177945900207   -2.567463549053
              P      4.375275516378   -0.508255776858   -0.278191950241
              S      5.977431860041   -1.639761962137    2.872557853887
              O      2.644086608709   -2.567442210266   -1.575664926837
              C      2.942799884566   -5.260773977669   -1.264834741183
              C      0.490243330459   -6.392408755787   -0.314516321167
              S      1.969923479223    2.660091268145   -0.031775276668
              C      0.692540781712    1.997241757436    3.070330797918
              S     -1.591662288718   -0.565847524805    3.112980646487
              P     -3.985801765680    0.579159340941    0.098898839518
              S     -3.239009973060   -0.570122265222   -3.351435010207
              O     -3.990654316319    3.530090536403    0.581475878352
              C     -4.575006080057    5.307135939815   -1.402650919688
              C     -7.343368480256    5.212990097518   -2.117623906366
              O     -6.732700696513   -0.206155784658    1.037372619965
              C     -7.811690165719   -2.641340190917    0.526494879466
              C     -6.724165651486   -4.649217262595    2.254325167617
              H      7.897523051731    3.553541120830    1.063038553015
              H     10.367260900416    1.574215848744    0.002644102350
              H     10.295037457115    4.795678565698   -0.913047229400
              H      8.827904045806    2.106680508182   -4.470129615180
              H      6.285080846140    3.998627810139   -3.303675101799
              H      3.437888644041   -5.993349810527   -3.128445920259
              H      4.491363484522   -5.618856715602    0.060566123970
              H      0.647609861923   -8.436548063629   -0.306104464174
              H      0.098350261658   -5.733250348114    1.593395130733
              H     -1.051487506024   -5.832136232425   -1.553173683803
              H     -0.200785171836    3.724697682525    3.729222107543
              H      2.220000607120    1.406985115802    4.325424212908
              H     -4.045927472345    7.131867758107   -0.603651334165
              H     -3.377015257783    4.884229580490   -3.035610924100
              H     -7.781878586247    3.389001178568   -2.965059812838
              H     -8.515550097625    5.470226319080   -0.451178263832
              H     -7.746518475104    6.695054724450   -3.477146705375
              H     -9.832077448525   -2.378460516173    0.840420605091
              H     -7.464725218779   -3.110307654760   -1.460391279100
              H     -7.007028062134   -4.126921041282    4.219958269696
              H     -7.642184506381   -6.444910585353    1.883237646235
              H     -4.702823902970   -4.844913495304    1.913455178754
$End
$SCF_Energy
   &GeometryIndex 1
   &ListStatus       OUT
   &SCF_ENERGY [&Type "Double"]      -2.9296360632590527e+03
$End
$DFT_Energy
   &GeometryIndex 1
   &ListStatus       OUT
   &NALPHAEL [&Type "Integer"] 101
   &NBETAEL [&Type "Integer"] 101
   &NTOTALEL [&Type "Integer"] 202
   &EEXCHANGE [&Type "Double"]      -2.3180531528602341e+02
   &ECORR [&Type "Double"]      -7.2956290830151547e+00
   &ECNL [&Type "Double"]       0.0000000000000000e+00
   &EXC [&Type "Double"]      -2.3910094436903856e+02
   &EEMBED [&Type "Double"]       0.0000000000000000e+00
   &FINALEN [&Type "Double"]      -2.9296360632590527e+03  "No Van der Waals correction"
$End
$Mulliken_Population_Analysis
   &GeometryIndex 1
   &ListStatus       OUT
   &NATOMS [&Type "Integer"] 41
   &ATNO [&Type "ArrayOfIntegers", &Dim (41,1)] 
                                                         0

0                                                        6
1                                                        6
2                                                        8
3                                                       15
4                                                       16
5                                                        8
6                                                        6
7                                                        6
8                                                       16
9                                                        6
10                                                      16
11                                                      15
12                                                      16
13                                                       8
14                                                       6
15                                                       6
16                                                       8
17                                                       6
18                                                       6
19                                                       1
20                                                       1
21                                                       1
22                                                       1
23                                                       1
24                                                       1
25                                                       1
26                                                       1
27                                                       1
28                                                       1
29                                                       1
30                                                       1
31                                                       1
32                                                       1
33                                                       1
34                                                       1
35                                                       1
36                                                       1
37                                                       1
38                                                       1
39                                                       1
40                                                       1
   &ATOMICCHARGES [&Type "ArrayOfDoubles", &Dim (41,1)] 
                                                         0

0                                     -3.0984660634091910e-01
1                                     -7.8323779085289758e-03
2                                     -3.7178680024701727e-01
3                                      6.2314349820092119e-01
4                                     -3.4023940596734192e-01
5                                     -3.4780341704377271e-01
6                                      4.0117804960981829e-03
7                                     -3.1962522640749746e-01
8                                     -9.9896006038861174e-02
9                                     -3.3690886161442357e-01
10                                    -9.9685139307858606e-02
11                                     6.1570458781323545e-01
12                                    -3.0719155704035828e-01
13                                    -3.7714399607921756e-01
14                                    -5.5259391738955443e-03
15                                    -3.0369014349700674e-01
16                                    -3.6637732059563000e-01
17                                    -6.4761855555115488e-03
18                                    -3.3430626405030317e-01
19                                     1.2163931610663903e-01
20                                     1.2775691193070748e-01
21                                     1.1006400691306828e-01
22                                     1.0963491511795553e-01
23                                     1.1158535584954898e-01
24                                     1.0061309429696730e-01
25                                     1.0496641435815035e-01
26                                     1.0046260531591744e-01
27                                     1.3444729421837620e-01
28                                     1.2706917522323957e-01
29                                     1.8674188913090040e-01
30                                     1.9188148515669901e-01
31                                     1.0281135248804674e-01
32                                     1.1529334711029282e-01
33                                     1.2346369862406470e-01
34                                     1.1732810134922467e-01
35                                     1.1249460125085109e-01
36                                     1.0561925883081202e-01
37                                     1.0724087713707364e-01
38                                     1.2159760650724394e-01
39                                     1.1526307727917773e-01
40                                     1.4350099616301404e-01
$End
$Loewdin_Population_Analysis
   &GeometryIndex 1
   &ListStatus       OUT
   &NATOMS [&Type "Integer"] 41
   &ATNO [&Type "ArrayOfIntegers", &Dim (41,1)] 
                                                         0

0                                                        6
1                                                        6
2                                                        8
3                                                       15
4                                                       16
5                                                        8
6                                                        6
7                                                        6
8                                                       16
9                                                        6
10                                                      16
11                                                      15
12                                                      16
13                                                       8
14                                                       6
15                                                       6
16                                                       8
17                                                       6
18                                                       6
19                                                       1
20                                                       1
21                                                       1
22                                                       1
23                                                       1
24                                                       1
25                                                       1
26                                                       1
27                                                       1
28                                                       1
29                                                       1
30                                                       1
31                                                       1
32                                                       1
33                                                       1
34                                                       1
35                                                       1
36                                                       1
37                                                       1
38                                                       1
39                                                       1
40                                                       1
   &ATOMICCHARGES [&Type "ArrayOfDoubles", &Dim (41,1)] 
                                                         0

0                                      4.9823822344278062e-05
1                                      1.7834707294825647e-03
2                                      9.5011564258092041e-03
3                                      1.2842813603352837e-03
4                                      1.1530301376740766e-05
5                                      1.3858438986218849e-02
6                                      2.1204067158841940e-03
7                                      2.1648235830721484e-04
8                                      3.5229517152560234e-04
9                                      3.2312969741912420e-04
10                                     1.2314089434986209e-04
11                                     4.6110840616815092e-02
12                                     1.0387212173054738e-04
13                                     2.5721530501734069e-01
14                                     2.3731181482476341e-02
15                                     8.8454265860085808e-04
16                                     5.3891859338931691e-01
17                                     9.9850602843100877e-02
18                                     2.0919360084804793e-03
19                                     4.9098683666573077e-07
20                                     2.5145083857529982e-07
21                                     3.8429173813629235e-06
22                                     1.3243501479774277e-05
23                                     1.7310745234209706e-06
24                                     3.0786786113625312e-06
25                                     1.0513252721373926e-05
26                                     1.0630560206105532e-05
27                                     2.0833127495987286e-06
28                                     4.5851570668232962e-06
29                                     2.7317837305218249e-05
30                                     1.3746211669945982e-05
31                                     1.7920381398651476e-04
32                                     4.0844547519128428e-05
33                                     5.8103813908516304e-05
34                                     3.6731362546652216e-05
35                                     1.0881578763551556e-04
36                                     6.1169186735422038e-04
37                                     1.8723010157281573e-04
38                                     3.8038679592729708e-06
39                                     1.2607006398592088e-04
40                                     2.4959231227566363e-05
$End
$Mayer_Population_Analysis
   &GeometryIndex 1
   &ListStatus       OUT
   &NATOMS [&Type "Integer"] 41 "Total number of atoms"
   &BONDTHRESH [&Type "Double"]       1.0000000000000001e-01  "The threshold for printing"
   &NBONDORDERSPRINT [&Type "Integer"] 42 "The number of bond orders larger than threshold"
   &BONDORDERS [&Type "ArrayOfDoubles", &Dim (42,1)] "The bond orders"
                                                         0

0                                      1.1635454807623893e+00
1                                      9.3362946017125270e-01
2                                      9.4204055623971505e-01
3                                      9.3504110814900321e-01
4                                      9.1600797328576589e-01
5                                      9.3449016476002900e-01
6                                      9.2870915637759943e-01
7                                      1.1205248074176695e+00
8                                      1.5939068745169755e+00
9                                      1.1568445552681035e+00
10                                     9.4207136327819396e-01
11                                     1.0717828575534272e-01
12                                     9.0161508296582837e-01
13                                     1.1661596121460920e+00
14                                     9.3245444496052032e-01
15                                     9.0325692211134112e-01
16                                     9.3646872789527724e-01
17                                     9.3505164533076046e-01
18                                     9.3656493536300855e-01
19                                     1.0168750902098729e+00
20                                     1.0002477743151834e+00
21                                     9.0297293088399710e-01
22                                     8.7129668172380692e-01
23                                     9.5473111876829886e-01
24                                     1.0442504367491114e-01
25                                     1.6271164810500800e+00
26                                     1.1084317288046182e+00
27                                     1.1005675588463262e+00
28                                     8.9874494036165209e-01
29                                     1.1660927132516372e+00
30                                     9.3428133754777731e-01
31                                     9.1497348440820636e-01
32                                     9.3497735383761915e-01
33                                     9.4581526613164002e-01
34                                     9.3882565919435867e-01
35                                     9.1422664990870361e-01
36                                     1.1633565823081720e+00
37                                     9.3216577099697095e-01
38                                     9.0786999681365199e-01
39                                     9.4440734003428484e-01
40                                     9.3916566442320193e-01
41                                     9.2849024388726598e-01
   &COMPONENTS [&Type "ArrayOfIntegers", &Dim (42,4)] "The indices and atomic numbers of the bonding atoms"
                                                         0                           1                           2                           3

0                                                        0                           6                           1                           6
1                                                        0                           6                          19                           1
2                                                        0                           6                          20                           1
3                                                        0                           6                          21                           1
4                                                        1                           6                           2                           8
5                                                        1                           6                          22                           1
6                                                        1                           6                          23                           1
7                                                        2                           8                           3                          15
8                                                        3                          15                           4                          16
9                                                        3                          15                           5                           8
10                                                       3                          15                           8                          16
11                                                       4                          16                           8                          16
12                                                       5                           8                           6                           6
13                                                       6                           6                           7                           6
14                                                       6                           6                          24                           1
15                                                       6                           6                          25                           1
16                                                       7                           6                          26                           1
17                                                       7                           6                          27                           1
18                                                       7                           6                          28                           1
19                                                       8                          16                           9                           6
20                                                       9                           6                          10                          16
21                                                       9                           6                          29                           1
22                                                       9                           6                          30                           1
23                                                      10                          16                          11                          15
24                                                      10                          16                          12                          16
25                                                      11                          15                          12                          16
26                                                      11                          15                          13                           8
27                                                      11                          15                          16                           8
28                                                      13                           8                          14                           6
29                                                      14                           6                          15                           6
30                                                      14                           6                          31                           1
31                                                      14                           6                          32                           1
32                                                      15                           6                          33                           1
33                                                      15                           6                          34                           1
34                                                      15                           6                          35                           1
35                                                      16                           8                          17                           6
36                                                      17                           6                          18                           6
37                                                      17                           6                          36                           1
38                                                      17                           6                          37                           1
39                                                      18                           6                          38                           1
40                                                      18                           6                          39                           1
41                                                      18                           6                          40                           1
   &ATNO [&Type "ArrayOfIntegers", &Dim (41,1)] "Atomic number of the elements"
                                                         0

0                                                        6
1                                                        6
2                                                        8
3                                                       15
4                                                       16
5                                                        8
6                                                        6
7                                                        6
8                                                       16
9                                                        6
10                                                      16
11                                                      15
12                                                      16
13                                                       8
14                                                       6
15                                                       6
16                                                       8
17                                                       6
18                                                       6
19                                                       1
20                                                       1
21                                                       1
22                                                       1
23                                                       1
24                                                       1
25                                                       1
26                                                       1
27                                                       1
28                                                       1
29                                                       1
30                                                       1
31                                                       1
32                                                       1
33                                                       1
34                                                       1
35                                                       1
36                                                       1
37                                                       1
38                                                       1
39                                                       1
40                                                       1
   &NA [&Type "ArrayOfDoubles", &Dim (41,1)] "Mulliken gross atomic population"
                                                         0

0                                      6.3098466063409155e+00
1                                      6.0078323779085210e+00
2                                      8.3717868002470066e+00
3                                      1.4376856501799057e+01
4                                      1.6340239405967303e+01
5                                      8.3478034170437869e+00
6                                      5.9959882195039098e+00
7                                      6.3196252264075072e+00
8                                      1.6099896006038914e+01
9                                      6.3369088616144111e+00
10                                     1.6099685139307844e+01
11                                     1.4384295412186782e+01
12                                     1.6307191557040486e+01
13                                     8.3771439960792549e+00
14                                     6.0055259391739071e+00
15                                     6.3036901434970032e+00
16                                     8.3663773205956460e+00
17                                     6.0064761855555036e+00
18                                     6.3343062640502952e+00
19                                     8.7836068389336197e-01
20                                     8.7224308806929318e-01
21                                     8.8993599308693128e-01
22                                     8.9036508488204524e-01
23                                     8.8841464415045279e-01
24                                     8.9938690570303303e-01
25                                     8.9503358564184943e-01
26                                     8.9953739468408267e-01
27                                     8.6555270578162313e-01
28                                     8.7293082477676132e-01
29                                     8.1325811086909860e-01
30                                     8.0811851484330055e-01
31                                     8.9718864751195293e-01
32                                     8.8470665288970707e-01
33                                     8.7653630137593541e-01
34                                     8.8267189865077544e-01
35                                     8.8750539874914991e-01
36                                     8.9438074116918875e-01
37                                     8.9275912286292625e-01
38                                     8.7840239349275717e-01
39                                     8.8473692272082283e-01
40                                     8.5649900383698463e-01
   &ZA [&Type "ArrayOfDoubles", &Dim (41,1)] "Total nuclear charge"
                                                         0

0                                      6.0000000000000000e+00
1                                      6.0000000000000000e+00
2                                      8.0000000000000000e+00
3                                      1.5000000000000000e+01
4                                      1.6000000000000000e+01
5                                      8.0000000000000000e+00
6                                      6.0000000000000000e+00
7                                      6.0000000000000000e+00
8                                      1.6000000000000000e+01
9                                      6.0000000000000000e+00
10                                     1.6000000000000000e+01
11                                     1.5000000000000000e+01
12                                     1.6000000000000000e+01
13                                     8.0000000000000000e+00
14                                     6.0000000000000000e+00
15                                     6.0000000000000000e+00
16                                     8.0000000000000000e+00
17                                     6.0000000000000000e+00
18                                     6.0000000000000000e+00
19                                     1.0000000000000000e+00
20                                     1.0000000000000000e+00
21                                     1.0000000000000000e+00
22                                     1.0000000000000000e+00
23                                     1.0000000000000000e+00
24                                     1.0000000000000000e+00
25                                     1.0000000000000000e+00
26                                     1.0000000000000000e+00
27                                     1.0000000000000000e+00
28                                     1.0000000000000000e+00
29                                     1.0000000000000000e+00
30                                     1.0000000000000000e+00
31                                     1.0000000000000000e+00
32                                     1.0000000000000000e+00
33                                     1.0000000000000000e+00
34                                     1.0000000000000000e+00
35                                     1.0000000000000000e+00
36                                     1.0000000000000000e+00
37                                     1.0000000000000000e+00
38                                     1.0000000000000000e+00
39                                     1.0000000000000000e+00
40                                     1.0000000000000000e+00
   &QA [&Type "ArrayOfDoubles", &Dim (41,1)] "Mulliken gross atomic charge"
                                                         0

0                                     -3.0984660634091554e-01
1                                     -7.8323779085209821e-03
2                                     -3.7178680024700661e-01
3                                      6.2314349820094250e-01
4                                     -3.4023940596730284e-01
5                                     -3.4780341704378692e-01
6                                      4.0117804960901893e-03
7                                     -3.1962522640750723e-01
8                                     -9.9896006038914464e-02
9                                     -3.3690886161441114e-01
10                                    -9.9685139307844395e-02
11                                     6.1570458781321769e-01
12                                    -3.0719155704048617e-01
13                                    -3.7714399607925486e-01
14                                    -5.5259391739070907e-03
15                                    -3.0369014349700318e-01
16                                    -3.6637732059564598e-01
17                                    -6.4761855555035552e-03
18                                    -3.3430626405029518e-01
19                                     1.2163931610663803e-01
20                                     1.2775691193070682e-01
21                                     1.1006400691306872e-01
22                                     1.0963491511795476e-01
23                                     1.1158535584954721e-01
24                                     1.0061309429696697e-01
25                                     1.0496641435815057e-01
26                                     1.0046260531591733e-01
27                                     1.3444729421837687e-01
28                                     1.2706917522323868e-01
29                                     1.8674188913090140e-01
30                                     1.9188148515669945e-01
31                                     1.0281135248804707e-01
32                                     1.1529334711029293e-01
33                                     1.2346369862406459e-01
34                                     1.1732810134922456e-01
35                                     1.1249460125085009e-01
36                                     1.0561925883081125e-01
37                                     1.0724087713707375e-01
38                                     1.2159760650724283e-01
39                                     1.1526307727917717e-01
40                                     1.4350099616301537e-01
   &VA [&Type "ArrayOfDoubles", &Dim (41,1)] "Mayer's total valence"
                                                         0

0                                      3.9872571462240334e+00
1                                      4.0220334010957686e+00
2                                      2.1831339140748827e+00
3                                      4.9655208720781907e+00
4                                      2.0478302577238723e+00
5                                      2.1983505184356904e+00
6                                      3.9796086396357491e+00
7                                      3.9893966698710539e+00
8                                      2.2995314438704977e+00
9                                      3.8521899244189242e+00
10                                     2.2530514178988925e+00
11                                     4.9526436388190218e+00
12                                     2.0885532074090771e+00
13                                     2.1729082161332167e+00
14                                     3.9959648132792300e+00
15                                     3.9926518219699374e+00
16                                     2.1784200972432450e+00
17                                     3.9952387590778606e+00
18                                     3.9905598996440510e+00
19                                     9.8619491019039618e-01
20                                     9.6734245765687588e-01
21                                     9.5271908121989191e-01
22                                     9.4805292903365890e-01
23                                     9.4998963246819712e-01
24                                     9.4812900852517912e-01
25                                     9.9472024082889809e-01
26                                     9.5289536148508580e-01
27                                     9.6902438412638880e-01
28                                     9.8231256953629942e-01
29                                     9.3842917387441083e-01
30                                     9.8123897508472779e-01
31                                     9.4945136867044522e-01
32                                     9.8283477781599204e-01
33                                     9.8605254366601425e-01
34                                     9.5963477512438866e-01
35                                     9.5387215964675909e-01
36                                     9.4887823287657191e-01
37                                     9.9458449464569321e-01
38                                     9.5790505278917537e-01
39                                     9.5562163118717069e-01
40                                     9.7455545155287582e-01
   &BVA [&Type "ArrayOfDoubles", &Dim (41,1)] "Mayer's bonded valence"
                                                         0

0                                      3.9872571462239690e+00
1                                      4.0220334010957934e+00
2                                      2.1831339140748889e+00
3                                      4.9655208720781419e+00
4                                      2.0478302577239407e+00
5                                      2.1983505184356695e+00
6                                      3.9796086396357668e+00
7                                      3.9893966698710579e+00
8                                      2.2995314438704613e+00
9                                      3.8521899244189695e+00
10                                     2.2530514178989138e+00
11                                     4.9526436388189348e+00
12                                     2.0885532074088724e+00
13                                     2.1729082161331243e+00
14                                     3.9959648132792167e+00
15                                     3.9926518219698846e+00
16                                     2.1784200972432122e+00
17                                     3.9952387590778522e+00
18                                     3.9905598996440861e+00
19                                     9.8619491019038930e-01
20                                     9.6734245765686455e-01
21                                     9.5271908121989168e-01
22                                     9.4805292903366156e-01
23                                     9.4998963246818591e-01
24                                     9.4812900852518034e-01
25                                     9.9472024082889443e-01
26                                     9.5289536148509679e-01
27                                     9.6902438412639058e-01
28                                     9.8231256953630264e-01
29                                     9.3842917387442104e-01
30                                     9.8123897508472568e-01
31                                     9.4945136867044078e-01
32                                     9.8283477781599848e-01
33                                     9.8605254366600581e-01
34                                     9.5963477512437911e-01
35                                     9.5387215964675920e-01
36                                     9.4887823287656992e-01
37                                     9.9458449464569187e-01
38                                     9.5790505278917959e-01
39                                     9.5562163118717525e-01
40                                     9.7455545155287515e-01
   &FA [&Type "ArrayOfDoubles", &Dim (41,1)] "Mayer's free valence"
                                                         0

0                                      0.0000000000000000e+00
1                                      0.0000000000000000e+00
2                                      0.0000000000000000e+00
3                                      0.0000000000000000e+00
4                                      0.0000000000000000e+00
5                                      0.0000000000000000e+00
6                                      0.0000000000000000e+00
7                                      0.0000000000000000e+00
8                                      0.0000000000000000e+00
9                                      0.0000000000000000e+00
10                                     0.0000000000000000e+00
11                                     0.0000000000000000e+00
12                                     0.0000000000000000e+00
13                                     0.0000000000000000e+00
14                                     0.0000000000000000e+00
15                                     0.0000000000000000e+00
16                                     0.0000000000000000e+00
17                                     0.0000000000000000e+00
18                                     0.0000000000000000e+00
19                                     0.0000000000000000e+00
20                                     0.0000000000000000e+00
21                                     0.0000000000000000e+00
22                                     0.0000000000000000e+00
23                                     0.0000000000000000e+00
24                                     0.0000000000000000e+00
25                                     0.0000000000000000e+00
26                                     0.0000000000000000e+00
27                                     0.0000000000000000e+00
28                                     0.0000000000000000e+00
29                                     0.0000000000000000e+00
30                                     0.0000000000000000e+00
31                                     0.0000000000000000e+00
32                                     0.0000000000000000e+00
33                                     0.0000000000000000e+00
34                                     0.0000000000000000e+00
35                                     0.0000000000000000e+00
36                                     0.0000000000000000e+00
37                                     0.0000000000000000e+00
38                                     0.0000000000000000e+00
39                                     0.0000000000000000e+00
40                                     0.0000000000000000e+00
$End
$VdW_Correction
   &GeometryIndex 1
   &ListStatus       OUT
   &VDW [&Type "Double"]      -6.7204626437620194e-02
$End
$Calculation_Info
   &GeometryIndex 1
   &ListStatus       OUT
   &MULT [&Type "Integer"] 1
   &CHARGE [&Type "Integer"] 0
   &NUMOFATOMS [&Type "Integer"] 41
   &NUMOFELECTRONS [&Type "Integer"] 202
   &NUMOFFCELECTRONS [&Type "Integer"] 1
   &NUMOFCORRELECTRONS [&Type "Integer"] 0
   &NUMOFBASISFUNCTS [&Type "Integer"] 334
   &NUMOFAUXCBASISFUNCTS [&Type "Integer"] 0
   &NUMOFAUXJBASISFUNCTS [&Type "Integer"] 1185
   &NUMOFAUXJKBASISFUNCTS [&Type "Integer"] 0
   &NUMOFCABSBASISFUNCTS [&Type "Integer"] 0
   &TOTALENERGY [&Type "Double"]      -2.9295189698293902e+03  "Hartrees"
$End
$SCF_Dipole_Moment
   &GeometryIndex 1
   &ListStatus       OUT
   &METHOD [&Type "String"] "SCF"
   &LEVEL [&Type "String"] "Relaxed density"
   &MULT [&Type "Integer"] 1
   &STATE [&Type "Integer"] -1
   &IRREP [&Type "Integer"] 0
   &NATOMS [&Type "Integer"] 41
   &DODIPOLEATOM [&Type "Boolean"] false
   &DIPOLEELECCONTRIB [&Type "ArrayOfDoubles", &Dim (3,1)] "Electronic contribution"
                                                         0

0                                      7.0030886331008579e+00
1                                      2.5730859970741653e+00
2                                      2.7170232508902115e+00
   &DIPOLENUCCONTRIB [&Type "ArrayOfDoubles", &Dim (3,1)] "Nuclear contribution"
                                                         0

0                                     -7.5942660805068423e+00
1                                     -1.9054383314381154e+00
2                                     -2.9716252629708868e+00
   &DIPOLETOTAL [&Type "ArrayOfDoubles", &Dim (3,1)] "Total"
                                                         0

0                                     -5.9117744740598432e-01
1                                      6.6764766563604994e-01
2                                     -2.5460201208067534e-01
   &DIPOLEMAGNITUDE [&Type "Double", &Units "a.u."]       9.2739763009523080e-01
$End
