*************************************************
******************* ORCA 6.0.0 ******************
*************************************************
$Calculation_Status
   &GeometryIndex 1
   &ListStatus       OUT
   &VERSION [&Type "String"] "6.0.0"
   &PROGNAME [&Type "String"] "LeanSCF"
   &STATUS [&Type "String"] "NORMAL TERMINATION"
$End
$Geometry
   &GeometryIndex 1
   &ListStatus       OUT
   &NATOMS [&Type "Integer"] 41
   &NCORELESSECP [&Type "Integer"] 0
   &NGHOSTATOMS [&Type "Integer"] 0
   &CartesianCoordinates [&Type "Coordinates", &Dim(41,4), &Units "Bohr"] 
              C      3.221048267698   -1.841691124285   -5.616368383755
              C      4.940815252984   -0.742563177206   -3.610331583134
              O      3.406281126866    0.591569044339   -1.759871507489
              P      3.718457489924    0.212678315949    1.166014612727
              S      1.553901632577    2.410566820514    3.201283130735
              O      6.665175650952    0.619369361264    1.540724046713
              C      7.812754395605    0.526734796450    4.014709736886
              C     10.456358383189    1.601404896523    3.790868951149
              S      3.262168375591   -3.703321907222    1.918792436775
              C     -0.140231392313   -3.672298514033    2.223153113641
              S     -1.782249524937   -3.468007613169   -0.800268789467
              P     -3.537014375417    0.137060509906   -0.851938420493
              S     -1.954131061733    3.044091293302   -2.536790503530
              O     -4.293487362010    0.377806976310    2.025730432049
              C     -5.051442457409    2.752282677629    3.129604196901
              C     -7.497622091182    3.714449378904    2.006323438817
              O     -6.158927970784   -0.600417101524   -2.129033297597
              C     -6.588311549925   -0.562775964703   -4.812547202064
              C     -9.367348982252   -0.034251963455   -5.266503599717
              H      4.366132664372   -2.641570255436   -7.117417117603
              H      2.023507716517   -3.310122733228   -4.819272217700
              H      2.022030970377   -0.361378414264   -6.386662810852
              H      6.224899779759    0.664402254643   -4.398308109068
              H      6.025066872669   -2.215153058020   -2.648890366052
              H      6.647285660885    1.630082593071    5.320130279882
              H      7.843669081921   -1.444015810800    4.633161362479
              H     11.365748268565    1.534014789314    5.627131935380
              H     11.549468093749    0.500804550429    2.447206441412
              H     10.373742085256    3.548654801352    3.145483397041
              H     -0.704784623658   -2.086055850074    3.410116608380
              H     -0.666157004442   -5.471584072379    3.060648587272
              H     -5.235473166919    2.317524271009    5.136327888028
              H     -3.518283203997    4.116151827093    2.862973326964
              H     -8.953020075676    2.271349692405    2.138834639791
              H     -8.094106901845    5.393004959280    3.023180599254
              H     -7.208875877242    4.198282917621    0.026163281757
              H     -5.391058677801    0.903100571801   -5.652322669015
              H     -6.040904305893   -2.406061657852   -5.567268016067
              H    -10.510745761081   -1.454455802382   -4.324419230661
              H     -9.867679312144    1.817533185886   -4.534589061023
              H     -9.738897807515   -0.086656708529   -7.282161746874
$End
$SCF_Energy
   &GeometryIndex 1
   &ListStatus       OUT
   &SCF_ENERGY [&Type "Double"]      -2.9296325349372328e+03
$End
$DFT_Energy
   &GeometryIndex 1
   &ListStatus       OUT
   &NALPHAEL [&Type "Integer"] 101
   &NBETAEL [&Type "Integer"] 101
   &NTOTALEL [&Type "Integer"] 202
   &EEXCHANGE [&Type "Double"]      -2.3180566948907295e+02
   &ECORR [&Type "Double"]      -7.2940436276686764e+00
   &ECNL [&Type "Double"]       0.0000000000000000e+00
   &EXC [&Type "Double"]      -2.3909971311674164e+02
   &EEMBED [&Type "Double"]       0.0000000000000000e+00
   &FINALEN [&Type "Double"]      -2.9296325349372328e+03  "No Van der Waals correction"
$End
$Mulliken_Population_Analysis
   &GeometryIndex 1
   &ListStatus       OUT
   &NATOMS [&Type "Integer"] 41
   &ATNO [&Type "ArrayOfIntegers", &Dim (41,1)] 
                                                         0

0                                                        6
1                                                        6
2                                                        8
3                                                       15
4                                                       16
5                                                        8
6                                                        6
7                                                        6
8                                                       16
9                                                        6
10                                                      16
11                                                      15
12                                                      16
13                                                       8
14                                                       6
15                                                       6
16                                                       8
17                                                       6
18                                                       6
19                                                       1
20                                                       1
21                                                       1
22                                                       1
23                                                       1
24                                                       1
25                                                       1
26                                                       1
27                                                       1
28                                                       1
29                                                       1
30                                                       1
31                                                       1
32                                                       1
33                                                       1
34                                                       1
35                                                       1
36                                                       1
37                                                       1
38                                                       1
39                                                       1
40                                                       1
   &ATOMICCHARGES [&Type "ArrayOfDoubles", &Dim (41,1)] 
                                                         0

0                                     -2.8935327526635035e-01
1                                     -4.9941884608664111e-03
2                                     -3.3438581181624372e-01
3                                      5.9677357435510103e-01
4                                     -3.0870471236084995e-01
5                                     -3.8236479164911330e-01
6                                     -1.1097307933302325e-02
7                                     -2.8046407026253029e-01
8                                     -1.1129670423551019e-01
9                                     -3.5767184384823381e-01
10                                    -1.0799738501674838e-01
11                                     6.1772983998462472e-01
12                                    -3.0171723104048453e-01
13                                    -3.7019104447834472e-01
14                                    -6.0937958743556564e-03
15                                    -3.0891175665563164e-01
16                                    -3.7863142145390682e-01
17                                    -7.1006805330329215e-03
18                                    -2.8686871605247077e-01
19                                     1.0152602592063475e-01
20                                     1.2366421693821572e-01
21                                     1.2436630329402854e-01
22                                     1.0994709864494068e-01
23                                     9.7412574825502030e-02
24                                     1.0598851885176430e-01
25                                     1.0311997983160037e-01
26                                     1.1272583673883885e-01
27                                     1.1458341471404188e-01
28                                     1.2320293031404184e-01
29                                     2.0905144799401365e-01
30                                     1.8308614071338392e-01
31                                     1.0214238688918287e-01
32                                     1.2806554973249806e-01
33                                     1.1480401249955818e-01
34                                     1.1061664436774044e-01
35                                     1.2553676961079074e-01
36                                     1.0174434095177243e-01
37                                     9.6620027600784475e-02
38                                     1.1566117955404343e-01
39                                     1.2042265468356783e-01
40                                     1.0905326792721826e-01
$End
$Loewdin_Population_Analysis
   &GeometryIndex 1
   &ListStatus       OUT
   &NATOMS [&Type "Integer"] 41
   &ATNO [&Type "ArrayOfIntegers", &Dim (41,1)] 
                                                         0

0                                                        6
1                                                        6
2                                                        8
3                                                       15
4                                                       16
5                                                        8
6                                                        6
7                                                        6
8                                                       16
9                                                        6
10                                                      16
11                                                      15
12                                                      16
13                                                       8
14                                                       6
15                                                       6
16                                                       8
17                                                       6
18                                                       6
19                                                       1
20                                                       1
21                                                       1
22                                                       1
23                                                       1
24                                                       1
25                                                       1
26                                                       1
27                                                       1
28                                                       1
29                                                       1
30                                                       1
31                                                       1
32                                                       1
33                                                       1
34                                                       1
35                                                       1
36                                                       1
37                                                       1
38                                                       1
39                                                       1
40                                                       1
   &ATOMICCHARGES [&Type "ArrayOfDoubles", &Dim (41,1)] 
                                                         0

0                                      1.5693863076465797e-03
1                                      1.9303760960988670e-02
2                                      2.7115709837631791e-01
3                                      5.4455112599527490e-02
4                                      8.7282077977317429e-05
5                                      4.3822626613309534e-01
6                                      7.2500728080962015e-02
7                                      5.9054763470165932e-03
8                                      1.3190975120176313e-04
9                                      1.4231265728077621e-04
10                                     4.5296246849898400e-05
11                                     7.9076091401537856e-03
12                                     2.9369350807469401e-05
13                                     5.4270517244987902e-02
14                                     6.0490555299269212e-03
15                                     2.0101833445919847e-04
16                                     5.7132358449028066e-02
17                                     9.6520207282636827e-03
18                                     6.8936382795062757e-04
19                                     3.4360721449286958e-05
20                                     3.0205571841479615e-06
21                                     3.7524604436270880e-07
22                                     6.3122314271416850e-06
23                                     8.7364855579193606e-05
24                                     1.1187960579432112e-04
25                                     5.0310321661167216e-05
26                                     8.1903660014327525e-05
27                                     5.0537563891452330e-06
28                                     1.7057177223749181e-05
29                                     8.0346025879846592e-06
30                                     1.7367193110174704e-06
31                                     4.9776756868093582e-05
32                                     1.2182917390087695e-05
33                                     7.2506049526048025e-06
34                                     2.0738602695252982e-05
35                                     2.4878347784475094e-06
36                                     2.5646851523782602e-05
37                                     5.2160121534810428e-06
38                                     6.5084282128949615e-07
39                                     2.3986810484520893e-06
40                                     1.0299296662317574e-05
$End
$Mayer_Population_Analysis
   &GeometryIndex 1
   &ListStatus       OUT
   &NATOMS [&Type "Integer"] 41 "Total number of atoms"
   &BONDTHRESH [&Type "Double"]       1.0000000000000001e-01  "The threshold for printing"
   &NBONDORDERSPRINT [&Type "Integer"] 42 "The number of bond orders larger than threshold"
   &BONDORDERS [&Type "ArrayOfDoubles", &Dim (42,1)] "The bond orders"
                                                         0

0                                      1.1673693774912435e+00
1                                      9.3792914697008611e-01
2                                      9.3718199451080553e-01
3                                      9.4288424407759874e-01
4                                      8.8285210131912384e-01
5                                      9.3391224501408687e-01
6                                      9.1462955573399396e-01
7                                      1.1678891983273889e+00
8                                      1.6384836190218706e+00
9                                      1.0891545043601709e+00
10                                     9.3998135433536234e-01
11                                     1.0657815127449766e-01
12                                     9.0331110156950534e-01
13                                     1.1600171887835848e+00
14                                     9.1132492379424901e-01
15                                     9.2818106285301161e-01
16                                     9.4180553897429875e-01
17                                     9.5101249116965492e-01
18                                     9.5058746536038108e-01
19                                     1.0039892135613835e+00
20                                     1.0004171300080740e+00
21                                     8.5975684455328349e-01
22                                     9.1057035472530001e-01
23                                     9.4496643920502832e-01
24                                     1.0688246703220299e-01
25                                     1.6394240156781372e+00
26                                     1.1267760703822929e+00
27                                     1.0828347906382476e+00
28                                     8.9316913839622958e-01
29                                     1.1646063139538665e+00
30                                     9.3603271064248317e-01
31                                     9.1170574856679709e-01
32                                     9.4464549974709544e-01
33                                     9.3797958932710868e-01
34                                     9.3116584911910660e-01
35                                     9.1439852812254707e-01
36                                     1.1605973592886039e+00
37                                     8.9858272236983894e-01
38                                     9.3125835183421113e-01
39                                     9.5058690170338711e-01
40                                     9.5121979406647161e-01
41                                     9.4208051681737937e-01
   &COMPONENTS [&Type "ArrayOfIntegers", &Dim (42,4)] "The indices and atomic numbers of the bonding atoms"
                                                         0                           1                           2                           3

0                                                        0                           6                           1                           6
1                                                        0                           6                          19                           1
2                                                        0                           6                          20                           1
3                                                        0                           6                          21                           1
4                                                        1                           6                           2                           8
5                                                        1                           6                          22                           1
6                                                        1                           6                          23                           1
7                                                        2                           8                           3                          15
8                                                        3                          15                           4                          16
9                                                        3                          15                           5                           8
10                                                       3                          15                           8                          16
11                                                       4                          16                           8                          16
12                                                       5                           8                           6                           6
13                                                       6                           6                           7                           6
14                                                       6                           6                          24                           1
15                                                       6                           6                          25                           1
16                                                       7                           6                          26                           1
17                                                       7                           6                          27                           1
18                                                       7                           6                          28                           1
19                                                       8                          16                           9                           6
20                                                       9                           6                          10                          16
21                                                       9                           6                          29                           1
22                                                       9                           6                          30                           1
23                                                      10                          16                          11                          15
24                                                      10                          16                          12                          16
25                                                      11                          15                          12                          16
26                                                      11                          15                          13                           8
27                                                      11                          15                          16                           8
28                                                      13                           8                          14                           6
29                                                      14                           6                          15                           6
30                                                      14                           6                          31                           1
31                                                      14                           6                          32                           1
32                                                      15                           6                          33                           1
33                                                      15                           6                          34                           1
34                                                      15                           6                          35                           1
35                                                      16                           8                          17                           6
36                                                      17                           6                          18                           6
37                                                      17                           6                          36                           1
38                                                      17                           6                          37                           1
39                                                      18                           6                          38                           1
40                                                      18                           6                          39                           1
41                                                      18                           6                          40                           1
   &ATNO [&Type "ArrayOfIntegers", &Dim (41,1)] "Atomic number of the elements"
                                                         0

0                                                        6
1                                                        6
2                                                        8
3                                                       15
4                                                       16
5                                                        8
6                                                        6
7                                                        6
8                                                       16
9                                                        6
10                                                      16
11                                                      15
12                                                      16
13                                                       8
14                                                       6
15                                                       6
16                                                       8
17                                                       6
18                                                       6
19                                                       1
20                                                       1
21                                                       1
22                                                       1
23                                                       1
24                                                       1
25                                                       1
26                                                       1
27                                                       1
28                                                       1
29                                                       1
30                                                       1
31                                                       1
32                                                       1
33                                                       1
34                                                       1
35                                                       1
36                                                       1
37                                                       1
38                                                       1
39                                                       1
40                                                       1
   &NA [&Type "ArrayOfDoubles", &Dim (41,1)] "Mulliken gross atomic population"
                                                         0

0                                      6.2893532752663708e+00
1                                      6.0049941884608788e+00
2                                      8.3343858118162863e+00
3                                      1.4403226425644835e+01
4                                      1.6308704712360896e+01
5                                      8.3823647916491009e+00
6                                      6.0110973079332881e+00
7                                      6.2804640702625489e+00
8                                      1.6111296704235485e+01
9                                      6.3576718438482436e+00
10                                     1.6107997385016681e+01
11                                     1.4382270160015416e+01
12                                     1.6301717231040506e+01
13                                     8.3701910444783518e+00
14                                     6.0060937958743725e+00
15                                     6.3089117566556405e+00
16                                     8.3786314214538997e+00
17                                     6.0071006805330116e+00
18                                     6.2868687160524752e+00
19                                     8.9847397407936480e-01
20                                     8.7633578306178372e-01
21                                     8.7563369670597246e-01
22                                     8.9005290135506032e-01
23                                     9.0258742517449797e-01
24                                     8.9401148114823470e-01
25                                     8.9688002016839863e-01
26                                     8.8727416326116126e-01
27                                     8.8541658528595835e-01
28                                     8.7679706968595761e-01
29                                     7.9094855200598579e-01
30                                     8.1691385928661597e-01
31                                     8.9785761311081769e-01
32                                     8.7193445026750149e-01
33                                     8.8519598750044159e-01
34                                     8.8938335563226001e-01
35                                     8.7446323038920870e-01
36                                     8.9825565904822746e-01
37                                     9.0337997239921664e-01
38                                     8.8433882044595635e-01
39                                     8.7957734531643128e-01
40                                     8.9094673207278130e-01
   &ZA [&Type "ArrayOfDoubles", &Dim (41,1)] "Total nuclear charge"
                                                         0

0                                      6.0000000000000000e+00
1                                      6.0000000000000000e+00
2                                      8.0000000000000000e+00
3                                      1.5000000000000000e+01
4                                      1.6000000000000000e+01
5                                      8.0000000000000000e+00
6                                      6.0000000000000000e+00
7                                      6.0000000000000000e+00
8                                      1.6000000000000000e+01
9                                      6.0000000000000000e+00
10                                     1.6000000000000000e+01
11                                     1.5000000000000000e+01
12                                     1.6000000000000000e+01
13                                     8.0000000000000000e+00
14                                     6.0000000000000000e+00
15                                     6.0000000000000000e+00
16                                     8.0000000000000000e+00
17                                     6.0000000000000000e+00
18                                     6.0000000000000000e+00
19                                     1.0000000000000000e+00
20                                     1.0000000000000000e+00
21                                     1.0000000000000000e+00
22                                     1.0000000000000000e+00
23                                     1.0000000000000000e+00
24                                     1.0000000000000000e+00
25                                     1.0000000000000000e+00
26                                     1.0000000000000000e+00
27                                     1.0000000000000000e+00
28                                     1.0000000000000000e+00
29                                     1.0000000000000000e+00
30                                     1.0000000000000000e+00
31                                     1.0000000000000000e+00
32                                     1.0000000000000000e+00
33                                     1.0000000000000000e+00
34                                     1.0000000000000000e+00
35                                     1.0000000000000000e+00
36                                     1.0000000000000000e+00
37                                     1.0000000000000000e+00
38                                     1.0000000000000000e+00
39                                     1.0000000000000000e+00
40                                     1.0000000000000000e+00
   &QA [&Type "ArrayOfDoubles", &Dim (41,1)] "Mulliken gross atomic charge"
                                                         0

0                                     -2.8935327526637078e-01
1                                     -4.9941884608788456e-03
2                                     -3.3438581181628635e-01
3                                      5.9677357435516498e-01
4                                     -3.0870471236089614e-01
5                                     -3.8236479164910087e-01
6                                     -1.1097307933288114e-02
7                                     -2.8046407026254894e-01
8                                     -1.1129670423548532e-01
9                                     -3.5767184384824358e-01
10                                    -1.0799738501668088e-01
11                                     6.1772983998458386e-01
12                                    -3.0171723104050585e-01
13                                    -3.7019104447835183e-01
14                                    -6.0937958743725318e-03
15                                    -3.0891175665564052e-01
16                                    -3.7863142145389972e-01
17                                    -7.1006805330116052e-03
18                                    -2.8686871605247521e-01
19                                     1.0152602592063520e-01
20                                     1.2366421693821628e-01
21                                     1.2436630329402754e-01
22                                     1.0994709864493968e-01
23                                     9.7412574825502030e-02
24                                     1.0598851885176530e-01
25                                     1.0311997983160137e-01
26                                     1.1272583673883874e-01
27                                     1.1458341471404165e-01
28                                     1.2320293031404239e-01
29                                     2.0905144799401421e-01
30                                     1.8308614071338403e-01
31                                     1.0214238688918231e-01
32                                     1.2806554973249851e-01
33                                     1.1480401249955841e-01
34                                     1.1061664436773999e-01
35                                     1.2553676961079130e-01
36                                     1.0174434095177254e-01
37                                     9.6620027600783365e-02
38                                     1.1566117955404365e-01
39                                     1.2042265468356872e-01
40                                     1.0905326792721870e-01
   &VA [&Type "ArrayOfDoubles", &Dim (41,1)] "Mayer's total valence"
                                                         0

0                                      3.9882541784868764e+00
1                                      4.0026032476245330e+00
2                                      2.1968764172307380e+00
3                                      5.0011946685327509e+00
4                                      2.0780101974039851e+00
5                                      2.1563090681281967e+00
6                                      3.9652535994322067e+00
7                                      4.0027736154424183e+00
8                                      2.2518454886696921e+00
9                                      3.8387632090728285e+00
10                                     2.2325649242096635e+00
11                                     4.9798597586597744e+00
12                                     2.0890991444625961e+00
13                                     2.1904675044878377e+00
14                                     3.9902700348028555e+00
15                                     3.9916628043636542e+00
16                                     2.1581383025105851e+00
17                                     3.9690181085383971e+00
18                                     4.0049486369235652e+00
19                                     9.5285295151463323e-01
20                                     9.8533290544803642e-01
21                                     9.7557541066343245e-01
22                                     9.4817685069213364e-01
23                                     9.7265333144257937e-01
24                                     9.9110487962216975e-01
25                                     9.5937871612722447e-01
26                                     9.5439589155516380e-01
27                                     9.5871451341006719e-01
28                                     9.5914386725006495e-01
29                                     9.8447303979830092e-01
30                                     9.3224941639971581e-01
31                                     9.5120015938930735e-01
32                                     9.7465738740543983e-01
33                                     9.6053271146703856e-01
34                                     9.5373184577115122e-01
35                                     9.8897464053348294e-01
36                                     1.0086698566090191e+00
37                                     9.4921623611358941e-01
38                                     9.5816446044122505e-01
39                                     9.6186305637704572e-01
40                                     9.5450682422779054e-01
   &BVA [&Type "ArrayOfDoubles", &Dim (41,1)] "Mayer's bonded valence"
                                                         0

0                                      3.9882541784868630e+00
1                                      4.0026032476245303e+00
2                                      2.1968764172307056e+00
3                                      5.0011946685329649e+00
4                                      2.0780101974038425e+00
5                                      2.1563090681282464e+00
6                                      3.9652535994322706e+00
7                                      4.0027736154424067e+00
8                                      2.2518454886696717e+00
9                                      3.8387632090728521e+00
10                                     2.2325649242097962e+00
11                                     4.9798597586597442e+00
12                                     2.0890991444625149e+00
13                                     2.1904675044877719e+00
14                                     3.9902700348028071e+00
15                                     3.9916628043636533e+00
16                                     2.1581383025106327e+00
17                                     3.9690181085384779e+00
18                                     4.0049486369235225e+00
19                                     9.5285295151463589e-01
20                                     9.8533290544803642e-01
21                                     9.7557541066343034e-01
22                                     9.4817685069213220e-01
23                                     9.7265333144258226e-01
24                                     9.9110487962217619e-01
25                                     9.5937871612722703e-01
26                                     9.5439589155516458e-01
27                                     9.5871451341007619e-01
28                                     9.5914386725006417e-01
29                                     9.8447303979830636e-01
30                                     9.3224941639972014e-01
31                                     9.5120015938930014e-01
32                                     9.7465738740543251e-01
33                                     9.6053271146703967e-01
34                                     9.5373184577115322e-01
35                                     9.8897464053348216e-01
36                                     1.0086698566090238e+00
37                                     9.4921623611358419e-01
38                                     9.5816446044121506e-01
39                                     9.6186305637703828e-01
40                                     9.5450682422778188e-01
   &FA [&Type "ArrayOfDoubles", &Dim (41,1)] "Mayer's free valence"
                                                         0

0                                      0.0000000000000000e+00
1                                      0.0000000000000000e+00
2                                      0.0000000000000000e+00
3                                      0.0000000000000000e+00
4                                      0.0000000000000000e+00
5                                      0.0000000000000000e+00
6                                      0.0000000000000000e+00
7                                      0.0000000000000000e+00
8                                      0.0000000000000000e+00
9                                      0.0000000000000000e+00
10                                     0.0000000000000000e+00
11                                     0.0000000000000000e+00
12                                     0.0000000000000000e+00
13                                     0.0000000000000000e+00
14                                     0.0000000000000000e+00
15                                     0.0000000000000000e+00
16                                     0.0000000000000000e+00
17                                     0.0000000000000000e+00
18                                     0.0000000000000000e+00
19                                     0.0000000000000000e+00
20                                     0.0000000000000000e+00
21                                     0.0000000000000000e+00
22                                     0.0000000000000000e+00
23                                     0.0000000000000000e+00
24                                     0.0000000000000000e+00
25                                     0.0000000000000000e+00
26                                     0.0000000000000000e+00
27                                     0.0000000000000000e+00
28                                     0.0000000000000000e+00
29                                     0.0000000000000000e+00
30                                     0.0000000000000000e+00
31                                     0.0000000000000000e+00
32                                     0.0000000000000000e+00
33                                     0.0000000000000000e+00
34                                     0.0000000000000000e+00
35                                     0.0000000000000000e+00
36                                     0.0000000000000000e+00
37                                     0.0000000000000000e+00
38                                     0.0000000000000000e+00
39                                     0.0000000000000000e+00
40                                     0.0000000000000000e+00
$End
$VdW_Correction
   &GeometryIndex 1
   &ListStatus       OUT
   &VDW [&Type "Double"]      -6.6231140032774194e-02
$End
$Calculation_Info
   &GeometryIndex 1
   &ListStatus       OUT
   &MULT [&Type "Integer"] 1
   &CHARGE [&Type "Integer"] 0
   &NUMOFATOMS [&Type "Integer"] 41
   &NUMOFELECTRONS [&Type "Integer"] 202
   &NUMOFFCELECTRONS [&Type "Integer"] 1
   &NUMOFCORRELECTRONS [&Type "Integer"] 0
   &NUMOFBASISFUNCTS [&Type "Integer"] 334
   &NUMOFAUXCBASISFUNCTS [&Type "Integer"] 0
   &NUMOFAUXJBASISFUNCTS [&Type "Integer"] 1185
   &NUMOFAUXJKBASISFUNCTS [&Type "Integer"] 0
   &NUMOFCABSBASISFUNCTS [&Type "Integer"] 0
   &TOTALENERGY [&Type "Double"]      -2.9295142139116656e+03  "Hartrees"
$End
$SCF_Dipole_Moment
   &GeometryIndex 1
   &ListStatus       OUT
   &METHOD [&Type "String"] "SCF"
   &LEVEL [&Type "String"] "Relaxed density"
   &MULT [&Type "Integer"] 1
   &STATE [&Type "Integer"] -1
   &IRREP [&Type "Integer"] 0
   &NATOMS [&Type "Integer"] 41
   &DODIPOLEATOM [&Type "Boolean"] false
   &DIPOLEELECCONTRIB [&Type "ArrayOfDoubles", &Dim (3,1)] "Electronic contribution"
                                                         0

0                                      4.1398611243150283e+00
1                                     -4.2932176891825407e+00
2                                      6.1539798501657321e+00
   &DIPOLENUCCONTRIB [&Type "ArrayOfDoubles", &Dim (3,1)] "Nuclear contribution"
                                                         0

0                                     -3.8230170361892810e+00
1                                      3.5513380770194516e+00
2                                     -6.0861824548298618e+00
   &DIPOLETOTAL [&Type "ArrayOfDoubles", &Dim (3,1)] "Total"
                                                         0

0                                      3.1684408812574727e-01
1                                     -7.4187961216308906e-01
2                                      6.7797395335870370e-02
   &DIPOLEMAGNITUDE [&Type "Double", &Units "a.u."]       8.0955050610682722e-01
$End
