*************************************************
******************* ORCA 6.0.0 ******************
*************************************************
$Calculation_Status
   &GeometryIndex 1
   &ListStatus       OUT
   &VERSION [&Type "String"] "6.0.0"
   &PROGNAME [&Type "String"] "LeanSCF"
   &STATUS [&Type "String"] "NORMAL TERMINATION"
$End
$Geometry
   &GeometryIndex 1
   &ListStatus       OUT
   &NATOMS [&Type "Integer"] 41
   &NCORELESSECP [&Type "Integer"] 0
   &NGHOSTATOMS [&Type "Integer"] 0
   &CartesianCoordinates [&Type "Coordinates", &Dim(41,4), &Units "Bohr"] 
              C      5.760362398057    0.521246908358   -6.265660008963
              C      6.476718125882    1.416673735644   -3.641364549298
              O      5.657818329739   -0.444933437622   -1.817998595954
              P      4.080467790056    0.162498107914    0.639714448375
              S      2.276079323729    3.416791327065    0.626124515008
              O      6.192996572411    0.071815992080    2.777379327469
              C      5.782019346467    1.026985705688    5.286114066943
              C      3.848485039525   -0.527046570460    6.716449308575
              S      2.287273262370   -3.370723122090    1.099132122618
              C      0.861679297687   -3.748653028298   -2.017681400017
              S     -0.561242479158   -0.905836660917   -3.292697679852
              P     -3.534829342347   -0.331097989203   -0.681093225572
              S     -2.994435353878   -0.168332005995    2.988428932494
              O     -5.241936332465   -2.623179958108   -1.565858183806
              C     -7.284502754916   -3.595654576305   -0.046940689263
              C     -9.495655778794   -1.782079751563    0.029899751448
              O     -4.900713212368    2.042821568738   -1.900586412690
              C     -4.454283904011    4.631862510810   -1.176389780845
              C     -6.456399200328    5.514058861631    0.674072632769
              H      6.436999390134    1.880933790965   -7.643133047799
              H      6.611879684388   -1.307828222465   -6.642313239060
              H      3.716697302060    0.357584237628   -6.423452207475
              H      5.582445441840    3.229439756656   -3.196142081843
              H      8.521220999646    1.587367479031   -3.426963802779
              H      7.643776478572    0.929709772801    6.165186050776
              H      5.169200615400    2.998611095700    5.144406328922
              H      4.374464048889   -2.513222435207    6.703074240471
              H      3.730631105489    0.137976955460    8.652730550527
              H      1.991730439385   -0.332520613020    5.840641241578
              H     -0.561131047866   -5.220093150599   -1.823539982003
              H      2.320276936425   -4.295808182108   -3.358937965243
              H     -7.781317595533   -5.373263210323   -0.964669533368
              H     -6.568521593299   -3.956352597320    1.860566789456
              H    -10.075553251676   -1.290677456601   -1.878063238575
              H    -11.063304331469   -2.659005641835    1.020422771296
              H     -8.951338128332   -0.064351123340    1.023412082769
              H     -2.565229822087    4.816156102202   -0.359652110890
              H     -4.538864496103    5.690458790683   -2.944313024564
              H     -6.313881831256    4.450581524412    2.428460774659
              H     -6.161671170372    7.502358663280    1.080077973003
              H     -8.328352615106    5.249939761814   -0.127560766112
$End
$SCF_Energy
   &GeometryIndex 1
   &ListStatus       OUT
   &SCF_ENERGY [&Type "Double"]      -2.9296283053383308e+03
$End
$DFT_Energy
   &GeometryIndex 1
   &ListStatus       OUT
   &NALPHAEL [&Type "Integer"] 101
   &NBETAEL [&Type "Integer"] 101
   &NTOTALEL [&Type "Integer"] 202
   &EEXCHANGE [&Type "Double"]      -2.3181281850249908e+02
   &ECORR [&Type "Double"]      -7.2991981047991246e+00
   &ECNL [&Type "Double"]       0.0000000000000000e+00
   &EXC [&Type "Double"]      -2.3911201660729822e+02
   &EEMBED [&Type "Double"]       0.0000000000000000e+00
   &FINALEN [&Type "Double"]      -2.9296283053383308e+03  "No Van der Waals correction"
$End
$Mulliken_Population_Analysis
   &GeometryIndex 1
   &ListStatus       OUT
   &NATOMS [&Type "Integer"] 41
   &ATNO [&Type "ArrayOfIntegers", &Dim (41,1)] 
                                                         0

0                                                        6
1                                                        6
2                                                        8
3                                                       15
4                                                       16
5                                                        8
6                                                        6
7                                                        6
8                                                       16
9                                                        6
10                                                      16
11                                                      15
12                                                      16
13                                                       8
14                                                       6
15                                                       6
16                                                       8
17                                                       6
18                                                       6
19                                                       1
20                                                       1
21                                                       1
22                                                       1
23                                                       1
24                                                       1
25                                                       1
26                                                       1
27                                                       1
28                                                       1
29                                                       1
30                                                       1
31                                                       1
32                                                       1
33                                                       1
34                                                       1
35                                                       1
36                                                       1
37                                                       1
38                                                       1
39                                                       1
40                                                       1
   &ATOMICCHARGES [&Type "ArrayOfDoubles", &Dim (41,1)] 
                                                         0

0                                     -3.0448135549624133e-01
1                                     -9.8733838530318252e-04
2                                     -3.7426121775469490e-01
3                                      6.2019635830796815e-01
4                                     -3.3245222011438003e-01
5                                     -3.6878068898573879e-01
6                                      2.7860268566479718e-03
7                                     -3.4406866350207199e-01
8                                     -9.0817927288640021e-02
9                                     -3.2292865455320729e-01
10                                    -1.0369701952578581e-01
11                                     6.2991529740888730e-01
12                                    -3.0581063067627667e-01
13                                    -3.7256220467799039e-01
14                                    -5.6323264785067551e-03
15                                    -3.1388998544852686e-01
16                                    -3.7896754486158457e-01
17                                    -2.2016457365054976e-02
18                                    -2.9897997857118241e-01
19                                     1.1125125481871001e-01
20                                     1.1403775257072901e-01
21                                     1.2955625507142066e-01
22                                     1.0872448866713091e-01
23                                     1.0458919225877827e-01
24                                     1.0180488393393672e-01
25                                     1.0919969931648743e-01
26                                     1.1830877950378649e-01
27                                     1.1210592517043438e-01
28                                     1.5373288342637492e-01
29                                     1.8007489132725318e-01
30                                     1.8696209209880188e-01
31                                     1.0180464695249669e-01
32                                     1.0953883734492997e-01
33                                     1.1723424973053875e-01
34                                     1.1088391872051306e-01
35                                     1.2984981983278421e-01
36                                     1.3482663934485584e-01
37                                     1.0280275250993276e-01
38                                     1.2905968740165896e-01
39                                     1.0884765443598310e-01
40                                     1.1224022667384603e-01
$End
$Loewdin_Population_Analysis
   &GeometryIndex 1
   &ListStatus       OUT
   &NATOMS [&Type "Integer"] 41
   &ATNO [&Type "ArrayOfIntegers", &Dim (41,1)] 
                                                         0

0                                                        6
1                                                        6
2                                                        8
3                                                       15
4                                                       16
5                                                        8
6                                                        6
7                                                        6
8                                                       16
9                                                        6
10                                                      16
11                                                      15
12                                                      16
13                                                       8
14                                                       6
15                                                       6
16                                                       8
17                                                       6
18                                                       6
19                                                       1
20                                                       1
21                                                       1
22                                                       1
23                                                       1
24                                                       1
25                                                       1
26                                                       1
27                                                       1
28                                                       1
29                                                       1
30                                                       1
31                                                       1
32                                                       1
33                                                       1
34                                                       1
35                                                       1
36                                                       1
37                                                       1
38                                                       1
39                                                       1
40                                                       1
   &ATOMICCHARGES [&Type "ArrayOfDoubles", &Dim (41,1)] 
                                                         0

0                                      8.5717674980844111e-04
1                                      1.0786684588825649e-02
2                                      2.2365653059281923e-01
3                                      5.1532247482372437e-02
4                                      1.2386921200794226e-04
5                                      5.8911509749178537e-01
6                                      1.0539378078095579e-01
7                                      2.6078586143940272e-03
8                                      1.5804735986436547e-04
9                                      2.2219786986910905e-04
10                                     2.8457883483134279e-04
11                                     8.3000578526589981e-04
12                                     2.1073550981503298e-05
13                                     5.3219051395080293e-03
14                                     5.0260872363547498e-04
15                                     1.6421045235093470e-05
16                                     6.2747328764510826e-03
17                                     1.0456712957647382e-03
18                                     1.2822313954512405e-05
19                                     2.5029308902623872e-05
20                                     5.4391347165388525e-08
21                                     4.4287586529139987e-06
22                                     9.4605866538604672e-05
23                                     5.5514205993687657e-06
24                                     6.8940463182110034e-04
25                                     1.8185891926839285e-04
26                                     4.8124972099090930e-06
27                                     1.6594383948247328e-04
28                                     1.5111890429578156e-05
29                                     1.4124245300693821e-05
30                                     1.5861705713934108e-05
31                                     3.9289795617079000e-06
32                                     8.6259964156592768e-07
33                                     4.3868291694866493e-07
34                                     1.8590385029680210e-06
35                                     5.8382133176088589e-07
36                                     3.1986450890369316e-06
37                                     8.1185285711188292e-06
38                                     1.0954570596074753e-09
39                                     8.8809189640552258e-07
40                                     2.2733434973569318e-08
$End
$Mayer_Population_Analysis
   &GeometryIndex 1
   &ListStatus       OUT
   &NATOMS [&Type "Integer"] 41 "Total number of atoms"
   &BONDTHRESH [&Type "Double"]       1.0000000000000001e-01  "The threshold for printing"
   &NBONDORDERSPRINT [&Type "Integer"] 42 "The number of bond orders larger than threshold"
   &BONDORDERS [&Type "ArrayOfDoubles", &Dim (42,1)] "The bond orders"
                                                         0

0                                      1.1641387652506592e+00
1                                      9.4051178118236689e-01
2                                      9.4933390080242686e-01
3                                      9.4007063982643457e-01
4                                      8.9647107431314321e-01
5                                      8.9918793084900150e-01
6                                      9.3379702134710962e-01
7                                      1.1203797285647878e+00
8                                      1.5835260014498602e+00
9                                      1.1180693405734459e+00
10                                     9.7638775562381830e-01
11                                     1.1483920297369855e-01
12                                     9.1054342814053046e-01
13                                     1.1626922159199571e+00
14                                     9.3307302323176844e-01
15                                     9.1302492277548208e-01
16                                     9.4347418014780571e-01
17                                     9.3774552468959527e-01
18                                     9.2556061441952031e-01
19                                     9.8702054019453345e-01
20                                     1.0136773722461963e+00
21                                     9.0628131767929476e-01
22                                     9.0706029299508151e-01
23                                     9.3654130883426867e-01
24                                     1.1811829467499925e-01
25                                     1.6266734788045090e+00
26                                     1.1114433317285957e+00
27                                     1.1209207495487277e+00
28                                     9.0859657230582802e-01
29                                     1.1655852605804238e+00
30                                     9.3409963605234747e-01
31                                     9.1143434644804855e-01
32                                     9.4640464445236072e-01
33                                     9.3855845108753366e-01
34                                     9.3373831649109762e-01
35                                     8.9266289483396333e-01
36                                     1.1706977262989502e+00
37                                     9.0414956937709634e-01
38                                     9.3537267553733217e-01
39                                     9.3259772132737506e-01
40                                     9.3915359068131521e-01
41                                     9.4436961494537941e-01
   &COMPONENTS [&Type "ArrayOfIntegers", &Dim (42,4)] "The indices and atomic numbers of the bonding atoms"
                                                         0                           1                           2                           3

0                                                        0                           6                           1                           6
1                                                        0                           6                          19                           1
2                                                        0                           6                          20                           1
3                                                        0                           6                          21                           1
4                                                        1                           6                           2                           8
5                                                        1                           6                          22                           1
6                                                        1                           6                          23                           1
7                                                        2                           8                           3                          15
8                                                        3                          15                           4                          16
9                                                        3                          15                           5                           8
10                                                       3                          15                           8                          16
11                                                       4                          16                           8                          16
12                                                       5                           8                           6                           6
13                                                       6                           6                           7                           6
14                                                       6                           6                          24                           1
15                                                       6                           6                          25                           1
16                                                       7                           6                          26                           1
17                                                       7                           6                          27                           1
18                                                       7                           6                          28                           1
19                                                       8                          16                           9                           6
20                                                       9                           6                          10                          16
21                                                       9                           6                          29                           1
22                                                       9                           6                          30                           1
23                                                      10                          16                          11                          15
24                                                      10                          16                          12                          16
25                                                      11                          15                          12                          16
26                                                      11                          15                          13                           8
27                                                      11                          15                          16                           8
28                                                      13                           8                          14                           6
29                                                      14                           6                          15                           6
30                                                      14                           6                          31                           1
31                                                      14                           6                          32                           1
32                                                      15                           6                          33                           1
33                                                      15                           6                          34                           1
34                                                      15                           6                          35                           1
35                                                      16                           8                          17                           6
36                                                      17                           6                          18                           6
37                                                      17                           6                          36                           1
38                                                      17                           6                          37                           1
39                                                      18                           6                          38                           1
40                                                      18                           6                          39                           1
41                                                      18                           6                          40                           1
   &ATNO [&Type "ArrayOfIntegers", &Dim (41,1)] "Atomic number of the elements"
                                                         0

0                                                        6
1                                                        6
2                                                        8
3                                                       15
4                                                       16
5                                                        8
6                                                        6
7                                                        6
8                                                       16
9                                                        6
10                                                      16
11                                                      15
12                                                      16
13                                                       8
14                                                       6
15                                                       6
16                                                       8
17                                                       6
18                                                       6
19                                                       1
20                                                       1
21                                                       1
22                                                       1
23                                                       1
24                                                       1
25                                                       1
26                                                       1
27                                                       1
28                                                       1
29                                                       1
30                                                       1
31                                                       1
32                                                       1
33                                                       1
34                                                       1
35                                                       1
36                                                       1
37                                                       1
38                                                       1
39                                                       1
40                                                       1
   &NA [&Type "ArrayOfDoubles", &Dim (41,1)] "Mulliken gross atomic population"
                                                         0

0                                      6.3044813554962431e+00
1                                      6.0009873383853032e+00
2                                      8.3742612177546647e+00
3                                      1.4379803641692016e+01
4                                      1.6332452220114352e+01
5                                      8.3687806889857637e+00
6                                      5.9972139731433511e+00
7                                      6.3440686635020604e+00
8                                      1.6090817927288601e+01
9                                      6.3229286545532108e+00
10                                     1.6103697019525796e+01
11                                     1.4370084702591161e+01
12                                     1.6305810630676302e+01
13                                     8.3725622046779531e+00
14                                     6.0056323264785165e+00
15                                     6.3138899854485340e+00
16                                     8.3789675448615402e+00
17                                     6.0220164573650425e+00
18                                     6.2989799785711753e+00
19                                     8.8874874518128955e-01
20                                     8.8596224742927121e-01
21                                     8.7044374492857879e-01
22                                     8.9127551133287075e-01
23                                     8.9541080774122150e-01
24                                     8.9819511606606295e-01
25                                     8.9080030068351368e-01
26                                     8.8169122049621296e-01
27                                     8.8789407482956528e-01
28                                     8.4626711657362474e-01
29                                     8.1992510867274560e-01
30                                     8.1303790790119734e-01
31                                     8.9819535304750431e-01
32                                     8.9046116265507058e-01
33                                     8.8276575026946147e-01
34                                     8.8911608127948671e-01
35                                     8.7015018016721657e-01
36                                     8.6517336065514483e-01
37                                     8.9719724749006680e-01
38                                     8.7094031259834137e-01
39                                     8.9115234556401779e-01
40                                     8.8775977332615330e-01
   &ZA [&Type "ArrayOfDoubles", &Dim (41,1)] "Total nuclear charge"
                                                         0

0                                      6.0000000000000000e+00
1                                      6.0000000000000000e+00
2                                      8.0000000000000000e+00
3                                      1.5000000000000000e+01
4                                      1.6000000000000000e+01
5                                      8.0000000000000000e+00
6                                      6.0000000000000000e+00
7                                      6.0000000000000000e+00
8                                      1.6000000000000000e+01
9                                      6.0000000000000000e+00
10                                     1.6000000000000000e+01
11                                     1.5000000000000000e+01
12                                     1.6000000000000000e+01
13                                     8.0000000000000000e+00
14                                     6.0000000000000000e+00
15                                     6.0000000000000000e+00
16                                     8.0000000000000000e+00
17                                     6.0000000000000000e+00
18                                     6.0000000000000000e+00
19                                     1.0000000000000000e+00
20                                     1.0000000000000000e+00
21                                     1.0000000000000000e+00
22                                     1.0000000000000000e+00
23                                     1.0000000000000000e+00
24                                     1.0000000000000000e+00
25                                     1.0000000000000000e+00
26                                     1.0000000000000000e+00
27                                     1.0000000000000000e+00
28                                     1.0000000000000000e+00
29                                     1.0000000000000000e+00
30                                     1.0000000000000000e+00
31                                     1.0000000000000000e+00
32                                     1.0000000000000000e+00
33                                     1.0000000000000000e+00
34                                     1.0000000000000000e+00
35                                     1.0000000000000000e+00
36                                     1.0000000000000000e+00
37                                     1.0000000000000000e+00
38                                     1.0000000000000000e+00
39                                     1.0000000000000000e+00
40                                     1.0000000000000000e+00
   &QA [&Type "ArrayOfDoubles", &Dim (41,1)] "Mulliken gross atomic charge"
                                                         0

0                                     -3.0448135549624311e-01
1                                     -9.8733838530318252e-04
2                                     -3.7426121775466470e-01
3                                      6.2019635830798414e-01
4                                     -3.3245222011435160e-01
5                                     -3.6878068898576366e-01
6                                      2.7860268566488600e-03
7                                     -3.4406866350206045e-01
8                                     -9.0817927288600941e-02
9                                     -3.2292865455321085e-01
10                                    -1.0369701952579646e-01
11                                     6.2991529740883934e-01
12                                    -3.0581063067630154e-01
13                                    -3.7256220467795309e-01
14                                    -5.6323264785165250e-03
15                                    -3.1388998544853397e-01
16                                    -3.7896754486154016e-01
17                                    -2.2016457365042541e-02
18                                    -2.9897997857117531e-01
19                                     1.1125125481871045e-01
20                                     1.1403775257072879e-01
21                                     1.2955625507142121e-01
22                                     1.0872448866712925e-01
23                                     1.0458919225877850e-01
24                                     1.0180488393393705e-01
25                                     1.0919969931648632e-01
26                                     1.1830877950378704e-01
27                                     1.1210592517043472e-01
28                                     1.5373288342637526e-01
29                                     1.8007489132725440e-01
30                                     1.8696209209880266e-01
31                                     1.0180464695249569e-01
32                                     1.0953883734492942e-01
33                                     1.1723424973053853e-01
34                                     1.1088391872051329e-01
35                                     1.2984981983278343e-01
36                                     1.3482663934485517e-01
37                                     1.0280275250993320e-01
38                                     1.2905968740165863e-01
39                                     1.0884765443598221e-01
40                                     1.1224022667384670e-01
   &VA [&Type "ArrayOfDoubles", &Dim (41,1)] "Mayer's total valence"
                                                         0

0                                      4.0023623354523377e+00
1                                      3.9659006083926225e+00
2                                      2.1622079326020960e+00
3                                      4.9661443706764707e+00
4                                      2.0796812824444681e+00
5                                      2.1818309355855869e+00
6                                      3.9959155838836242e+00
7                                      3.9856222044624179e+00
8                                      2.2652994556583663e+00
9                                      3.8797510898388365e+00
10                                     2.2896807984084191e+00
11                                     4.9633395159644520e+00
12                                     2.0952679064899296e+00
13                                     2.1667281380226937e+00
14                                     4.0017790634216732e+00
15                                     3.9948660673407375e+00
16                                     2.1787418938211109e+00
17                                     4.0012129873154834e+00
18                                     3.9888424868946530e+00
19                                     9.5527677768845587e-01
20                                     9.5615333608262465e-01
21                                     9.6783546661629383e-01
22                                     1.0060222063280004e+00
23                                     9.4721307933460208e-01
24                                     9.4924186668745347e-01
25                                     9.8625071777210493e-01
26                                     9.5849415155401851e-01
27                                     9.5575378398135002e-01
28                                     9.7751882098977472e-01
29                                     9.4215823429677314e-01
30                                     9.3516184729209140e-01
31                                     9.4883423001424094e-01
32                                     9.8865029832712681e-01
33                                     9.5997550374856655e-01
34                                     9.5346543176136744e-01
35                                     9.8299553642441029e-01
36                                     9.8279901129910308e-01
37                                     9.4888788594666795e-01
38                                     9.8691872852055273e-01
39                                     9.5445196131449206e-01
40                                     9.5616944165152518e-01
   &BVA [&Type "ArrayOfDoubles", &Dim (41,1)] "Mayer's bonded valence"
                                                         0

0                                      4.0023623354523679e+00
1                                      3.9659006083926220e+00
2                                      2.1622079326021990e+00
3                                      4.9661443706764503e+00
4                                      2.0796812824444921e+00
5                                      2.1818309355854790e+00
6                                      3.9959155838836429e+00
7                                      3.9856222044624898e+00
8                                      2.2652994556585320e+00
9                                      3.8797510898388561e+00
10                                     2.2896807984084790e+00
11                                     4.9633395159644156e+00
12                                     2.0952679064899509e+00
13                                     2.1667281380228092e+00
14                                     4.0017790634217123e+00
15                                     3.9948660673407659e+00
16                                     2.1787418938211878e+00
17                                     4.0012129873155402e+00
18                                     3.9888424868947081e+00
19                                     9.5527677768845531e-01
20                                     9.5615333608264141e-01
21                                     9.6783546661629771e-01
22                                     1.0060222063280018e+00
23                                     9.4721307933460708e-01
24                                     9.4924186668746724e-01
25                                     9.8625071777210815e-01
26                                     9.5849415155402173e-01
27                                     9.5575378398134792e-01
28                                     9.7751882098977871e-01
29                                     9.4215823429677559e-01
30                                     9.3516184729209140e-01
31                                     9.4883423001425349e-01
32                                     9.8865029832711915e-01
33                                     9.5997550374857243e-01
34                                     9.5346543176137355e-01
35                                     9.8299553642441329e-01
36                                     9.8279901129910974e-01
37                                     9.4888788594667295e-01
38                                     9.8691872852055729e-01
39                                     9.5445196131449661e-01
40                                     9.5616944165152151e-01
   &FA [&Type "ArrayOfDoubles", &Dim (41,1)] "Mayer's free valence"
                                                         0

0                                      0.0000000000000000e+00
1                                      0.0000000000000000e+00
2                                      0.0000000000000000e+00
3                                      0.0000000000000000e+00
4                                      0.0000000000000000e+00
5                                      0.0000000000000000e+00
6                                      0.0000000000000000e+00
7                                      0.0000000000000000e+00
8                                      0.0000000000000000e+00
9                                      0.0000000000000000e+00
10                                     0.0000000000000000e+00
11                                     0.0000000000000000e+00
12                                     0.0000000000000000e+00
13                                     0.0000000000000000e+00
14                                     0.0000000000000000e+00
15                                     0.0000000000000000e+00
16                                     0.0000000000000000e+00
17                                     0.0000000000000000e+00
18                                     0.0000000000000000e+00
19                                     0.0000000000000000e+00
20                                     0.0000000000000000e+00
21                                     0.0000000000000000e+00
22                                     0.0000000000000000e+00
23                                     0.0000000000000000e+00
24                                     0.0000000000000000e+00
25                                     0.0000000000000000e+00
26                                     0.0000000000000000e+00
27                                     0.0000000000000000e+00
28                                     0.0000000000000000e+00
29                                     0.0000000000000000e+00
30                                     0.0000000000000000e+00
31                                     0.0000000000000000e+00
32                                     0.0000000000000000e+00
33                                     0.0000000000000000e+00
34                                     0.0000000000000000e+00
35                                     0.0000000000000000e+00
36                                     0.0000000000000000e+00
37                                     0.0000000000000000e+00
38                                     0.0000000000000000e+00
39                                     0.0000000000000000e+00
40                                     0.0000000000000000e+00
$End
$VdW_Correction
   &GeometryIndex 1
   &ListStatus       OUT
   &VDW [&Type "Double"]      -6.8219964571956213e-02
$End
$Calculation_Info
   &GeometryIndex 1
   &ListStatus       OUT
   &MULT [&Type "Integer"] 1
   &CHARGE [&Type "Integer"] 0
   &NUMOFATOMS [&Type "Integer"] 41
   &NUMOFELECTRONS [&Type "Integer"] 202
   &NUMOFFCELECTRONS [&Type "Integer"] 1
   &NUMOFCORRELECTRONS [&Type "Integer"] 0
   &NUMOFBASISFUNCTS [&Type "Integer"] 334
   &NUMOFAUXCBASISFUNCTS [&Type "Integer"] 0
   &NUMOFAUXJBASISFUNCTS [&Type "Integer"] 1185
   &NUMOFAUXJKBASISFUNCTS [&Type "Integer"] 0
   &NUMOFCABSBASISFUNCTS [&Type "Integer"] 0
   &TOTALENERGY [&Type "Double"]      -2.9295130447436031e+03  "Hartrees"
$End
$SCF_Dipole_Moment
   &GeometryIndex 1
   &ListStatus       OUT
   &METHOD [&Type "String"] "SCF"
   &LEVEL [&Type "String"] "Relaxed density"
   &MULT [&Type "Integer"] 1
   &STATE [&Type "Integer"] -1
   &IRREP [&Type "Integer"] 0
   &NATOMS [&Type "Integer"] 41
   &DODIPOLEATOM [&Type "Boolean"] false
   &DIPOLEELECCONTRIB [&Type "ArrayOfDoubles", &Dim (3,1)] "Electronic contribution"
                                                         0

0                                      8.4726280596462775e+00
1                                     -6.1564162534002600e+00
2                                     -1.0395940387751885e+00
   &DIPOLENUCCONTRIB [&Type "ArrayOfDoubles", &Dim (3,1)] "Nuclear contribution"
                                                         0

0                                     -8.6054389987120885e+00
1                                      5.9551457220568116e+00
2                                      5.3926639483918815e-01
   &DIPOLETOTAL [&Type "ArrayOfDoubles", &Dim (3,1)] "Total"
                                                         0

0                                     -1.3281093906581098e-01
1                                     -2.0127053134344841e-01
2                                     -5.0032764393600038e-01
   &DIPOLEMAGNITUDE [&Type "Double", &Units "a.u."]       5.5540644901672309e-01
$End
