*************************************************
******************* ORCA 6.0.0 ******************
*************************************************
$Calculation_Status
   &GeometryIndex 1
   &ListStatus       OUT
   &VERSION [&Type "String"] "6.0.0"
   &PROGNAME [&Type "String"] "LeanSCF"
   &STATUS [&Type "String"] "NORMAL TERMINATION"
$End
$Geometry
   &GeometryIndex 1
   &ListStatus       OUT
   &NATOMS [&Type "Integer"] 41
   &NCORELESSECP [&Type "Integer"] 0
   &NGHOSTATOMS [&Type "Integer"] 0
   &CartesianCoordinates [&Type "Coordinates", &Dim(41,4), &Units "Bohr"] 
              C      1.322663550172   -1.637595160011    6.455496383479
              C      3.198262425241   -0.176436303634    4.861496483880
              O      4.048528911293   -1.832614304413    2.847416575329
              P      5.081285960403   -0.862770071989    0.235246381642
              S      6.064240985754   -3.768539275542   -1.829018232303
              O      7.177829987619    1.102804501492    1.099423376848
              C      8.277143909828    3.035347594353   -0.469152847300
              C      9.389716719400    1.994999189953   -2.891160158645
              S      2.225686192124    1.509879377774   -1.375834473179
              C      0.252417681837   -1.054594701259   -2.463343620916
              S     -1.941685148347   -2.119564751481   -0.082784494897
              P     -4.725276058531    0.717889330344   -0.855118463158
              S     -5.368474367077    1.349099194566   -4.442104138331
              O     -3.761734608705    3.233167558551    0.404952172238
              C     -3.227137995580    3.514010373715    3.075929645438
              C     -5.430769013148    4.755950223527    4.415943427169
              O     -7.001824758294   -0.078877974231    0.925419506205
              C     -8.102311377268   -2.564933548745    1.047772258902
              C     -8.972624857472   -3.517421583555   -1.505533852184
              H     -0.256368978807   -2.259539956646    5.297053066599
              H      2.228111804716   -3.296281507293    7.255567209961
              H      0.639736754702   -0.435976409757    7.970429212645
              H      4.857936078272    0.380338610853    5.951336353312
              H      2.341346872781    1.504982967347    4.016685573493
              H      6.817292123161    4.439265311608   -0.879606128721
              H      9.732100552185    3.864848162623    0.734562004567
              H      7.903098234399    1.203255767847   -4.074679367668
              H     10.326074332367    3.504268607783   -3.916498984259
              H     10.746569159638    0.508216545010   -2.476937182746
              H      1.457940352871   -2.650119609469   -2.972453869571
              H     -0.817207553381   -0.375591827053   -4.092189181119
              H     -2.814789370625    1.656647995888    3.880766103093
              H     -1.542525466889    4.703911153877    3.138559286473
              H     -4.940826586994    5.052292764061    6.385552817846
              H     -5.853886934117    6.564774814774    3.541729086596
              H     -7.097810852562    3.562491545991    4.299796567221
              H     -6.706254767473   -3.848933528795    1.867746864940
              H     -9.689212753459   -2.330431481094    2.344038495318
              H     -9.925402136976   -5.318771488557   -1.274595458612
              H    -10.260606755992   -2.171610542320   -2.373422810168
              H     -7.359566347748   -3.769610488910   -2.759284404729
$End
$SCF_Energy
   &GeometryIndex 1
   &ListStatus       OUT
   &SCF_ENERGY [&Type "Double"]      -2.9296362195554607e+03
$End
$DFT_Energy
   &GeometryIndex 1
   &ListStatus       OUT
   &NALPHAEL [&Type "Integer"] 101
   &NBETAEL [&Type "Integer"] 101
   &NTOTALEL [&Type "Integer"] 201
   &EEXCHANGE [&Type "Double"]      -2.3180999425315125e+02
   &ECORR [&Type "Double"]      -7.2923607924260230e+00
   &ECNL [&Type "Double"]       0.0000000000000000e+00
   &EXC [&Type "Double"]      -2.3910235504557727e+02
   &EEMBED [&Type "Double"]       0.0000000000000000e+00
   &FINALEN [&Type "Double"]      -2.9296362195554607e+03  "No Van der Waals correction"
$End
$Mulliken_Population_Analysis
   &GeometryIndex 1
   &ListStatus       OUT
   &NATOMS [&Type "Integer"] 41
   &ATNO [&Type "ArrayOfIntegers", &Dim (41,1)] 
                                                         0

0                                                        6
1                                                        6
2                                                        8
3                                                       15
4                                                       16
5                                                        8
6                                                        6
7                                                        6
8                                                       16
9                                                        6
10                                                      16
11                                                      15
12                                                      16
13                                                       8
14                                                       6
15                                                       6
16                                                       8
17                                                       6
18                                                       6
19                                                       1
20                                                       1
21                                                       1
22                                                       1
23                                                       1
24                                                       1
25                                                       1
26                                                       1
27                                                       1
28                                                       1
29                                                       1
30                                                       1
31                                                       1
32                                                       1
33                                                       1
34                                                       1
35                                                       1
36                                                       1
37                                                       1
38                                                       1
39                                                       1
40                                                       1
   &ATOMICCHARGES [&Type "ArrayOfDoubles", &Dim (41,1)] 
                                                         0

0                                     -2.9401037042926070e-01
1                                     -1.5758910107834367e-02
2                                     -3.5433224378689410e-01
3                                      5.9105605481079593e-01
4                                     -3.0155607235307258e-01
5                                     -3.8356866911072629e-01
6                                     -1.3549382128547727e-02
7                                     -3.1025217698164109e-01
8                                     -1.0459263800325758e-01
9                                     -3.6270152423520496e-01
10                                    -1.0339464699437073e-01
11                                     5.8980244750673805e-01
12                                    -3.0090228781660144e-01
13                                    -3.4706014800060636e-01
14                                    -3.7504841613468010e-02
15                                    -2.7948978609097264e-01
16                                    -3.8075391394048275e-01
17                                    -1.4128811378615325e-02
18                                    -3.1046508851868282e-01
19                                     1.3437281969813697e-01
20                                     1.2270000380725654e-01
21                                     1.0477457459281725e-01
22                                     1.0854110521449112e-01
23                                     1.0200152281112984e-01
24                                     1.1497485940654295e-01
25                                     1.0985990474538720e-01
26                                     1.2995923784551999e-01
27                                     1.1301951579553293e-01
28                                     1.2788497198460069e-01
29                                     1.9414241954635492e-01
30                                     1.9561517365505221e-01
31                                     1.0741610057892625e-01
32                                     1.1871891935168810e-01
33                                     1.0741005729968411e-01
34                                     1.2206202731741811e-01
35                                     1.2048225587530093e-01
36                                     1.1585244123377025e-01
37                                     1.1043778092839607e-01
38                                     1.1391384692099993e-01
39                                     1.2836521598506523e-01
40                                     1.3065825457868674e-01
$End
$Loewdin_Population_Analysis
   &GeometryIndex 1
   &ListStatus       OUT
   &NATOMS [&Type "Integer"] 41
   &ATNO [&Type "ArrayOfIntegers", &Dim (41,1)] 
                                                         0

0                                                        6
1                                                        6
2                                                        8
3                                                       15
4                                                       16
5                                                        8
6                                                        6
7                                                        6
8                                                       16
9                                                        6
10                                                      16
11                                                      15
12                                                      16
13                                                       8
14                                                       6
15                                                       6
16                                                       8
17                                                       6
18                                                       6
19                                                       1
20                                                       1
21                                                       1
22                                                       1
23                                                       1
24                                                       1
25                                                       1
26                                                       1
27                                                       1
28                                                       1
29                                                       1
30                                                       1
31                                                       1
32                                                       1
33                                                       1
34                                                       1
35                                                       1
36                                                       1
37                                                       1
38                                                       1
39                                                       1
40                                                       1
   &ATOMICCHARGES [&Type "ArrayOfDoubles", &Dim (41,1)] 
                                                         0

0                                      4.9145090732756686e-03
1                                      5.1988006725634077e-02
2                                      4.3647244157517873e-01
3                                      5.2244668134391069e-02
4                                      2.4458405127600048e-04
5                                      3.7242550780021988e-01
6                                      6.6448323280439203e-02
7                                      2.1408833603727673e-03
8                                      2.4324461916670276e-04
9                                      3.6928751769009608e-04
10                                     6.3100127787885351e-05
11                                     7.9585681143998243e-04
12                                     2.2847826957703889e-06
13                                     4.2155096015078896e-03
14                                     2.2097674160422761e-04
15                                     3.8094790683122307e-06
16                                     5.4570942762038124e-03
17                                     8.4882798488236883e-04
18                                     2.8517990836040197e-05
19                                     7.5151838787057883e-06
20                                     5.1849607857068734e-06
21                                     7.2206320222912578e-05
22                                     1.4197613032336452e-05
23                                     7.2009526667116407e-05
24                                     1.0302890684477506e-04
25                                     4.3503852049256355e-04
26                                     6.4776674494690587e-06
27                                     1.2511638718239643e-04
28                                     8.2286300108983967e-06
29                                     4.0609843719162363e-09
30                                     8.6506137100748724e-06
31                                     2.1679843569672678e-06
32                                     1.8752620492903067e-06
33                                     3.6688975959397640e-07
34                                     2.4348269011863165e-07
35                                     5.0748795917471153e-08
36                                     1.5961311382457814e-06
37                                     6.0265496894713272e-06
38                                     2.3269532844063440e-06
39                                     2.5243265675633826e-07
40                                     1.2406431547271705e-09
$End
$Mayer_Population_Analysis
   &GeometryIndex 1
   &ListStatus       OUT
   &NATOMS [&Type "Integer"] 41 "Total number of atoms"
   &BONDTHRESH [&Type "Double"]       1.0000000000000001e-01  "The threshold for printing"
   &NBONDORDERSPRINT [&Type "Integer"] 44 "The number of bond orders larger than threshold"
   &BONDORDERS [&Type "ArrayOfDoubles", &Dim (44,1)] "The bond orders"
                                                         0

0                                      1.1680091124610610e+00
1                                      9.3246194631416535e-01
2                                      9.4564065581247136e-01
3                                      9.4039506799695838e-01
4                                      8.8659803867864473e-01
5                                      9.3080122192691694e-01
6                                      9.0669695308778309e-01
7                                      1.1402237119151457e+00
8                                      1.6478687067899893e+00
9                                      1.0888297668582170e+00
10                                     9.4061295471528750e-01
11                                     1.1064462442695945e-01
12                                     1.1082157024445943e-01
13                                     9.1160965091898427e-01
14                                     1.1668653407699769e+00
15                                     9.2684496075147171e-01
16                                     9.3327963530578684e-01
17                                     9.3185451506561312e-01
18                                     9.3484507120538451e-01
19                                     9.4345295086700121e-01
20                                     1.0024233800185076e+00
21                                     1.0022895589394469e+00
22                                     8.5499840843219821e-01
23                                     8.5633087330091096e-01
24                                     9.4045252816701974e-01
25                                     1.1069723877943281e-01
26                                     1.6490560913884200e+00
27                                     1.1410560542687884e+00
28                                     1.0832468020789823e+00
29                                     1.0741809488659508e-01
30                                     8.9289140292990454e-01
31                                     1.1587282404051358e+00
32                                     9.0663367072928613e-01
33                                     9.2843325851139336e-01
34                                     9.4038312243026845e-01
35                                     9.4609952914541506e-01
36                                     9.4218957208326837e-01
37                                     9.0814868004273874e-01
38                                     1.1676886309515642e+00
39                                     9.2612072668250978e-01
40                                     9.3290333148943927e-01
41                                     9.3459335089987206e-01
42                                     9.4327105280123413e-01
43                                     9.3148957876223504e-01
   &COMPONENTS [&Type "ArrayOfIntegers", &Dim (44,4)] "The indices and atomic numbers of the bonding atoms"
                                                         0                           1                           2                           3

0                                                        0                           6                           1                           6
1                                                        0                           6                          19                           1
2                                                        0                           6                          20                           1
3                                                        0                           6                          21                           1
4                                                        1                           6                           2                           8
5                                                        1                           6                          22                           1
6                                                        1                           6                          23                           1
7                                                        2                           8                           3                          15
8                                                        3                          15                           4                          16
9                                                        3                          15                           5                           8
10                                                       3                          15                           8                          16
11                                                       4                          16                           8                          16
12                                                       4                          16                          29                           1
13                                                       5                           8                           6                           6
14                                                       6                           6                           7                           6
15                                                       6                           6                          24                           1
16                                                       6                           6                          25                           1
17                                                       7                           6                          26                           1
18                                                       7                           6                          27                           1
19                                                       7                           6                          28                           1
20                                                       8                          16                           9                           6
21                                                       9                           6                          10                          16
22                                                       9                           6                          29                           1
23                                                       9                           6                          30                           1
24                                                      10                          16                          11                          15
25                                                      10                          16                          12                          16
26                                                      11                          15                          12                          16
27                                                      11                          15                          13                           8
28                                                      11                          15                          16                           8
29                                                      12                          16                          30                           1
30                                                      13                           8                          14                           6
31                                                      14                           6                          15                           6
32                                                      14                           6                          31                           1
33                                                      14                           6                          32                           1
34                                                      15                           6                          33                           1
35                                                      15                           6                          34                           1
36                                                      15                           6                          35                           1
37                                                      16                           8                          17                           6
38                                                      17                           6                          18                           6
39                                                      17                           6                          36                           1
40                                                      17                           6                          37                           1
41                                                      18                           6                          38                           1
42                                                      18                           6                          39                           1
43                                                      18                           6                          40                           1
   &ATNO [&Type "ArrayOfIntegers", &Dim (41,1)] "Atomic number of the elements"
                                                         0

0                                                        6
1                                                        6
2                                                        8
3                                                       15
4                                                       16
5                                                        8
6                                                        6
7                                                        6
8                                                       16
9                                                        6
10                                                      16
11                                                      15
12                                                      16
13                                                       8
14                                                       6
15                                                       6
16                                                       8
17                                                       6
18                                                       6
19                                                       1
20                                                       1
21                                                       1
22                                                       1
23                                                       1
24                                                       1
25                                                       1
26                                                       1
27                                                       1
28                                                       1
29                                                       1
30                                                       1
31                                                       1
32                                                       1
33                                                       1
34                                                       1
35                                                       1
36                                                       1
37                                                       1
38                                                       1
39                                                       1
40                                                       1
   &NA [&Type "ArrayOfDoubles", &Dim (41,1)] "Mulliken gross atomic population"
                                                         0

0                                      6.2940103704292651e+00
1                                      6.0157589101078202e+00
2                                      8.3543322437868888e+00
3                                      1.4408943945189193e+01
4                                      1.6301556072353122e+01
5                                      8.3835686691107352e+00
6                                      6.0135493821285619e+00
7                                      6.3102521769816411e+00
8                                      1.6104592638003183e+01
9                                      6.3627015242352281e+00
10                                     1.6103394646994403e+01
11                                     1.4410197552493285e+01
12                                     1.6300902287816623e+01
13                                     8.3470601480006223e+00
14                                     6.0375048416134707e+00
15                                     6.2794897860909566e+00
16                                     8.3807539139405041e+00
17                                     6.0141288113786207e+00
18                                     6.3104650885186651e+00
19                                     8.6562718030186447e-01
20                                     8.7729999619274390e-01
21                                     8.9522542540718164e-01
22                                     8.9145889478550955e-01
23                                     8.9799847718887038e-01
24                                     8.8502514059345638e-01
25                                     8.9014009525461291e-01
26                                     8.7004076215448001e-01
27                                     8.8698048420446751e-01
28                                     8.7211502801539897e-01
29                                     8.0585758045364420e-01
30                                     8.0438482634494757e-01
31                                     8.9258389942107319e-01
32                                     8.8128108064831190e-01
33                                     8.9258994270031544e-01
34                                     8.7793797268258167e-01
35                                     8.7951774412469874e-01
36                                     8.8414755876622986e-01
37                                     8.8956221907160415e-01
38                                     8.8608615307899996e-01
39                                     8.7163478401493455e-01
40                                     8.6934174542131326e-01
   &ZA [&Type "ArrayOfDoubles", &Dim (41,1)] "Total nuclear charge"
                                                         0

0                                      6.0000000000000000e+00
1                                      6.0000000000000000e+00
2                                      8.0000000000000000e+00
3                                      1.5000000000000000e+01
4                                      1.6000000000000000e+01
5                                      8.0000000000000000e+00
6                                      6.0000000000000000e+00
7                                      6.0000000000000000e+00
8                                      1.6000000000000000e+01
9                                      6.0000000000000000e+00
10                                     1.6000000000000000e+01
11                                     1.5000000000000000e+01
12                                     1.6000000000000000e+01
13                                     8.0000000000000000e+00
14                                     6.0000000000000000e+00
15                                     6.0000000000000000e+00
16                                     8.0000000000000000e+00
17                                     6.0000000000000000e+00
18                                     6.0000000000000000e+00
19                                     1.0000000000000000e+00
20                                     1.0000000000000000e+00
21                                     1.0000000000000000e+00
22                                     1.0000000000000000e+00
23                                     1.0000000000000000e+00
24                                     1.0000000000000000e+00
25                                     1.0000000000000000e+00
26                                     1.0000000000000000e+00
27                                     1.0000000000000000e+00
28                                     1.0000000000000000e+00
29                                     1.0000000000000000e+00
30                                     1.0000000000000000e+00
31                                     1.0000000000000000e+00
32                                     1.0000000000000000e+00
33                                     1.0000000000000000e+00
34                                     1.0000000000000000e+00
35                                     1.0000000000000000e+00
36                                     1.0000000000000000e+00
37                                     1.0000000000000000e+00
38                                     1.0000000000000000e+00
39                                     1.0000000000000000e+00
40                                     1.0000000000000000e+00
   &QA [&Type "ArrayOfDoubles", &Dim (41,1)] "Mulliken gross atomic charge"
                                                         0

0                                     -2.9401037042926514e-01
1                                     -1.5758910107820157e-02
2                                     -3.5433224378688877e-01
3                                      5.9105605481080659e-01
4                                     -3.0155607235312232e-01
5                                     -3.8356866911073517e-01
6                                     -1.3549382128561938e-02
7                                     -3.1025217698164109e-01
8                                     -1.0459263800318297e-01
9                                     -3.6270152423522806e-01
10                                    -1.0339464699440271e-01
11                                     5.8980244750671496e-01
12                                    -3.0090228781662276e-01
13                                    -3.4706014800062235e-01
14                                    -3.7504841613470674e-02
15                                    -2.7948978609095665e-01
16                                    -3.8075391394050406e-01
17                                    -1.4128811378620654e-02
18                                    -3.1046508851866506e-01
19                                     1.3437281969813553e-01
20                                     1.2270000380725610e-01
21                                     1.0477457459281836e-01
22                                     1.0854110521449045e-01
23                                     1.0200152281112962e-01
24                                     1.1497485940654362e-01
25                                     1.0985990474538709e-01
26                                     1.2995923784551999e-01
27                                     1.1301951579553249e-01
28                                     1.2788497198460103e-01
29                                     1.9414241954635580e-01
30                                     1.9561517365505243e-01
31                                     1.0741610057892681e-01
32                                     1.1871891935168810e-01
33                                     1.0741005729968456e-01
34                                     1.2206202731741833e-01
35                                     1.2048225587530126e-01
36                                     1.1585244123377014e-01
37                                     1.1043778092839585e-01
38                                     1.1391384692100004e-01
39                                     1.2836521598506545e-01
40                                     1.3065825457868674e-01
   &VA [&Type "ArrayOfDoubles", &Dim (41,1)] "Mayer's total valence"
                                                         0

0                                      3.9963998155500216e+00
1                                      3.9944352538622629e+00
2                                      2.1624790029614442e+00
3                                      4.9682154861699805e+00
4                                      2.0368703436016276e+00
5                                      2.1699418814301268e+00
6                                      4.0185825521342595e+00
7                                      3.9884672545058355e+00
8                                      2.2849679931288360e+00
9                                      3.7496788365121647e+00
10                                     2.2928411552764421e+00
11                                     4.9653244099340546e+00
12                                     2.0395182083807160e+00
13                                     2.1732031184562195e+00
14                                     4.0100246885041368e+00
15                                     3.9793699526262563e+00
16                                     2.1754671224304114e+00
17                                     4.0158888725723125e+00
18                                     3.9889026188475967e+00
19                                     9.7641322542643649e-01
20                                     9.5627352696125578e-01
21                                     9.5361170032244758e-01
22                                     9.5187672864313377e-01
23                                     9.8301282943619173e-01
24                                     9.4942095344442901e-01
25                                     9.4742358536228322e-01
26                                     9.8630924662636765e-01
27                                     9.5275012827474359e-01
28                                     9.6475968522766076e-01
29                                     9.9804396348679869e-01
30                                     9.9356154008661246e-01
31                                     9.7744482017450218e-01
32                                     9.4979049865688892e-01
33                                     9.5522612363162085e-01
34                                     9.5817869143463275e-01
35                                     9.7916819069784167e-01
36                                     9.4964031846563002e-01
37                                     9.4596801758175464e-01
38                                     9.5275760620380390e-01
39                                     9.6470626681058935e-01
40                                     9.8683276243355511e-01
   &BVA [&Type "ArrayOfDoubles", &Dim (41,1)] "Mayer's bonded valence"
                                                         0

0                                      3.9963998155500375e+00
1                                      3.9944352538622589e+00
2                                      2.1624790029614838e+00
3                                      4.9682154861699592e+00
4                                      2.0368703436015481e+00
5                                      2.1699418814300895e+00
6                                      4.0185825521342151e+00
7                                      3.9884672545058555e+00
8                                      2.2849679931289724e+00
9                                      3.7496788365121132e+00
10                                     2.2928411552764643e+00
11                                     4.9653244099340474e+00
12                                     2.0395182083806453e+00
13                                     2.1732031184561866e+00
14                                     4.0100246885041200e+00
15                                     3.9793699526262580e+00
16                                     2.1754671224303519e+00
17                                     4.0158888725722681e+00
18                                     3.9889026188475798e+00
19                                     9.7641322542642883e-01
20                                     9.5627352696124912e-01
21                                     9.5361170032245124e-01
22                                     9.5187672864313688e-01
23                                     9.8301282943619439e-01
24                                     9.4942095344442956e-01
25                                     9.4742358536228666e-01
26                                     9.8630924662637776e-01
27                                     9.5275012827474248e-01
28                                     9.6475968522766442e-01
29                                     9.9804396348679747e-01
30                                     9.9356154008661590e-01
31                                     9.7744482017449907e-01
32                                     9.4979049865689136e-01
33                                     9.5522612363161519e-01
34                                     9.5817869143462620e-01
35                                     9.7916819069784122e-01
36                                     9.4964031846563157e-01
37                                     9.4596801758175075e-01
38                                     9.5275760620379424e-01
39                                     9.6470626681058713e-01
40                                     9.8683276243355300e-01
   &FA [&Type "ArrayOfDoubles", &Dim (41,1)] "Mayer's free valence"
                                                         0

0                                      0.0000000000000000e+00
1                                      0.0000000000000000e+00
2                                      0.0000000000000000e+00
3                                      0.0000000000000000e+00
4                                      0.0000000000000000e+00
5                                      0.0000000000000000e+00
6                                      0.0000000000000000e+00
7                                      0.0000000000000000e+00
8                                      0.0000000000000000e+00
9                                      0.0000000000000000e+00
10                                     0.0000000000000000e+00
11                                     0.0000000000000000e+00
12                                     0.0000000000000000e+00
13                                     0.0000000000000000e+00
14                                     0.0000000000000000e+00
15                                     0.0000000000000000e+00
16                                     0.0000000000000000e+00
17                                     0.0000000000000000e+00
18                                     0.0000000000000000e+00
19                                     0.0000000000000000e+00
20                                     0.0000000000000000e+00
21                                     0.0000000000000000e+00
22                                     0.0000000000000000e+00
23                                     0.0000000000000000e+00
24                                     0.0000000000000000e+00
25                                     0.0000000000000000e+00
26                                     0.0000000000000000e+00
27                                     0.0000000000000000e+00
28                                     0.0000000000000000e+00
29                                     0.0000000000000000e+00
30                                     0.0000000000000000e+00
31                                     0.0000000000000000e+00
32                                     0.0000000000000000e+00
33                                     0.0000000000000000e+00
34                                     0.0000000000000000e+00
35                                     0.0000000000000000e+00
36                                     0.0000000000000000e+00
37                                     0.0000000000000000e+00
38                                     0.0000000000000000e+00
39                                     0.0000000000000000e+00
40                                     0.0000000000000000e+00
$End
$VdW_Correction
   &GeometryIndex 1
   &ListStatus       OUT
   &VDW [&Type "Double"]      -6.4080325885662690e-02
$End
$Calculation_Info
   &GeometryIndex 1
   &ListStatus       OUT
   &MULT [&Type "Integer"] 1
   &CHARGE [&Type "Integer"] 0
   &NUMOFATOMS [&Type "Integer"] 41
   &NUMOFELECTRONS [&Type "Integer"] 202
   &NUMOFFCELECTRONS [&Type "Integer"] 1
   &NUMOFCORRELECTRONS [&Type "Integer"] 0
   &NUMOFBASISFUNCTS [&Type "Integer"] 334
   &NUMOFAUXCBASISFUNCTS [&Type "Integer"] 0
   &NUMOFAUXJBASISFUNCTS [&Type "Integer"] 1185
   &NUMOFAUXJKBASISFUNCTS [&Type "Integer"] 0
   &NUMOFCABSBASISFUNCTS [&Type "Integer"] 0
   &TOTALENERGY [&Type "Double"]      -2.9295152417523464e+03  "Hartrees"
$End
$SCF_Dipole_Moment
   &GeometryIndex 1
   &ListStatus       OUT
   &METHOD [&Type "String"] "SCF"
   &LEVEL [&Type "String"] "Relaxed density"
   &MULT [&Type "Integer"] 1
   &STATE [&Type "Integer"] -1
   &IRREP [&Type "Integer"] 0
   &NATOMS [&Type "Integer"] 41
   &DODIPOLEATOM [&Type "Boolean"] false
   &DIPOLEELECCONTRIB [&Type "ArrayOfDoubles", &Dim (3,1)] "Electronic contribution"
                                                         0

0                                      4.9692201326352761e+00
1                                     -4.5463196990994721e+00
2                                     -1.4298733107597176e+01
   &DIPOLENUCCONTRIB [&Type "ArrayOfDoubles", &Dim (3,1)] "Nuclear contribution"
                                                         0

0                                     -5.2506695578313964e+00
1                                      5.3409805001903319e+00
2                                      1.6272105040952169e+01
   &DIPOLETOTAL [&Type "ArrayOfDoubles", &Dim (3,1)] "Total"
                                                         0

0                                     -2.8144942519612037e-01
1                                      7.9466080109085979e-01
2                                      1.9733719333549935e+00
   &DIPOLEMAGNITUDE [&Type "Double", &Units "a.u."]       2.1459022240276511e+00
$End
