*************************************************
******************* ORCA 6.0.0 ******************
*************************************************
$Calculation_Status
   &GeometryIndex 1
   &ListStatus       OUT
   &VERSION [&Type "String"] "6.0.0"
   &PROGNAME [&Type "String"] "LeanSCF"
   &STATUS [&Type "String"] "NORMAL TERMINATION"
$End
$Geometry
   &GeometryIndex 1
   &ListStatus       OUT
   &NATOMS [&Type "Integer"] 41
   &NCORELESSECP [&Type "Integer"] 0
   &NGHOSTATOMS [&Type "Integer"] 0
   &CartesianCoordinates [&Type "Coordinates", &Dim(41,4), &Units "Bohr"] 
              C      5.946431952368    3.604788641272    4.128754481923
              C      4.378182247763    3.635216354045    1.736365253054
              O      2.788319169187    1.427567333686    1.515502957462
              P      3.784372467653   -1.390445451277    1.414621973809
              S      4.498308453131   -3.102309813520    4.617417782126
              O      6.124541232249   -1.151565349456   -0.473873511117
              C      8.034969485665   -3.077088894533   -0.612727834673
              C      7.091407811110   -5.419156903625   -1.963220534266
              S      0.806459034717   -3.077626485713   -0.647122417082
              C      0.854203659965   -1.178576629941   -3.507648836697
              S     -0.386601046854    2.009363434068   -3.139626072592
              P     -3.722554275964    1.077846201336   -1.192265429244
              S     -5.567247790706   -1.926774807584   -2.355360024488
              O     -5.284559071211    3.637140239246   -1.308914177776
              C     -6.672694621984    4.362370650497   -3.541185672036
              C     -8.593366216411    6.345316283721   -2.780776734371
              O     -2.798573600057    1.102457133168    1.655280612735
              C     -4.018377529394   -0.373653055345    3.586295110095
              C     -6.576916145124    0.710685650102    4.264107251423
              H      7.015738658562    5.349967245556    4.265634175462
              H      4.734831890907    3.416570328129    5.778115551920
              H      7.251792331208    2.012958955889    4.100603975880
              H      5.577883614040    3.739573323948    0.060450195130
              H      3.028202223690    5.194641106579    1.726013674010
              H      9.584252575415   -2.176616553083   -1.631635038995
              H      8.630535808736   -3.546915780689    1.311958204758
              H      8.621249742513   -6.776904922116   -2.110805756522
              H      5.549915559166   -6.269325102564   -0.894880360251
              H      6.417469353621   -4.952722454392   -3.846472576623
              H     -0.317155704682   -2.207776588401   -4.850029701100
              H      2.781135007738   -0.976857047492   -4.191127057654
              H     -5.327446888268    5.104920839237   -4.922137863737
              H     -7.586241383102    2.677496316880   -4.322580886370
              H     -7.639682974230    7.954316384340   -1.935889124346
              H     -9.619999534285    6.958857281722   -4.446151823807
              H     -9.916970171597    5.566288821967   -1.418664158670
              H     -4.195853837570   -2.324339799613    2.914015579684
              H     -2.700838714297   -0.313940379507    5.172849755177
              H     -6.389244245915    2.683133887722    4.804066373280
              H     -7.833035317443    0.578605944091    2.637969909522
              H     -7.380110352534   -0.357249680135    5.820232742250
$End
$SCF_Energy
   &GeometryIndex 1
   &ListStatus       OUT
   &SCF_ENERGY [&Type "Double"]      -2.9296402336936030e+03
$End
$DFT_Energy
   &GeometryIndex 1
   &ListStatus       OUT
   &NALPHAEL [&Type "Integer"] 100
   &NBETAEL [&Type "Integer"] 100
   &NTOTALEL [&Type "Integer"] 201
   &EEXCHANGE [&Type "Double"]      -2.3180424944023417e+02
   &ECORR [&Type "Double"]      -7.2930745121649698e+00
   &ECNL [&Type "Double"]       0.0000000000000000e+00
   &EXC [&Type "Double"]      -2.3909732395239914e+02
   &EEMBED [&Type "Double"]       0.0000000000000000e+00
   &FINALEN [&Type "Double"]      -2.9296402336936030e+03  "No Van der Waals correction"
$End
$Mulliken_Population_Analysis
   &GeometryIndex 1
   &ListStatus       OUT
   &NATOMS [&Type "Integer"] 41
   &ATNO [&Type "ArrayOfIntegers", &Dim (41,1)] 
                                                         0

0                                                        6
1                                                        6
2                                                        8
3                                                       15
4                                                       16
5                                                        8
6                                                        6
7                                                        6
8                                                       16
9                                                        6
10                                                      16
11                                                      15
12                                                      16
13                                                       8
14                                                       6
15                                                       6
16                                                       8
17                                                       6
18                                                       6
19                                                       1
20                                                       1
21                                                       1
22                                                       1
23                                                       1
24                                                       1
25                                                       1
26                                                       1
27                                                       1
28                                                       1
29                                                       1
30                                                       1
31                                                       1
32                                                       1
33                                                       1
34                                                       1
35                                                       1
36                                                       1
37                                                       1
38                                                       1
39                                                       1
40                                                       1
   &ATOMICCHARGES [&Type "ArrayOfDoubles", &Dim (41,1)] 
                                                         0

0                                     -3.1214307851938727e-01
1                                      5.4354713197222182e-03
2                                     -3.6176820511840191e-01
3                                      6.1839998369842064e-01
4                                     -3.2215078504256311e-01
5                                     -3.9230630814337175e-01
6                                     -8.5063123595485735e-03
7                                     -3.1302780124333740e-01
8                                     -6.0238345517333869e-02
9                                     -3.4833127664464492e-01
10                                    -9.1598936658993324e-02
11                                     6.1068672459976980e-01
12                                    -3.3678130752856106e-01
13                                    -3.7365198726410220e-01
14                                    -1.2178887374394876e-02
15                                    -2.8042846126798082e-01
16                                    -3.5168935851559269e-01
17                                    -6.5184308448937855e-03
18                                    -3.0357652248864486e-01
19                                     1.0902306572560228e-01
20                                     1.2486166938520316e-01
21                                     1.2461849796363067e-01
22                                     1.0258743663351000e-01
23                                     1.0785955611786302e-01
24                                     1.0276960106502075e-01
25                                     1.1366274939991028e-01
26                                     1.1455042241066482e-01
27                                     1.3190901278580380e-01
28                                     1.1321339683610554e-01
29                                     1.9256661993664426e-01
30                                     1.7810029776243352e-01
31                                     1.0104013041733739e-01
32                                     1.0616996049615224e-01
33                                     1.1655104426596252e-01
34                                     1.1209143707533209e-01
35                                     1.2008887523422651e-01
36                                     1.1532123303193886e-01
37                                     1.0926939752338516e-01
38                                     1.1326394601079581e-01
39                                     1.1948315960796285e-01
40                                     1.1137231522841140e-01
$End
$Loewdin_Population_Analysis
   &GeometryIndex 1
   &ListStatus       OUT
   &NATOMS [&Type "Integer"] 41
   &ATNO [&Type "ArrayOfIntegers", &Dim (41,1)] 
                                                         0

0                                                        6
1                                                        6
2                                                        8
3                                                       15
4                                                       16
5                                                        8
6                                                        6
7                                                        6
8                                                       16
9                                                        6
10                                                      16
11                                                      15
12                                                      16
13                                                       8
14                                                       6
15                                                       6
16                                                       8
17                                                       6
18                                                       6
19                                                       1
20                                                       1
21                                                       1
22                                                       1
23                                                       1
24                                                       1
25                                                       1
26                                                       1
27                                                       1
28                                                       1
29                                                       1
30                                                       1
31                                                       1
32                                                       1
33                                                       1
34                                                       1
35                                                       1
36                                                       1
37                                                       1
38                                                       1
39                                                       1
40                                                       1
   &ATOMICCHARGES [&Type "ArrayOfDoubles", &Dim (41,1)] 
                                                         0

0                                      3.2540192003768275e-05
1                                      1.2712889027540126e-03
2                                      1.1534562341432322e-02
3                                      1.5555091065761887e-03
4                                      2.3930994490472907e-06
5                                      1.3739759650451860e-02
6                                      2.6317279621635220e-03
7                                      5.0485779483286194e-05
8                                      8.4417708306493063e-05
9                                      2.8159838317621340e-04
10                                     4.9710172671155943e-04
11                                     5.2615454469035483e-02
12                                     8.4142658078717775e-05
13                                     4.9655637730557922e-01
14                                     8.6110367361477522e-02
15                                     6.6487827797564493e-03
16                                     2.9494738435489193e-01
17                                     2.9599262123272508e-02
18                                     9.4993565516845709e-04
19                                     2.8613040823608405e-06
20                                     2.9042386650927355e-07
21                                     2.2306185800951099e-06
22                                     3.3014415094509955e-07
23                                     1.2009392570358580e-05
24                                     1.7794505940426482e-05
25                                     3.4744899561285567e-06
26                                     2.4037520115600957e-06
27                                     1.1588531491764108e-07
28                                     1.7617344409982775e-08
29                                     6.8173675435391787e-06
30                                     1.3702847622251046e-05
31                                     5.7658685718721994e-05
32                                     1.6577074925552962e-04
33                                     7.7287531005702270e-06
34                                     9.7417020658314150e-05
35                                     1.5541330956979882e-05
36                                     4.2424032644601959e-05
37                                     1.8910048609624238e-04
38                                     3.2260514490584033e-05
39                                     3.3498683658769743e-05
40                                     1.0345983467225717e-04
$End
$Mayer_Population_Analysis
   &GeometryIndex 1
   &ListStatus       OUT
   &NATOMS [&Type "Integer"] 41 "Total number of atoms"
   &BONDTHRESH [&Type "Double"]       1.0000000000000001e-01  "The threshold for printing"
   &NBONDORDERSPRINT [&Type "Integer"] 41 "The number of bond orders larger than threshold"
   &BONDORDERS [&Type "ArrayOfDoubles", &Dim (41,1)] "The bond orders"
                                                         0

0                                      1.1672667663473406e+00
1                                      9.3664489774249282e-01
2                                      9.4505964862806169e-01
3                                      9.3655583319377655e-01
4                                      9.0258416839215749e-01
5                                      9.2980621184420920e-01
6                                      9.3233803241637070e-01
7                                      1.1281883141190885e+00
8                                      1.6516136978318743e+00
9                                      1.0426768058593667e+00
10                                     9.6426221670943668e-01
11                                     9.0818653647770287e-01
12                                     1.1649328308411611e+00
13                                     9.3312829580305956e-01
14                                     9.1065622544576952e-01
15                                     9.3884516423871078e-01
16                                     9.3431889124402101e-01
17                                     9.4660369582139370e-01
18                                     9.9258847614504309e-01
19                                     9.9100356618695917e-01
20                                     8.9640396349177309e-01
21                                     8.9869097591538638e-01
22                                     9.7286907805609935e-01
23                                     1.0979076683011352e-01
24                                     1.5931252231762028e+00
25                                     1.1120763091953931e+00
26                                     1.1385880247796187e+00
27                                     9.0444129205712964e-01
28                                     1.1608164327952832e+00
29                                     9.2931922179452531e-01
30                                     9.0865079599822474e-01
31                                     9.5045646890019864e-01
32                                     9.4191756529779991e-01
33                                     9.5131318041278556e-01
34                                     9.0038218761334388e-01
35                                     1.1628260353771074e+00
36                                     9.1519841123537937e-01
37                                     9.3146597331728676e-01
38                                     9.4666124453604694e-01
39                                     9.3603600912786167e-01
40                                     9.4009742606960178e-01
   &COMPONENTS [&Type "ArrayOfIntegers", &Dim (41,4)] "The indices and atomic numbers of the bonding atoms"
                                                         0                           1                           2                           3

0                                                        0                           6                           1                           6
1                                                        0                           6                          19                           1
2                                                        0                           6                          20                           1
3                                                        0                           6                          21                           1
4                                                        1                           6                           2                           8
5                                                        1                           6                          22                           1
6                                                        1                           6                          23                           1
7                                                        2                           8                           3                          15
8                                                        3                          15                           4                          16
9                                                        3                          15                           5                           8
10                                                       3                          15                           8                          16
11                                                       5                           8                           6                           6
12                                                       6                           6                           7                           6
13                                                       6                           6                          24                           1
14                                                       6                           6                          25                           1
15                                                       7                           6                          26                           1
16                                                       7                           6                          27                           1
17                                                       7                           6                          28                           1
18                                                       8                          16                           9                           6
19                                                       9                           6                          10                          16
20                                                       9                           6                          29                           1
21                                                       9                           6                          30                           1
22                                                      10                          16                          11                          15
23                                                      10                          16                          12                          16
24                                                      11                          15                          12                          16
25                                                      11                          15                          13                           8
26                                                      11                          15                          16                           8
27                                                      13                           8                          14                           6
28                                                      14                           6                          15                           6
29                                                      14                           6                          31                           1
30                                                      14                           6                          32                           1
31                                                      15                           6                          33                           1
32                                                      15                           6                          34                           1
33                                                      15                           6                          35                           1
34                                                      16                           8                          17                           6
35                                                      17                           6                          18                           6
36                                                      17                           6                          36                           1
37                                                      17                           6                          37                           1
38                                                      18                           6                          38                           1
39                                                      18                           6                          39                           1
40                                                      18                           6                          40                           1
   &ATNO [&Type "ArrayOfIntegers", &Dim (41,1)] "Atomic number of the elements"
                                                         0

0                                                        6
1                                                        6
2                                                        8
3                                                       15
4                                                       16
5                                                        8
6                                                        6
7                                                        6
8                                                       16
9                                                        6
10                                                      16
11                                                      15
12                                                      16
13                                                       8
14                                                       6
15                                                       6
16                                                       8
17                                                       6
18                                                       6
19                                                       1
20                                                       1
21                                                       1
22                                                       1
23                                                       1
24                                                       1
25                                                       1
26                                                       1
27                                                       1
28                                                       1
29                                                       1
30                                                       1
31                                                       1
32                                                       1
33                                                       1
34                                                       1
35                                                       1
36                                                       1
37                                                       1
38                                                       1
39                                                       1
40                                                       1
   &NA [&Type "ArrayOfDoubles", &Dim (41,1)] "Mulliken gross atomic population"
                                                         0

0                                      6.3121430785193864e+00
1                                      5.9945645286802947e+00
2                                      8.3617682051183948e+00
3                                      1.4381600016301601e+01
4                                      1.6322150785042584e+01
5                                      8.3923063081433433e+00
6                                      6.0085063123595353e+00
7                                      6.3130278012433401e+00
8                                      1.6060238345517302e+01
9                                      6.3483312766446254e+00
10                                     1.6091598936658979e+01
11                                     1.4389313275400294e+01
12                                     1.6336781307528607e+01
13                                     8.3736519872640915e+00
14                                     6.0121788873744046e+00
15                                     6.2804284612679702e+00
16                                     8.3516893585155874e+00
17                                     6.0065184308448858e+00
18                                     6.3035765224886573e+00
19                                     8.9097693427439739e-01
20                                     8.7513833061479662e-01
21                                     8.7538150203636955e-01
22                                     8.9741256336648978e-01
23                                     8.9214044388213665e-01
24                                     8.9723039893498002e-01
25                                     8.8633725060009050e-01
26                                     8.8544957758933485e-01
27                                     8.6809098721419631e-01
28                                     8.8678660316389513e-01
29                                     8.0743338006335419e-01
30                                     8.2189970223756659e-01
31                                     8.9895986958266205e-01
32                                     8.9383003950384710e-01
33                                     8.8344895573403748e-01
34                                     8.8790856292466747e-01
35                                     8.7991112476577316e-01
36                                     8.8467876696806036e-01
37                                     8.9073060247661517e-01
38                                     8.8673605398920508e-01
39                                     8.8051684039203737e-01
40                                     8.8862768477158882e-01
   &ZA [&Type "ArrayOfDoubles", &Dim (41,1)] "Total nuclear charge"
                                                         0

0                                      6.0000000000000000e+00
1                                      6.0000000000000000e+00
2                                      8.0000000000000000e+00
3                                      1.5000000000000000e+01
4                                      1.6000000000000000e+01
5                                      8.0000000000000000e+00
6                                      6.0000000000000000e+00
7                                      6.0000000000000000e+00
8                                      1.6000000000000000e+01
9                                      6.0000000000000000e+00
10                                     1.6000000000000000e+01
11                                     1.5000000000000000e+01
12                                     1.6000000000000000e+01
13                                     8.0000000000000000e+00
14                                     6.0000000000000000e+00
15                                     6.0000000000000000e+00
16                                     8.0000000000000000e+00
17                                     6.0000000000000000e+00
18                                     6.0000000000000000e+00
19                                     1.0000000000000000e+00
20                                     1.0000000000000000e+00
21                                     1.0000000000000000e+00
22                                     1.0000000000000000e+00
23                                     1.0000000000000000e+00
24                                     1.0000000000000000e+00
25                                     1.0000000000000000e+00
26                                     1.0000000000000000e+00
27                                     1.0000000000000000e+00
28                                     1.0000000000000000e+00
29                                     1.0000000000000000e+00
30                                     1.0000000000000000e+00
31                                     1.0000000000000000e+00
32                                     1.0000000000000000e+00
33                                     1.0000000000000000e+00
34                                     1.0000000000000000e+00
35                                     1.0000000000000000e+00
36                                     1.0000000000000000e+00
37                                     1.0000000000000000e+00
38                                     1.0000000000000000e+00
39                                     1.0000000000000000e+00
40                                     1.0000000000000000e+00
   &QA [&Type "ArrayOfDoubles", &Dim (41,1)] "Mulliken gross atomic charge"
                                                         0

0                                     -3.1214307851938639e-01
1                                      5.4354713197053428e-03
2                                     -3.6176820511839480e-01
3                                      6.1839998369839932e-01
4                                     -3.2215078504258443e-01
5                                     -3.9230630814334333e-01
6                                     -8.5063123595352508e-03
7                                     -3.1302780124334006e-01
8                                     -6.0238345517301894e-02
9                                     -3.4833127664462538e-01
10                                    -9.1598936658979113e-02
11                                     6.1068672459970585e-01
12                                    -3.3678130752860724e-01
13                                    -3.7365198726409155e-01
14                                    -1.2178887374404646e-02
15                                    -2.8042846126797016e-01
16                                    -3.5168935851558736e-01
17                                    -6.5184308448857919e-03
18                                    -3.0357652248865730e-01
19                                     1.0902306572560261e-01
20                                     1.2486166938520338e-01
21                                     1.2461849796363045e-01
22                                     1.0258743663351022e-01
23                                     1.0785955611786335e-01
24                                     1.0276960106501998e-01
25                                     1.1366274939990950e-01
26                                     1.1455042241066515e-01
27                                     1.3190901278580369e-01
28                                     1.1321339683610487e-01
29                                     1.9256661993664581e-01
30                                     1.7810029776243341e-01
31                                     1.0104013041733795e-01
32                                     1.0616996049615290e-01
33                                     1.1655104426596252e-01
34                                     1.1209143707533253e-01
35                                     1.2008887523422684e-01
36                                     1.1532123303193964e-01
37                                     1.0926939752338483e-01
38                                     1.1326394601079492e-01
39                                     1.1948315960796263e-01
40                                     1.1137231522841118e-01
   &VA [&Type "ArrayOfDoubles", &Dim (41,1)] "Mayer's total valence"
                                                         0

0                                      4.0023649957184073e+00
1                                      4.0259370703780153e+00
2                                      2.1880919020048042e+00
3                                      4.9480510976095378e+00
4                                      2.0305849020246383e+00
5                                      2.1611539041697285e+00
6                                      3.9932279325081756e+00
7                                      3.9972118874488420e+00
8                                      2.2791910107743409e+00
9                                      3.8505612339464590e+00
10                                     2.2669808941086420e+00
11                                     4.9805771511747343e+00
12                                     2.0407472423661424e+00
13                                     2.1714955835351128e+00
14                                     3.9671598829334354e+00
15                                     4.0043494527543890e+00
16                                     2.1973192685430396e+00
17                                     3.9892633684649224e+00
18                                     3.9942245184665461e+00
19                                     9.5310008032276849e-01
20                                     9.6299840742047560e-01
21                                     9.7829186749884367e-01
22                                     9.6155308121227212e-01
23                                     9.5404840431384152e-01
24                                     9.4927860784888840e-01
25                                     9.8887608094362178e-01
26                                     9.5484980197776026e-01
27                                     9.8204538378857431e-01
28                                     9.5955476229911008e-01
29                                     9.5160380005001299e-01
30                                     9.5496770247419149e-01
31                                     9.5768005208694174e-01
32                                     9.9361184238601874e-01
33                                     9.5839358988233792e-01
34                                     9.5433947564070654e-01
35                                     9.6010045405900424e-01
36                                     9.8061586099683473e-01
37                                     9.5796810180269554e-01
38                                     9.5915274003342488e-01
39                                     9.8270117498929677e-01
40                                     9.5439285166376242e-01
   &BVA [&Type "ArrayOfDoubles", &Dim (41,1)] "Mayer's bonded valence"
                                                         0

0                                      4.0023649957184526e+00
1                                      4.0259370703779682e+00
2                                      2.1880919020047651e+00
3                                      4.9480510976095289e+00
4                                      2.0305849020246720e+00
5                                      2.1611539041698231e+00
6                                      3.9932279325082289e+00
7                                      3.9972118874488363e+00
8                                      2.2791910107743543e+00
9                                      3.8505612339465207e+00
10                                     2.2669808941086695e+00
11                                     4.9805771511745940e+00
12                                     2.0407472423659749e+00
13                                     2.1714955835351382e+00
14                                     3.9671598829333798e+00
15                                     4.0043494527543260e+00
16                                     2.1973192685429992e+00
17                                     3.9892633684649432e+00
18                                     3.9942245184665448e+00
19                                     9.5310008032277715e-01
20                                     9.6299840742048337e-01
21                                     9.7829186749885122e-01
22                                     9.6155308121226379e-01
23                                     9.5404840431384463e-01
24                                     9.4927860784889073e-01
25                                     9.8887608094362955e-01
26                                     9.5484980197776081e-01
27                                     9.8204538378857309e-01
28                                     9.5955476229911052e-01
29                                     9.5160380005002299e-01
30                                     9.5496770247419327e-01
31                                     9.5768005208694584e-01
32                                     9.9361184238601608e-01
33                                     9.5839358988233070e-01
34                                     9.5433947564070232e-01
35                                     9.6010045405900313e-01
36                                     9.8061586099684339e-01
37                                     9.5796810180269265e-01
38                                     9.5915274003343232e-01
39                                     9.8270117498928466e-01
40                                     9.5439285166376275e-01
   &FA [&Type "ArrayOfDoubles", &Dim (41,1)] "Mayer's free valence"
                                                         0

0                                      0.0000000000000000e+00
1                                      0.0000000000000000e+00
2                                      0.0000000000000000e+00
3                                      0.0000000000000000e+00
4                                      0.0000000000000000e+00
5                                      0.0000000000000000e+00
6                                      0.0000000000000000e+00
7                                      0.0000000000000000e+00
8                                      0.0000000000000000e+00
9                                      0.0000000000000000e+00
10                                     0.0000000000000000e+00
11                                     0.0000000000000000e+00
12                                     0.0000000000000000e+00
13                                     0.0000000000000000e+00
14                                     0.0000000000000000e+00
15                                     0.0000000000000000e+00
16                                     0.0000000000000000e+00
17                                     0.0000000000000000e+00
18                                     0.0000000000000000e+00
19                                     0.0000000000000000e+00
20                                     0.0000000000000000e+00
21                                     0.0000000000000000e+00
22                                     0.0000000000000000e+00
23                                     0.0000000000000000e+00
24                                     0.0000000000000000e+00
25                                     0.0000000000000000e+00
26                                     0.0000000000000000e+00
27                                     0.0000000000000000e+00
28                                     0.0000000000000000e+00
29                                     0.0000000000000000e+00
30                                     0.0000000000000000e+00
31                                     0.0000000000000000e+00
32                                     0.0000000000000000e+00
33                                     0.0000000000000000e+00
34                                     0.0000000000000000e+00
35                                     0.0000000000000000e+00
36                                     0.0000000000000000e+00
37                                     0.0000000000000000e+00
38                                     0.0000000000000000e+00
39                                     0.0000000000000000e+00
40                                     0.0000000000000000e+00
$End
$VdW_Correction
   &GeometryIndex 1
   &ListStatus       OUT
   &VDW [&Type "Double"]      -6.5831413731502836e-02
$End
$Calculation_Info
   &GeometryIndex 1
   &ListStatus       OUT
   &MULT [&Type "Integer"] 1
   &CHARGE [&Type "Integer"] 0
   &NUMOFATOMS [&Type "Integer"] 41
   &NUMOFELECTRONS [&Type "Integer"] 202
   &NUMOFFCELECTRONS [&Type "Integer"] 1
   &NUMOFCORRELECTRONS [&Type "Integer"] 0
   &NUMOFBASISFUNCTS [&Type "Integer"] 334
   &NUMOFAUXCBASISFUNCTS [&Type "Integer"] 0
   &NUMOFAUXJBASISFUNCTS [&Type "Integer"] 1185
   &NUMOFAUXJKBASISFUNCTS [&Type "Integer"] 0
   &NUMOFCABSBASISFUNCTS [&Type "Integer"] 0
   &TOTALENERGY [&Type "Double"]      -2.9295213261026342e+03  "Hartrees"
$End
$SCF_Dipole_Moment
   &GeometryIndex 1
   &ListStatus       OUT
   &METHOD [&Type "String"] "SCF"
   &LEVEL [&Type "String"] "Relaxed density"
   &MULT [&Type "Integer"] 1
   &STATE [&Type "Integer"] -1
   &IRREP [&Type "Integer"] 0
   &NATOMS [&Type "Integer"] 41
   &DODIPOLEATOM [&Type "Boolean"] false
   &DIPOLEELECCONTRIB [&Type "ArrayOfDoubles", &Dim (3,1)] "Electronic contribution"
                                                         0

0                                      4.9484933616103322e-01
1                                     -9.6544147276490975e+00
2                                     -2.6851979630797289e+00
   &DIPOLENUCCONTRIB [&Type "ArrayOfDoubles", &Dim (3,1)] "Nuclear contribution"
                                                         0

0                                      1.2941616127883471e-01
1                                      1.0872310611642931e+01
2                                      1.9256265735247595e+00
   &DIPOLETOTAL [&Type "ArrayOfDoubles", &Dim (3,1)] "Total"
                                                         0

0                                      6.2426549743986792e-01
1                                      1.2178958839938332e+00
2                                     -7.5957138955496939e-01
   &DIPOLEMAGNITUDE [&Type "Double", &Units "a.u."]       1.5652241026042990e+00
$End
