*************************************************
******************* ORCA 6.0.0 ******************
*************************************************
$Calculation_Status
   &GeometryIndex 1
   &ListStatus       OUT
   &VERSION [&Type "String"] "6.0.0"
   &PROGNAME [&Type "String"] "LeanSCF"
   &STATUS [&Type "String"] "NORMAL TERMINATION"
$End
$Geometry
   &GeometryIndex 1
   &ListStatus       OUT
   &NATOMS [&Type "Integer"] 41
   &NCORELESSECP [&Type "Integer"] 0
   &NGHOSTATOMS [&Type "Integer"] 0
   &CartesianCoordinates [&Type "Coordinates", &Dim(41,4), &Units "Bohr"] 
              C      8.815743683457   -2.254641342988   -3.462037188044
              C      7.705651435933   -3.510285140336   -1.143351083928
              O      6.706663771861   -1.722438756250    0.648223814291
              P      4.616977222146    0.345392705002    0.047481273581
              S      5.627744626922    3.416205829627   -1.764176504311
              O      3.708822170753    1.105829813192    2.779958768493
              C      3.576714698995   -0.516390434270    4.981339436119
              C      1.857028426748   -2.772441226660    4.605488380403
              S      1.698098040894   -1.757038322166   -1.793326498979
              C      0.022741578079    0.947303999563   -2.996620432301
              S     -1.537001449690    2.756347734223   -0.540085629383
              P     -4.819366268802    0.495460740349   -0.355952818726
              S     -6.319159342751   -0.560130903506   -3.558680617122
              O     -6.798871023864    2.066747013753    1.254055589680
              C     -6.348785107720    2.919679528269    3.815812583061
              C     -5.454824482092    5.640238450345    3.851868799392
              O     -3.842827526591   -1.723273797505    1.456385308384
              C     -4.953058496454   -4.221622565108    1.415481552968
              C     -3.430346522352   -5.987669976149   -0.244867698131
              H      9.691609717803   -3.675224065957   -4.653816189309
              H      7.338928486312   -1.300011228394   -4.530981845387
              H     10.222443994665   -0.858787784833   -2.918461457479
              H      9.149501789116   -4.515960825065   -0.067207418502
              H      6.188849063853   -4.808844985548   -1.675189608879
              H      5.494279388261   -1.117601163890    5.447157379964
              H      2.862088718759    0.748348322431    6.445097762348
              H      2.649745472419   -4.052569582294    3.204847248898
              H      1.666630480427   -3.769438196910    6.388465470122
              H      0.000819389220   -2.161762538064    3.970173752852
              H     -1.388403417374    0.264844801707   -4.335459557433
              H      1.366438860855    2.224863513458   -3.898456795461
              H     -8.181600572913    2.727014520213    4.741961454389
              H     -4.973886667106    1.666847290218    4.711633621958
              H     -3.607042397068    5.811496536821    2.964619440508
              H     -6.784216270072    6.830089697572    2.835620679924
              H     -5.325400803926    6.278083117889    5.797279852160
              H     -4.933797025551   -4.832463216462    3.384839251778
              H     -6.903078624711   -4.082888248609    0.744401859758
              H     -4.233302358952   -7.871029965143   -0.133694398380
              H     -3.489786231785   -5.348520817615   -2.197708291776
              H     -1.473056594225   -6.036977638857    0.368584283943
$End
$SCF_Energy
   &GeometryIndex 1
   &ListStatus       OUT
   &SCF_ENERGY [&Type "Double"]      -2.9296341055075663e+03
$End
$DFT_Energy
   &GeometryIndex 1
   &ListStatus       OUT
   &NALPHAEL [&Type "Integer"] 101
   &NBETAEL [&Type "Integer"] 101
   &NTOTALEL [&Type "Integer"] 201
   &EEXCHANGE [&Type "Double"]      -2.3180716908450015e+02
   &ECORR [&Type "Double"]      -7.2945721687168055e+00
   &ECNL [&Type "Double"]       0.0000000000000000e+00
   &EXC [&Type "Double"]      -2.3910174125321694e+02
   &EEMBED [&Type "Double"]       0.0000000000000000e+00
   &FINALEN [&Type "Double"]      -2.9296341055075663e+03  "No Van der Waals correction"
$End
$Mulliken_Population_Analysis
   &GeometryIndex 1
   &ListStatus       OUT
   &NATOMS [&Type "Integer"] 41
   &ATNO [&Type "ArrayOfIntegers", &Dim (41,1)] 
                                                         0

0                                                        6
1                                                        6
2                                                        8
3                                                       15
4                                                       16
5                                                        8
6                                                        6
7                                                        6
8                                                       16
9                                                        6
10                                                      16
11                                                      15
12                                                      16
13                                                       8
14                                                       6
15                                                       6
16                                                       8
17                                                       6
18                                                       6
19                                                       1
20                                                       1
21                                                       1
22                                                       1
23                                                       1
24                                                       1
25                                                       1
26                                                       1
27                                                       1
28                                                       1
29                                                       1
30                                                       1
31                                                       1
32                                                       1
33                                                       1
34                                                       1
35                                                       1
36                                                       1
37                                                       1
38                                                       1
39                                                       1
40                                                       1
   &ATOMICCHARGES [&Type "ArrayOfDoubles", &Dim (41,1)] 
                                                         0

0                                     -3.0740110600602133e-01
1                                     -1.1610632157106338e-02
2                                     -3.8503082312950454e-01
3                                      6.0931475033262217e-01
4                                     -3.1160063706442642e-01
5                                     -3.5317400361999063e-01
6                                      1.5112052484729688e-02
7                                     -3.6566013220866811e-01
8                                     -1.0887695295073740e-01
9                                     -3.6249141273748009e-01
10                                    -8.1072431669831246e-02
11                                     6.1666911155356274e-01
12                                    -3.0997441427132699e-01
13                                    -3.6465060616285605e-01
14                                    -2.7505304981212397e-02
15                                    -3.0381712609413558e-01
16                                    -3.8708071387270415e-01
17                                    -7.3508241832680454e-03
18                                    -2.9588107124723706e-01
19                                     1.1206817394692048e-01
20                                     1.2787607962847414e-01
21                                     1.2735193801303457e-01
22                                     1.0871808045991016e-01
23                                     1.1256825137532545e-01
24                                     1.0845330274073151e-01
25                                     1.0625075631973613e-01
26                                     1.2047704665617998e-01
27                                     1.0881804172440490e-01
28                                     1.6019883136317903e-01
29                                     1.8724093951720189e-01
30                                     2.0073678687497210e-01
31                                     1.1160499056935613e-01
32                                     1.0808761611707918e-01
33                                     1.4046662028815859e-01
34                                     1.2639178969494824e-01
35                                     1.1260518855915724e-01
36                                     1.0063119561642619e-01
37                                     1.0999856295458776e-01
38                                     1.0760211468713998e-01
39                                     1.2094474870719696e-01
40                                     1.2299122217140557e-01
$End
$Loewdin_Population_Analysis
   &GeometryIndex 1
   &ListStatus       OUT
   &NATOMS [&Type "Integer"] 41
   &ATNO [&Type "ArrayOfIntegers", &Dim (41,1)] 
                                                         0

0                                                        6
1                                                        6
2                                                        8
3                                                       15
4                                                       16
5                                                        8
6                                                        6
7                                                        6
8                                                       16
9                                                        6
10                                                      16
11                                                      15
12                                                      16
13                                                       8
14                                                       6
15                                                       6
16                                                       8
17                                                       6
18                                                       6
19                                                       1
20                                                       1
21                                                       1
22                                                       1
23                                                       1
24                                                       1
25                                                       1
26                                                       1
27                                                       1
28                                                       1
29                                                       1
30                                                       1
31                                                       1
32                                                       1
33                                                       1
34                                                       1
35                                                       1
36                                                       1
37                                                       1
38                                                       1
39                                                       1
40                                                       1
   &ATOMICCHARGES [&Type "ArrayOfDoubles", &Dim (41,1)] 
                                                         0

0                                      2.9361588489319893e-03
1                                      9.6136448688908333e-02
2                                      5.1372303608145542e-01
3                                      4.7633076159667304e-02
4                                      1.5302247602676361e-04
5                                      3.0503179115798934e-01
6                                      2.8086084511670457e-02
7                                      6.7967056813891726e-04
8                                      9.9743880428417370e-05
9                                      1.0877393769995329e-04
10                                     3.6561919102273379e-05
11                                     2.2473763939708259e-04
12                                     2.6983342803634689e-06
13                                     7.0790191978828236e-04
14                                     6.9635858105419586e-05
15                                     1.9339934752909420e-06
16                                     2.5281152729341840e-03
17                                     4.5582622279687144e-04
18                                     6.0078853673693111e-06
19                                     1.6558968665771653e-04
20                                     1.2716397343529110e-05
21                                     9.8246487561828653e-06
22                                     6.3853947477633525e-04
23                                     1.2942914633171779e-04
24                                     2.8020627905515281e-05
25                                     2.3159755219788263e-04
26                                     7.7541025608964570e-05
27                                     6.8485678098911351e-05
28                                     2.1810717401353065e-06
29                                     4.5090867677713486e-06
30                                     2.6266736341963694e-06
31                                     5.3226194669186434e-07
32                                     2.9881143159159482e-06
33                                     8.8968275542772980e-08
34                                     1.4439019607235748e-08
35                                     6.6658087314928241e-09
36                                     9.8529892458707962e-07
37                                     1.4215690267384011e-06
38                                     2.5494014468232636e-07
39                                     1.6347329785301013e-07
40                                     1.2578432607833177e-06
$End
$Mayer_Population_Analysis
   &GeometryIndex 1
   &ListStatus       OUT
   &NATOMS [&Type "Integer"] 41 "Total number of atoms"
   &BONDTHRESH [&Type "Double"]       1.0000000000000001e-01  "The threshold for printing"
   &NBONDORDERSPRINT [&Type "Integer"] 42 "The number of bond orders larger than threshold"
   &BONDORDERS [&Type "ArrayOfDoubles", &Dim (42,1)] "The bond orders"
                                                         0

0                                      1.1687340603550498e+00
1                                      9.3490603126587601e-01
2                                      9.3186585368345298e-01
3                                      9.4343799903243686e-01
4                                      9.0858950358919932e-01
5                                      9.3326262856394149e-01
6                                      9.2482660010339057e-01
7                                      1.0791376574778029e+00
8                                      1.6414874288336521e+00
9                                      1.1385885617941522e+00
10                                     9.3283245219791022e-01
11                                     1.1250440219830202e-01
12                                     9.0104264047537685e-01
13                                     1.1689575853003633e+00
14                                     9.2994107138240667e-01
15                                     9.3448469121192757e-01
16                                     9.3792857692622211e-01
17                                     9.3391879777787445e-01
18                                     9.1767296543452670e-01
19                                     1.0114632036184470e+00
20                                     1.0046749860082680e+00
21                                     8.6471820006000122e-01
22                                     8.6514368994712942e-01
23                                     9.7613438616813997e-01
24                                     1.0209578340554423e-01
25                                     1.6239009405269413e+00
26                                     1.1293642384855791e+00
27                                     1.0622252446034770e+00
28                                     9.0269957195807293e-01
29                                     1.1678551336893042e+00
30                                     9.3380305991688051e-01
31                                     9.1681100618695921e-01
32                                     9.3360181737009817e-01
33                                     9.4588544592209867e-01
34                                     9.3807964017403744e-01
35                                     8.8396244943130298e-01
36                                     1.1756585638324573e+00
37                                     9.3254639290451058e-01
38                                     9.1264695456232692e-01
39                                     9.3795299845222280e-01
40                                     9.3520760866796682e-01
41                                     9.4190135906680106e-01
   &COMPONENTS [&Type "ArrayOfIntegers", &Dim (42,4)] "The indices and atomic numbers of the bonding atoms"
                                                         0                           1                           2                           3

0                                                        0                           6                           1                           6
1                                                        0                           6                          19                           1
2                                                        0                           6                          20                           1
3                                                        0                           6                          21                           1
4                                                        1                           6                           2                           8
5                                                        1                           6                          22                           1
6                                                        1                           6                          23                           1
7                                                        2                           8                           3                          15
8                                                        3                          15                           4                          16
9                                                        3                          15                           5                           8
10                                                       3                          15                           8                          16
11                                                       4                          16                           8                          16
12                                                       5                           8                           6                           6
13                                                       6                           6                           7                           6
14                                                       6                           6                          24                           1
15                                                       6                           6                          25                           1
16                                                       7                           6                          26                           1
17                                                       7                           6                          27                           1
18                                                       7                           6                          28                           1
19                                                       8                          16                           9                           6
20                                                       9                           6                          10                          16
21                                                       9                           6                          29                           1
22                                                       9                           6                          30                           1
23                                                      10                          16                          11                          15
24                                                      10                          16                          12                          16
25                                                      11                          15                          12                          16
26                                                      11                          15                          13                           8
27                                                      11                          15                          16                           8
28                                                      13                           8                          14                           6
29                                                      14                           6                          15                           6
30                                                      14                           6                          31                           1
31                                                      14                           6                          32                           1
32                                                      15                           6                          33                           1
33                                                      15                           6                          34                           1
34                                                      15                           6                          35                           1
35                                                      16                           8                          17                           6
36                                                      17                           6                          18                           6
37                                                      17                           6                          36                           1
38                                                      17                           6                          37                           1
39                                                      18                           6                          38                           1
40                                                      18                           6                          39                           1
41                                                      18                           6                          40                           1
   &ATNO [&Type "ArrayOfIntegers", &Dim (41,1)] "Atomic number of the elements"
                                                         0

0                                                        6
1                                                        6
2                                                        8
3                                                       15
4                                                       16
5                                                        8
6                                                        6
7                                                        6
8                                                       16
9                                                        6
10                                                      16
11                                                      15
12                                                      16
13                                                       8
14                                                       6
15                                                       6
16                                                       8
17                                                       6
18                                                       6
19                                                       1
20                                                       1
21                                                       1
22                                                       1
23                                                       1
24                                                       1
25                                                       1
26                                                       1
27                                                       1
28                                                       1
29                                                       1
30                                                       1
31                                                       1
32                                                       1
33                                                       1
34                                                       1
35                                                       1
36                                                       1
37                                                       1
38                                                       1
39                                                       1
40                                                       1
   &NA [&Type "ArrayOfDoubles", &Dim (41,1)] "Mulliken gross atomic population"
                                                         0

0                                      6.3074011060060311e+00
1                                      6.0116106321571028e+00
2                                      8.3850308231295045e+00
3                                      1.4390685249667373e+01
4                                      1.6311600637064394e+01
5                                      8.3531740036199995e+00
6                                      5.9848879475152748e+00
7                                      6.3656601322086788e+00
8                                      1.6108876952950776e+01
9                                      6.3624914127374996e+00
10                                     1.6081072431669718e+01
11                                     1.4383330888446499e+01
12                                     1.6309974414271291e+01
13                                     8.3646506061628525e+00
14                                     6.0275053049811991e+00
15                                     6.3038171260941409e+00
16                                     8.3870807138726970e+00
17                                     6.0073508241832645e+00
18                                     6.2958810712472344e+00
19                                     8.8793182605307941e-01
20                                     8.7212392037152620e-01
21                                     8.7264806198696521e-01
22                                     8.9128191954009162e-01
23                                     8.8743174862467589e-01
24                                     8.9154669725926805e-01
25                                     8.9374924368026354e-01
26                                     8.7952295334382002e-01
27                                     8.9118195827559454e-01
28                                     8.3980116863682164e-01
29                                     8.1275906048279711e-01
30                                     7.9926321312502802e-01
31                                     8.8839500943064409e-01
32                                     8.9191238388292116e-01
33                                     8.5953337971184074e-01
34                                     8.7360821030505120e-01
35                                     8.8739481144084309e-01
36                                     8.9936880438357403e-01
37                                     8.9000143704541335e-01
38                                     8.9239788531285946e-01
39                                     8.7905525129280260e-01
40                                     8.7700877782859499e-01
   &ZA [&Type "ArrayOfDoubles", &Dim (41,1)] "Total nuclear charge"
                                                         0

0                                      6.0000000000000000e+00
1                                      6.0000000000000000e+00
2                                      8.0000000000000000e+00
3                                      1.5000000000000000e+01
4                                      1.6000000000000000e+01
5                                      8.0000000000000000e+00
6                                      6.0000000000000000e+00
7                                      6.0000000000000000e+00
8                                      1.6000000000000000e+01
9                                      6.0000000000000000e+00
10                                     1.6000000000000000e+01
11                                     1.5000000000000000e+01
12                                     1.6000000000000000e+01
13                                     8.0000000000000000e+00
14                                     6.0000000000000000e+00
15                                     6.0000000000000000e+00
16                                     8.0000000000000000e+00
17                                     6.0000000000000000e+00
18                                     6.0000000000000000e+00
19                                     1.0000000000000000e+00
20                                     1.0000000000000000e+00
21                                     1.0000000000000000e+00
22                                     1.0000000000000000e+00
23                                     1.0000000000000000e+00
24                                     1.0000000000000000e+00
25                                     1.0000000000000000e+00
26                                     1.0000000000000000e+00
27                                     1.0000000000000000e+00
28                                     1.0000000000000000e+00
29                                     1.0000000000000000e+00
30                                     1.0000000000000000e+00
31                                     1.0000000000000000e+00
32                                     1.0000000000000000e+00
33                                     1.0000000000000000e+00
34                                     1.0000000000000000e+00
35                                     1.0000000000000000e+00
36                                     1.0000000000000000e+00
37                                     1.0000000000000000e+00
38                                     1.0000000000000000e+00
39                                     1.0000000000000000e+00
40                                     1.0000000000000000e+00
   &QA [&Type "ArrayOfDoubles", &Dim (41,1)] "Mulliken gross atomic charge"
                                                         0

0                                     -3.0740110600603110e-01
1                                     -1.1610632157102785e-02
2                                     -3.8503082312950454e-01
3                                      6.0931475033262750e-01
4                                     -3.1160063706439445e-01
5                                     -3.5317400361999951e-01
6                                      1.5112052484725247e-02
7                                     -3.6566013220867877e-01
8                                     -1.0887695295077648e-01
9                                     -3.6249141273749963e-01
10                                    -8.1072431669717560e-02
11                                     6.1666911155350057e-01
12                                    -3.0997441427129147e-01
13                                    -3.6465060616285250e-01
14                                    -2.7505304981199075e-02
15                                    -3.0381712609414091e-01
16                                    -3.8708071387269705e-01
17                                    -7.3508241832644927e-03
18                                    -2.9588107124723440e-01
19                                     1.1206817394692059e-01
20                                     1.2787607962847380e-01
21                                     1.2735193801303479e-01
22                                     1.0871808045990838e-01
23                                     1.1256825137532411e-01
24                                     1.0845330274073195e-01
25                                     1.0625075631973646e-01
26                                     1.2047704665617998e-01
27                                     1.0881804172440546e-01
28                                     1.6019883136317836e-01
29                                     1.8724093951720289e-01
30                                     2.0073678687497198e-01
31                                     1.1160499056935591e-01
32                                     1.0808761611707884e-01
33                                     1.4046662028815926e-01
34                                     1.2639178969494880e-01
35                                     1.1260518855915691e-01
36                                     1.0063119561642597e-01
37                                     1.0999856295458665e-01
38                                     1.0760211468714054e-01
39                                     1.2094474870719740e-01
40                                     1.2299122217140501e-01
   &VA [&Type "ArrayOfDoubles", &Dim (41,1)] "Mayer's total valence"
                                                         0

0                                      3.9905945917801890e+00
1                                      4.0147939685481964e+00
2                                      2.1739392468251797e+00
3                                      4.9369409304240408e+00
4                                      2.0362047981578870e+00
5                                      2.1832379684769458e+00
6                                      4.0291728802329043e+00
7                                      3.9856275666642356e+00
8                                      2.2902138971727286e+00
9                                      3.7947055653437189e+00
10                                     2.2914885425793363e+00
11                                     4.9495191895320536e+00
12                                     2.0370885367254554e+00
13                                     2.1731181803026867e+00
14                                     4.0251829961077545e+00
15                                     3.9951731827504386e+00
16                                     2.1597550665603680e+00
17                                     4.0006744161517256e+00
18                                     3.9986627678132396e+00
19                                     9.5290356921682884e-01
20                                     9.8935284707343962e-01
21                                     9.6494081360629325e-01
22                                     9.4756968999717262e-01
23                                     9.5285049184063908e-01
24                                     9.5646635389833734e-01
25                                     9.4976056114297991e-01
26                                     9.6609520249134029e-01
27                                     9.5254450412812652e-01
28                                     9.8993132625622471e-01
29                                     9.9157011027423392e-01
30                                     9.7908965039601037e-01
31                                     9.4694936402588470e-01
32                                     9.6883372121184685e-01
33                                     9.6467985630114150e-01
34                                     9.5726036459569286e-01
35                                     9.5495956374982760e-01
36                                     9.4647920697317489e-01
37                                     9.7897299692164308e-01
38                                     9.5424887184142893e-01
39                                     9.9274198687628612e-01
40                                     9.6549272061070490e-01
   &BVA [&Type "ArrayOfDoubles", &Dim (41,1)] "Mayer's bonded valence"
                                                         0

0                                      3.9905945917801677e+00
1                                      4.0147939685482052e+00
2                                      2.1739392468251113e+00
3                                      4.9369409304240675e+00
4                                      2.0362047981580309e+00
5                                      2.1832379684769458e+00
6                                      4.0291728802328528e+00
7                                      3.9856275666642067e+00
8                                      2.2902138971726371e+00
9                                      3.7947055653436457e+00
10                                     2.2914885425796343e+00
11                                     4.9495191895319079e+00
12                                     2.0370885367256464e+00
13                                     2.1731181803026658e+00
14                                     4.0251829961078185e+00
15                                     3.9951731827504755e+00
16                                     2.1597550665603649e+00
17                                     4.0006744161517496e+00
18                                     3.9986627678132400e+00
19                                     9.5290356921682395e-01
20                                     9.8935284707343374e-01
21                                     9.6494081360628958e-01
22                                     9.4756968999716829e-01
23                                     9.5285049184063275e-01
24                                     9.5646635389833312e-01
25                                     9.4976056114296792e-01
26                                     9.6609520249134184e-01
27                                     9.5254450412813085e-01
28                                     9.8993132625621238e-01
29                                     9.9157011027424025e-01
30                                     9.7908965039600404e-01
31                                     9.4694936402588925e-01
32                                     9.6883372121185340e-01
33                                     9.6467985630114883e-01
34                                     9.5726036459568842e-01
35                                     9.5495956374982682e-01
36                                     9.4647920697316112e-01
37                                     9.7897299692163386e-01
38                                     9.5424887184143314e-01
39                                     9.9274198687629045e-01
40                                     9.6549272061070424e-01
   &FA [&Type "ArrayOfDoubles", &Dim (41,1)] "Mayer's free valence"
                                                         0

0                                      0.0000000000000000e+00
1                                      0.0000000000000000e+00
2                                      0.0000000000000000e+00
3                                      0.0000000000000000e+00
4                                      0.0000000000000000e+00
5                                      0.0000000000000000e+00
6                                      0.0000000000000000e+00
7                                      0.0000000000000000e+00
8                                      0.0000000000000000e+00
9                                      0.0000000000000000e+00
10                                     0.0000000000000000e+00
11                                     0.0000000000000000e+00
12                                     0.0000000000000000e+00
13                                     0.0000000000000000e+00
14                                     0.0000000000000000e+00
15                                     0.0000000000000000e+00
16                                     0.0000000000000000e+00
17                                     0.0000000000000000e+00
18                                     0.0000000000000000e+00
19                                     0.0000000000000000e+00
20                                     0.0000000000000000e+00
21                                     0.0000000000000000e+00
22                                     0.0000000000000000e+00
23                                     0.0000000000000000e+00
24                                     0.0000000000000000e+00
25                                     0.0000000000000000e+00
26                                     0.0000000000000000e+00
27                                     0.0000000000000000e+00
28                                     0.0000000000000000e+00
29                                     0.0000000000000000e+00
30                                     0.0000000000000000e+00
31                                     0.0000000000000000e+00
32                                     0.0000000000000000e+00
33                                     0.0000000000000000e+00
34                                     0.0000000000000000e+00
35                                     0.0000000000000000e+00
36                                     0.0000000000000000e+00
37                                     0.0000000000000000e+00
38                                     0.0000000000000000e+00
39                                     0.0000000000000000e+00
40                                     0.0000000000000000e+00
$End
$VdW_Correction
   &GeometryIndex 1
   &ListStatus       OUT
   &VDW [&Type "Double"]      -6.6047902894361757e-02
$End
$Calculation_Info
   &GeometryIndex 1
   &ListStatus       OUT
   &MULT [&Type "Integer"] 1
   &CHARGE [&Type "Integer"] 0
   &NUMOFATOMS [&Type "Integer"] 41
   &NUMOFELECTRONS [&Type "Integer"] 202
   &NUMOFFCELECTRONS [&Type "Integer"] 1
   &NUMOFCORRELECTRONS [&Type "Integer"] 0
   &NUMOFBASISFUNCTS [&Type "Integer"] 334
   &NUMOFAUXCBASISFUNCTS [&Type "Integer"] 0
   &NUMOFAUXJBASISFUNCTS [&Type "Integer"] 1185
   &NUMOFAUXJKBASISFUNCTS [&Type "Integer"] 0
   &NUMOFCABSBASISFUNCTS [&Type "Integer"] 0
   &TOTALENERGY [&Type "Double"]      -2.9295139738853604e+03  "Hartrees"
$End
$SCF_Dipole_Moment
   &GeometryIndex 1
   &ListStatus       OUT
   &METHOD [&Type "String"] "SCF"
   &LEVEL [&Type "String"] "Relaxed density"
   &MULT [&Type "Integer"] 1
   &STATE [&Type "Integer"] -1
   &IRREP [&Type "Integer"] 0
   &NATOMS [&Type "Integer"] 41
   &DODIPOLEATOM [&Type "Boolean"] false
   &DIPOLEELECCONTRIB [&Type "ArrayOfDoubles", &Dim (3,1)] "Electronic contribution"
                                                         0

0                                     -2.5185616013158865e+00
1                                      1.2780240839664621e+01
2                                     -1.1695643890805949e+01
   &DIPOLENUCCONTRIB [&Type "ArrayOfDoubles", &Dim (3,1)] "Nuclear contribution"
                                                         0

0                                      2.7520266556088848e+00
1                                     -1.4300297977378076e+01
2                                      1.3513931024022163e+01
   &DIPOLETOTAL [&Type "ArrayOfDoubles", &Dim (3,1)] "Total"
                                                         0

0                                      2.3346505429299835e-01
1                                     -1.5200571377134544e+00
2                                      1.8182871332162147e+00
   &DIPOLEMAGNITUDE [&Type "Double", &Units "a.u."]       2.3814381647041127e+00
$End
