*************************************************
******************* ORCA 6.0.0 ******************
*************************************************
$Calculation_Status
   &GeometryIndex 1
   &ListStatus       OUT
   &VERSION [&Type "String"] "6.0.0"
   &PROGNAME [&Type "String"] "LeanSCF"
   &STATUS [&Type "String"] "NORMAL TERMINATION"
$End
$Geometry
   &GeometryIndex 1
   &ListStatus       OUT
   &NATOMS [&Type "Integer"] 41
   &NCORELESSECP [&Type "Integer"] 0
   &NGHOSTATOMS [&Type "Integer"] 0
   &CartesianCoordinates [&Type "Coordinates", &Dim(41,4), &Units "Bohr"] 
              C      8.574198684740    1.417198030900   -3.942219058152
              C      8.639360349224    1.554078218225   -1.083387482885
              O      6.928482764362   -0.223210091908    0.051701586294
              P      3.944893672398    0.064637989814   -0.154329300505
              S      2.797669909776    3.580242278927    0.166083094891
              O      2.948518276160   -1.841914843860    1.928025999415
              C      2.588860695647   -1.106454411899    4.524311513512
              C      5.060272086174   -0.477926291672    5.816160212167
              S      3.128322879056   -2.053446084707   -3.426975179309
              C     -0.209665854575   -2.746655426203   -3.072934385107
              S     -2.241128392717    0.019321997130   -3.061000498309
              P     -3.869207345830   -0.331906826003    0.622813077417
              S     -3.176847887309   -3.463350469284    2.454195351066
              O     -6.781598917740    0.261950663078    0.163718924665
              C     -8.590550204163   -1.662437861083   -0.482933060025
              C     -8.040375022327   -2.896389552800   -3.006543416545
              O     -2.984381437503    2.078475147925    2.133547648295
              C     -3.550035979318    4.629854306218    1.307231591516
              C     -5.798221752326    5.676192074578    2.732754969447
              H      8.900901239363   -0.510466423087   -4.572583549230
              H      6.732383995042    2.031284687323   -4.629966870967
              H     10.019793103021    2.647651353317   -4.718185184167
              H      8.136362293894    3.454258165941   -0.435267098218
              H     10.482578379784    1.018750216080   -0.332310881198
              H      1.293902125338    0.509074012022    4.572960007053
              H      1.664275852562   -2.744627350762    5.370929799359
              H      4.715222331506   -0.161534578888    7.813314805040
              H      6.390106475415   -2.025753950447    5.584054655704
              H      5.867426572423    1.228651497083    4.995574167664
              H     -0.523348505673   -3.810211941057   -1.329077727023
              H     -0.684058278252   -3.867375838567   -4.729014768303
              H     -8.598182996424   -3.074086660357    1.027888066736
              H    -10.387828228958   -0.652941445475   -0.508508971436
              H     -9.596772915475   -4.137235548812   -3.500721839195
              H     -7.811641019612   -1.472169213226   -4.469246202983
              H     -6.315954183358   -4.013040540658   -2.881813969840
              H     -1.828524004291    5.698149695424    1.701858331906
              H     -3.882035469932    4.614326446795   -0.732004198640
              H     -7.488549117092    4.595794062660    2.294621100181
              H     -5.451218507817    5.582703323128    4.754275902740
              H     -6.078823707722    7.632075862781    2.182616611003
$End
$SCF_Energy
   &GeometryIndex 1
   &ListStatus       OUT
   &SCF_ENERGY [&Type "Double"]      -2.9296379234846445e+03
$End
$DFT_Energy
   &GeometryIndex 1
   &ListStatus       OUT
   &NALPHAEL [&Type "Integer"] 100
   &NBETAEL [&Type "Integer"] 100
   &NTOTALEL [&Type "Integer"] 201
   &EEXCHANGE [&Type "Double"]      -2.3180666549363821e+02
   &ECORR [&Type "Double"]      -7.2968612853335433e+00
   &ECNL [&Type "Double"]       0.0000000000000000e+00
   &EXC [&Type "Double"]      -2.3910352677897174e+02
   &EEMBED [&Type "Double"]       0.0000000000000000e+00
   &FINALEN [&Type "Double"]      -2.9296379234846445e+03  "No Van der Waals correction"
$End
$Mulliken_Population_Analysis
   &GeometryIndex 1
   &ListStatus       OUT
   &NATOMS [&Type "Integer"] 41
   &ATNO [&Type "ArrayOfIntegers", &Dim (41,1)] 
                                                         0

0                                                        6
1                                                        6
2                                                        8
3                                                       15
4                                                       16
5                                                        8
6                                                        6
7                                                        6
8                                                       16
9                                                        6
10                                                      16
11                                                      15
12                                                      16
13                                                       8
14                                                       6
15                                                       6
16                                                       8
17                                                       6
18                                                       6
19                                                       1
20                                                       1
21                                                       1
22                                                       1
23                                                       1
24                                                       1
25                                                       1
26                                                       1
27                                                       1
28                                                       1
29                                                       1
30                                                       1
31                                                       1
32                                                       1
33                                                       1
34                                                       1
35                                                       1
36                                                       1
37                                                       1
38                                                       1
39                                                       1
40                                                       1
   &ATOMICCHARGES [&Type "ArrayOfDoubles", &Dim (41,1)] 
                                                         0

0                                     -3.2471050754393271e-01
1                                     -3.3189470267176446e-03
2                                     -3.7122846597842774e-01
3                                      6.1915404058688317e-01
4                                     -3.3710805676582467e-01
5                                     -3.6624240473320313e-01
6                                     -1.7619990650278972e-02
7                                     -2.9847664427155962e-01
8                                     -9.3660646307455409e-02
9                                     -3.5074904131361073e-01
10                                    -9.5216739283394247e-02
11                                     6.0220589479835951e-01
12                                    -3.0515152215635410e-01
13                                    -3.8325587899886315e-01
14                                     3.9933664830682503e-03
15                                    -3.1664169954974053e-01
16                                    -3.4776971604231832e-01
17                                    -1.8560188853323112e-02
18                                    -2.8076370108484827e-01
19                                     1.2153631555802724e-01
20                                     1.3039028346811632e-01
21                                     1.1467758582491649e-01
22                                     1.1010711017617048e-01
23                                     1.0527754673101064e-01
24                                     1.1941426259435484e-01
25                                     1.1112334852434835e-01
26                                     1.0928860756441106e-01
27                                     1.1417466353470029e-01
28                                     1.1621194924958955e-01
29                                     2.0715223142966044e-01
30                                     1.8074295038881216e-01
31                                     1.1245505603464179e-01
32                                     1.0501061506809628e-01
33                                     1.1367297670596055e-01
34                                     1.2097545123558429e-01
35                                     1.2148617028688147e-01
36                                     1.2283266655472458e-01
37                                     1.0371635463871698e-01
38                                     1.1780689450493387e-01
39                                     1.1804582421952770e-01
40                                     1.0902198439834865e-01
$End
$Loewdin_Population_Analysis
   &GeometryIndex 1
   &ListStatus       OUT
   &NATOMS [&Type "Integer"] 41
   &ATNO [&Type "ArrayOfIntegers", &Dim (41,1)] 
                                                         0

0                                                        6
1                                                        6
2                                                        8
3                                                       15
4                                                       16
5                                                        8
6                                                        6
7                                                        6
8                                                       16
9                                                        6
10                                                      16
11                                                      15
12                                                      16
13                                                       8
14                                                       6
15                                                       6
16                                                       8
17                                                       6
18                                                       6
19                                                       1
20                                                       1
21                                                       1
22                                                       1
23                                                       1
24                                                       1
25                                                       1
26                                                       1
27                                                       1
28                                                       1
29                                                       1
30                                                       1
31                                                       1
32                                                       1
33                                                       1
34                                                       1
35                                                       1
36                                                       1
37                                                       1
38                                                       1
39                                                       1
40                                                       1
   &ATOMICCHARGES [&Type "ArrayOfDoubles", &Dim (41,1)] 
                                                         0

0                                      1.7669400242881093e-03
1                                      6.7286535831752453e-02
2                                      3.7182256110784417e-01
3                                      3.5789973385007619e-02
4                                      6.9688128713926413e-05
5                                      2.4359758832516393e-01
6                                      2.8288664055681319e-02
7                                      1.0569670253234077e-03
8                                      1.5851650321247181e-04
9                                      1.6248722081954224e-04
10                                     2.1898035615978135e-04
11                                     1.2432647392589471e-02
12                                     1.8490992978268716e-05
13                                     1.0383279161095570e-01
14                                     1.8591796197966193e-02
15                                     4.6694049356515950e-04
16                                     9.9613966990782732e-02
17                                     1.3111221866273766e-02
18                                     3.1252097818669630e-04
19                                     3.3593495448738791e-06
20                                     1.7081619134811526e-05
21                                     1.0864595347271448e-04
22                                     1.1748070610938550e-04
23                                     4.1494333761005583e-04
24                                     3.2306163345529437e-05
25                                     1.9982406391841906e-04
26                                     1.1057298699967463e-04
27                                     2.4489059102365978e-05
28                                     5.0903441679145335e-05
29                                     9.0776390039206743e-06
30                                     1.5044571079306660e-05
31                                     2.8146625371629062e-05
32                                     1.3734258573587835e-04
33                                     3.1881450262359558e-05
34                                     9.2883840545936998e-07
35                                     3.0352739384200746e-06
36                                     5.2357395900812276e-05
37                                     2.1219128274248497e-05
38                                     8.7875026832702208e-08
39                                     1.2359704341066463e-06
40                                     2.0757478387663740e-05
$End
$Mayer_Population_Analysis
   &GeometryIndex 1
   &ListStatus       OUT
   &NATOMS [&Type "Integer"] 41 "Total number of atoms"
   &BONDTHRESH [&Type "Double"]       1.0000000000000001e-01  "The threshold for printing"
   &NBONDORDERSPRINT [&Type "Integer"] 43 "The number of bond orders larger than threshold"
   &BONDORDERS [&Type "ArrayOfDoubles", &Dim (43,1)] "The bond orders"
                                                         0

0                                      1.1656157729008381e+00
1                                      9.4356886048194799e-01
2                                      9.3298523579328885e-01
3                                      9.3817057101688428e-01
4                                      9.1029671252814781e-01
5                                      9.1247547167853515e-01
6                                      9.3267552222734562e-01
7                                      1.0968672281037108e+00
8                                      1.6114275108843017e+00
9                                      1.1358665845953682e+00
10                                     9.6589990772003720e-01
11                                     1.1094626195783791e-01
12                                     8.9266191284613405e-01
13                                     1.1583252854001844e+00
14                                     9.1520115466158114e-01
15                                     9.2806602619844236e-01
16                                     9.3960629208980095e-01
17                                     9.4476961487814792e-01
18                                     9.3626777715918252e-01
19                                     9.9879067024912838e-01
20                                     1.0052353006471635e+00
21                                     8.4729757066429978e-01
22                                     9.1067952283546372e-01
23                                     9.5739825657720301e-01
24                                     1.1768158018500849e-01
25                                     1.6144443555649401e+00
26                                     1.0732984433582926e+00
27                                     1.1444405978633942e+00
28                                     1.1037957799126216e-01
29                                     9.1053416459348147e-01
30                                     1.1667379050074742e+00
31                                     9.2009178140527681e-01
32                                     9.3422850978032812e-01
33                                     9.3629466653844662e-01
34                                     9.4104538661991965e-01
35                                     9.3801728427454623e-01
36                                     8.8414817713827221e-01
37                                     1.1630039748325440e+00
38                                     9.2178225436219097e-01
39                                     9.1914234756964497e-01
40                                     9.4217124434204147e-01
41                                     9.4698017278342705e-01
42                                     9.4008848762424635e-01
   &COMPONENTS [&Type "ArrayOfIntegers", &Dim (43,4)] "The indices and atomic numbers of the bonding atoms"
                                                         0                           1                           2                           3

0                                                        0                           6                           1                           6
1                                                        0                           6                          19                           1
2                                                        0                           6                          20                           1
3                                                        0                           6                          21                           1
4                                                        1                           6                           2                           8
5                                                        1                           6                          22                           1
6                                                        1                           6                          23                           1
7                                                        2                           8                           3                          15
8                                                        3                          15                           4                          16
9                                                        3                          15                           5                           8
10                                                       3                          15                           8                          16
11                                                       4                          16                           8                          16
12                                                       5                           8                           6                           6
13                                                       6                           6                           7                           6
14                                                       6                           6                          24                           1
15                                                       6                           6                          25                           1
16                                                       7                           6                          26                           1
17                                                       7                           6                          27                           1
18                                                       7                           6                          28                           1
19                                                       8                          16                           9                           6
20                                                       9                           6                          10                          16
21                                                       9                           6                          29                           1
22                                                       9                           6                          30                           1
23                                                      10                          16                          11                          15
24                                                      10                          16                          12                          16
25                                                      11                          15                          12                          16
26                                                      11                          15                          13                           8
27                                                      11                          15                          16                           8
28                                                      12                          16                          29                           1
29                                                      13                           8                          14                           6
30                                                      14                           6                          15                           6
31                                                      14                           6                          31                           1
32                                                      14                           6                          32                           1
33                                                      15                           6                          33                           1
34                                                      15                           6                          34                           1
35                                                      15                           6                          35                           1
36                                                      16                           8                          17                           6
37                                                      17                           6                          18                           6
38                                                      17                           6                          36                           1
39                                                      17                           6                          37                           1
40                                                      18                           6                          38                           1
41                                                      18                           6                          39                           1
42                                                      18                           6                          40                           1
   &ATNO [&Type "ArrayOfIntegers", &Dim (41,1)] "Atomic number of the elements"
                                                         0

0                                                        6
1                                                        6
2                                                        8
3                                                       15
4                                                       16
5                                                        8
6                                                        6
7                                                        6
8                                                       16
9                                                        6
10                                                      16
11                                                      15
12                                                      16
13                                                       8
14                                                       6
15                                                       6
16                                                       8
17                                                       6
18                                                       6
19                                                       1
20                                                       1
21                                                       1
22                                                       1
23                                                       1
24                                                       1
25                                                       1
26                                                       1
27                                                       1
28                                                       1
29                                                       1
30                                                       1
31                                                       1
32                                                       1
33                                                       1
34                                                       1
35                                                       1
36                                                       1
37                                                       1
38                                                       1
39                                                       1
40                                                       1
   &NA [&Type "ArrayOfDoubles", &Dim (41,1)] "Mulliken gross atomic population"
                                                         0

0                                      6.3247105075439372e+00
1                                      6.0033189470267274e+00
2                                      8.3712284659784633e+00
3                                      1.4380845959413092e+01
4                                      1.6337108056765814e+01
5                                      8.3662424047331960e+00
6                                      6.0176199906502754e+00
7                                      6.2984766442715632e+00
8                                      1.6093660646307367e+01
9                                      6.3507490413135708e+00
10                                     1.6095216739283366e+01
11                                     1.4397794105201628e+01
12                                     1.6305151522156301e+01
13                                     8.3832558789988489e+00
14                                     5.9960066335169193e+00
15                                     6.3166416995497308e+00
16                                     8.3477697160422988e+00
17                                     6.0185601888533142e+00
18                                     6.2807637010848607e+00
19                                     8.7846368444197342e-01
20                                     8.6960971653188268e-01
21                                     8.8532241417508439e-01
22                                     8.8989288982382952e-01
23                                     8.9472245326898936e-01
24                                     8.8058573740564516e-01
25                                     8.8887665147565198e-01
26                                     8.9071139243559028e-01
27                                     8.8582533646529960e-01
28                                     8.8378805075041011e-01
29                                     7.9284776857033956e-01
30                                     8.1925704961118828e-01
31                                     8.8754494396535810e-01
32                                     8.9498938493190283e-01
33                                     8.8632702329404023e-01
34                                     8.7902454876441560e-01
35                                     8.7851382971311942e-01
36                                     8.7716733344527542e-01
37                                     8.9628364536128313e-01
38                                     8.8219310549506702e-01
39                                     8.8195417578047253e-01
40                                     8.9097801560165280e-01
   &ZA [&Type "ArrayOfDoubles", &Dim (41,1)] "Total nuclear charge"
                                                         0

0                                      6.0000000000000000e+00
1                                      6.0000000000000000e+00
2                                      8.0000000000000000e+00
3                                      1.5000000000000000e+01
4                                      1.6000000000000000e+01
5                                      8.0000000000000000e+00
6                                      6.0000000000000000e+00
7                                      6.0000000000000000e+00
8                                      1.6000000000000000e+01
9                                      6.0000000000000000e+00
10                                     1.6000000000000000e+01
11                                     1.5000000000000000e+01
12                                     1.6000000000000000e+01
13                                     8.0000000000000000e+00
14                                     6.0000000000000000e+00
15                                     6.0000000000000000e+00
16                                     8.0000000000000000e+00
17                                     6.0000000000000000e+00
18                                     6.0000000000000000e+00
19                                     1.0000000000000000e+00
20                                     1.0000000000000000e+00
21                                     1.0000000000000000e+00
22                                     1.0000000000000000e+00
23                                     1.0000000000000000e+00
24                                     1.0000000000000000e+00
25                                     1.0000000000000000e+00
26                                     1.0000000000000000e+00
27                                     1.0000000000000000e+00
28                                     1.0000000000000000e+00
29                                     1.0000000000000000e+00
30                                     1.0000000000000000e+00
31                                     1.0000000000000000e+00
32                                     1.0000000000000000e+00
33                                     1.0000000000000000e+00
34                                     1.0000000000000000e+00
35                                     1.0000000000000000e+00
36                                     1.0000000000000000e+00
37                                     1.0000000000000000e+00
38                                     1.0000000000000000e+00
39                                     1.0000000000000000e+00
40                                     1.0000000000000000e+00
   &QA [&Type "ArrayOfDoubles", &Dim (41,1)] "Mulliken gross atomic charge"
                                                         0

0                                     -3.2471050754393715e-01
1                                     -3.3189470267274146e-03
2                                     -3.7122846597846326e-01
3                                      6.1915404058690804e-01
4                                     -3.3710805676581401e-01
5                                     -3.6624240473319603e-01
6                                     -1.7619990650275419e-02
7                                     -2.9847664427156317e-01
8                                     -9.3660646307366591e-02
9                                     -3.5074904131357076e-01
10                                    -9.5216739283365825e-02
11                                     6.0220589479837194e-01
12                                    -3.0515152215630081e-01
13                                    -3.8325587899884894e-01
14                                     3.9933664830806848e-03
15                                    -3.1664169954973076e-01
16                                    -3.4776971604229878e-01
17                                    -1.8560188853314230e-02
18                                    -2.8076370108486071e-01
19                                     1.2153631555802658e-01
20                                     1.3039028346811732e-01
21                                     1.1467758582491561e-01
22                                     1.1010711017617048e-01
23                                     1.0527754673101064e-01
24                                     1.1941426259435484e-01
25                                     1.1112334852434802e-01
26                                     1.0928860756440972e-01
27                                     1.1417466353470040e-01
28                                     1.1621194924958989e-01
29                                     2.0715223142966044e-01
30                                     1.8074295038881172e-01
31                                     1.1245505603464190e-01
32                                     1.0501061506809717e-01
33                                     1.1367297670595977e-01
34                                     1.2097545123558440e-01
35                                     1.2148617028688058e-01
36                                     1.2283266655472458e-01
37                                     1.0371635463871687e-01
38                                     1.1780689450493298e-01
39                                     1.1804582421952747e-01
40                                     1.0902198439834720e-01
   &VA [&Type "ArrayOfDoubles", &Dim (41,1)] "Mayer's total valence"
                                                         0

0                                      3.9868801904843809e+00
1                                      4.0022808835765407e+00
2                                      2.1799223461652524e+00
3                                      4.9725424964462777e+00
4                                      2.0648929624341168e+00
5                                      2.1889539564578544e+00
6                                      3.9837924815528969e+00
7                                      3.9898182752009346e+00
8                                      2.2466074820852784e+00
9                                      3.8228369332439245e+00
10                                     2.2939902177843470e+00
11                                     4.9600964617790062e+00
12                                     2.0719072826881972e+00
13                                     2.1698061681087788e+00
14                                     4.0058698027012873e+00
15                                     3.9956926947214089e+00
16                                     2.1894386563302626e+00
17                                     4.0045930504804348e+00
18                                     3.9887686103627198e+00
19                                     9.5845214571138981e-01
20                                     9.7995057692121945e-01
21                                     9.5577361294461516e-01
22                                     9.8568256899580442e-01
23                                     9.4920313197806327e-01
24                                     9.9084458993783731e-01
25                                     9.6272151717553078e-01
26                                     9.5438227372441053e-01
27                                     9.6092079813408893e-01
28                                     9.8151967618970282e-01
29                                     9.8939226972472816e-01
30                                     9.2987261368937268e-01
31                                     9.7652786474872066e-01
32                                     9.4761394620199146e-01
33                                     9.5378550695409947e-01
34                                     9.6629815431045774e-01
35                                     9.7971377442952934e-01
36                                     9.6016035793216625e-01
37                                     9.6170312542097580e-01
38                                     9.7934653210259659e-01
39                                     9.5851513171573266e-01
40                                     9.5517973808836232e-01
   &BVA [&Type "ArrayOfDoubles", &Dim (41,1)] "Mayer's bonded valence"
                                                         0

0                                      3.9868801904843401e+00
1                                      4.0022808835765362e+00
2                                      2.1799223461651480e+00
3                                      4.9725424964462643e+00
4                                      2.0648929624341350e+00
5                                      2.1889539564578433e+00
6                                      3.9837924815529075e+00
7                                      3.9898182752009261e+00
8                                      2.2466074820854489e+00
9                                      3.8228369332439494e+00
10                                     2.2939902177844491e+00
11                                     4.9600964617791137e+00
12                                     2.0719072826883411e+00
13                                     2.1698061681088010e+00
14                                     4.0058698027013016e+00
15                                     3.9956926947214568e+00
16                                     2.1894386563302732e+00
17                                     4.0045930504804579e+00
18                                     3.9887686103627438e+00
19                                     9.5845214571138515e-01
20                                     9.7995057692122522e-01
21                                     9.5577361294461616e-01
22                                     9.8568256899580908e-01
23                                     9.4920313197806905e-01
24                                     9.9084458993783586e-01
25                                     9.6272151717552268e-01
26                                     9.5438227372441764e-01
27                                     9.6092079813409315e-01
28                                     9.8151967618970049e-01
29                                     9.8939226972472416e-01
30                                     9.2987261368936458e-01
31                                     9.7652786474872277e-01
32                                     9.4761394620198658e-01
33                                     9.5378550695410169e-01
34                                     9.6629815431046018e-01
35                                     9.7971377442952901e-01
36                                     9.6016035793216725e-01
37                                     9.6170312542096570e-01
38                                     9.7934653210260025e-01
39                                     9.5851513171574232e-01
40                                     9.5517973808836432e-01
   &FA [&Type "ArrayOfDoubles", &Dim (41,1)] "Mayer's free valence"
                                                         0

0                                      0.0000000000000000e+00
1                                      0.0000000000000000e+00
2                                      0.0000000000000000e+00
3                                      0.0000000000000000e+00
4                                      0.0000000000000000e+00
5                                      0.0000000000000000e+00
6                                      0.0000000000000000e+00
7                                      0.0000000000000000e+00
8                                      0.0000000000000000e+00
9                                      0.0000000000000000e+00
10                                     0.0000000000000000e+00
11                                     0.0000000000000000e+00
12                                     0.0000000000000000e+00
13                                     0.0000000000000000e+00
14                                     0.0000000000000000e+00
15                                     0.0000000000000000e+00
16                                     0.0000000000000000e+00
17                                     0.0000000000000000e+00
18                                     0.0000000000000000e+00
19                                     0.0000000000000000e+00
20                                     0.0000000000000000e+00
21                                     0.0000000000000000e+00
22                                     0.0000000000000000e+00
23                                     0.0000000000000000e+00
24                                     0.0000000000000000e+00
25                                     0.0000000000000000e+00
26                                     0.0000000000000000e+00
27                                     0.0000000000000000e+00
28                                     0.0000000000000000e+00
29                                     0.0000000000000000e+00
30                                     0.0000000000000000e+00
31                                     0.0000000000000000e+00
32                                     0.0000000000000000e+00
33                                     0.0000000000000000e+00
34                                     0.0000000000000000e+00
35                                     0.0000000000000000e+00
36                                     0.0000000000000000e+00
37                                     0.0000000000000000e+00
38                                     0.0000000000000000e+00
39                                     0.0000000000000000e+00
40                                     0.0000000000000000e+00
$End
$VdW_Correction
   &GeometryIndex 1
   &ListStatus       OUT
   &VDW [&Type "Double"]      -6.7875379880966910e-02
$End
$Calculation_Info
   &GeometryIndex 1
   &ListStatus       OUT
   &MULT [&Type "Integer"] 1
   &CHARGE [&Type "Integer"] 0
   &NUMOFATOMS [&Type "Integer"] 41
   &NUMOFELECTRONS [&Type "Integer"] 202
   &NUMOFFCELECTRONS [&Type "Integer"] 1
   &NUMOFCORRELECTRONS [&Type "Integer"] 0
   &NUMOFBASISFUNCTS [&Type "Integer"] 334
   &NUMOFAUXCBASISFUNCTS [&Type "Integer"] 0
   &NUMOFAUXJBASISFUNCTS [&Type "Integer"] 1185
   &NUMOFAUXJKBASISFUNCTS [&Type "Integer"] 0
   &NUMOFCABSBASISFUNCTS [&Type "Integer"] 0
   &TOTALENERGY [&Type "Double"]      -2.9295188842141256e+03  "Hartrees"
$End
$SCF_Dipole_Moment
   &GeometryIndex 1
   &ListStatus       OUT
   &METHOD [&Type "String"] "SCF"
   &LEVEL [&Type "String"] "Relaxed density"
   &MULT [&Type "Integer"] 1
   &STATE [&Type "Integer"] -1
   &IRREP [&Type "Integer"] 0
   &NATOMS [&Type "Integer"] 41
   &DODIPOLEATOM [&Type "Boolean"] false
   &DIPOLEELECCONTRIB [&Type "ArrayOfDoubles", &Dim (3,1)] "Electronic contribution"
                                                         0

0                                      1.8126903000350538e+00
1                                     -6.1376511978547983e+00
2                                     -3.9279350866411118e+00
   &DIPOLENUCCONTRIB [&Type "ArrayOfDoubles", &Dim (3,1)] "Nuclear contribution"
                                                         0

0                                     -2.2489547467294058e+00
1                                      6.3851208809785245e+00
2                                      3.5745395771449728e+00
   &DIPOLETOTAL [&Type "ArrayOfDoubles", &Dim (3,1)] "Total"
                                                         0

0                                     -4.3626444669435194e-01
1                                      2.4746968312372619e-01
2                                     -3.5339550949613896e-01
   &DIPOLEMAGNITUDE [&Type "Double", &Units "a.u."]       6.1356034556262040e-01
$End
