*************************************************
******************* ORCA 6.0.0 ******************
*************************************************
$Calculation_Status
   &GeometryIndex 1
   &ListStatus       OUT
   &VERSION [&Type "String"] "6.0.0"
   &PROGNAME [&Type "String"] "LeanSCF"
   &STATUS [&Type "String"] "NORMAL TERMINATION"
$End
$Geometry
   &GeometryIndex 1
   &ListStatus       OUT
   &NATOMS [&Type "Integer"] 41
   &NCORELESSECP [&Type "Integer"] 0
   &NGHOSTATOMS [&Type "Integer"] 0
   &CartesianCoordinates [&Type "Coordinates", &Dim(41,4), &Units "Bohr"] 
              C      9.869396700735   -4.391636336277   -1.971342963449
              C      7.870176785919   -2.478661989835   -2.709258290065
              O      5.931817285903   -2.508860402860   -0.794342181989
              P      4.083980192652   -0.181136424805   -0.355546032310
              S      5.775505808949    3.118685608554   -0.214790540517
              O      2.630360902677   -1.054092224591    2.097107068094
              C      3.426641723715   -0.362079597335    4.622192444489
              C      1.139603863207    0.509178903917    6.107036389912
              S      1.313568411295   -0.658129915721   -3.179886102816
              C      0.055215047893    2.527656782871   -3.055188162570
              S     -1.501296158714    3.257093227876   -0.102728260491
              P     -4.344185214789    0.442858241104   -0.377848803508
              S     -5.670125367907   -0.227411387551   -3.754760070040
              O     -6.507298108818    1.340719660960    1.480084512551
              C     -6.189439450013    1.681370330665    4.180333734339
              C     -5.659264473655    4.422244785103    4.817082634547
              O     -2.979125353990   -1.864050031688    1.019009116119
              C     -3.178903322772   -4.433021743767    0.160575929513
              C     -5.655681753972   -5.601018968526    0.997529987914
              H      9.024771165111   -6.254179807048   -1.797560227614
              H     11.323330123853   -4.435283711179   -3.416419846214
              H     10.714923270818   -3.872149323442   -0.174205765014
              H      6.993037529126   -2.959292611129   -4.516526585826
              H      8.655658896789   -0.567011003108   -2.822142498536
              H      4.279416694031   -2.045888481815    5.455403276672
              H      4.846538464193    1.137535101018    4.489443872747
              H      1.705499459244    0.923958886798    8.033836150573
              H      0.348625855775    2.202373713796    5.253289106934
              H     -0.286709133954   -0.967529122890    6.116666361914
              H     -1.296106322310    2.676611870247   -4.601456885346
              H      1.591778316768    3.884217440889   -3.257524333366
              H     -7.989570733559    1.067835086691    4.978159264196
              H     -4.671405184931    0.448276203660    4.837395331752
              H     -7.154538548935    5.619062471062    4.077640090041
              H     -5.568299870031    4.629911143889    6.855812073908
              H     -3.872491699110    5.026184486752    3.997395251197
              H     -3.015015304279   -4.464147909146   -1.901597055612
              H     -1.548097636389   -5.378800665743    0.997006838966
              H     -5.735986045868   -7.550989201588    0.366934447392
              H     -5.827554346505   -5.537626467538    3.042975048138
              H     -7.224069712830   -4.561784430125    0.160464213251
$End
$SCF_Energy
   &GeometryIndex 1
   &ListStatus       OUT
   &SCF_ENERGY [&Type "Double"]      -2.9296425291708274e+03
$End
$DFT_Energy
   &GeometryIndex 1
   &ListStatus       OUT
   &NALPHAEL [&Type "Integer"] 101
   &NBETAEL [&Type "Integer"] 101
   &NTOTALEL [&Type "Integer"] 201
   &EEXCHANGE [&Type "Double"]      -2.3180522767315381e+02
   &ECORR [&Type "Double"]      -7.2935286006608839e+00
   &ECNL [&Type "Double"]       0.0000000000000000e+00
   &EXC [&Type "Double"]      -2.3909875627381470e+02
   &EEMBED [&Type "Double"]       0.0000000000000000e+00
   &FINALEN [&Type "Double"]      -2.9296425291708274e+03  "No Van der Waals correction"
$End
$Mulliken_Population_Analysis
   &GeometryIndex 1
   &ListStatus       OUT
   &NATOMS [&Type "Integer"] 41
   &ATNO [&Type "ArrayOfIntegers", &Dim (41,1)] 
                                                         0

0                                                        6
1                                                        6
2                                                        8
3                                                       15
4                                                       16
5                                                        8
6                                                        6
7                                                        6
8                                                       16
9                                                        6
10                                                      16
11                                                      15
12                                                      16
13                                                       8
14                                                       6
15                                                       6
16                                                       8
17                                                       6
18                                                       6
19                                                       1
20                                                       1
21                                                       1
22                                                       1
23                                                       1
24                                                       1
25                                                       1
26                                                       1
27                                                       1
28                                                       1
29                                                       1
30                                                       1
31                                                       1
32                                                       1
33                                                       1
34                                                       1
35                                                       1
36                                                       1
37                                                       1
38                                                       1
39                                                       1
40                                                       1
   &ATOMICCHARGES [&Type "ArrayOfDoubles", &Dim (41,1)] 
                                                         0

0                                     -2.8109131058826708e-01
1                                     -1.0395334678702461e-02
2                                     -3.7900306483882495e-01
3                                      6.1713597963846922e-01
4                                     -3.4250758342458809e-01
5                                     -3.5599015436414483e-01
6                                     -5.6157697127234840e-03
7                                     -3.0801039126141205e-01
8                                     -8.1677973008559945e-02
9                                     -3.5088560793876677e-01
10                                    -1.0693550193670376e-01
11                                     6.2916394627075256e-01
12                                    -3.1533714057509243e-01
13                                    -3.6505679864712626e-01
14                                    -3.9348065990495229e-02
15                                    -3.0760959509009123e-01
16                                    -3.8057249673240001e-01
17                                    -6.3126781291815703e-03
18                                    -3.0061839779056143e-01
19                                     1.1631741991340872e-01
20                                     1.1284201912149505e-01
21                                     1.1750927605779116e-01
22                                     1.0273977552219637e-01
23                                     1.0669649139327420e-01
24                                     1.0293195986164427e-01
25                                     1.0842188564639332e-01
26                                     1.0682668607270696e-01
27                                     1.2945053022974240e-01
28                                     1.2843587043355653e-01
29                                     1.9379057067868533e-01
30                                     1.9335577437200646e-01
31                                     1.1173089483987786e-01
32                                     1.2184624070059824e-01
33                                     1.2557841446046070e-01
34                                     1.1256269779468631e-01
35                                     1.4181426265474784e-01
36                                     1.1466465132267545e-01
37                                     1.0156409997819260e-01
38                                     1.1088020465268222e-01
39                                     1.0591458501174289e-01
40                                     1.2479362807992134e-01
$End
$Loewdin_Population_Analysis
   &GeometryIndex 1
   &ListStatus       OUT
   &NATOMS [&Type "Integer"] 41
   &ATNO [&Type "ArrayOfIntegers", &Dim (41,1)] 
                                                         0

0                                                        6
1                                                        6
2                                                        8
3                                                       15
4                                                       16
5                                                        8
6                                                        6
7                                                        6
8                                                       16
9                                                        6
10                                                      16
11                                                      15
12                                                      16
13                                                       8
14                                                       6
15                                                       6
16                                                       8
17                                                       6
18                                                       6
19                                                       1
20                                                       1
21                                                       1
22                                                       1
23                                                       1
24                                                       1
25                                                       1
26                                                       1
27                                                       1
28                                                       1
29                                                       1
30                                                       1
31                                                       1
32                                                       1
33                                                       1
34                                                       1
35                                                       1
36                                                       1
37                                                       1
38                                                       1
39                                                       1
40                                                       1
   &ATOMICCHARGES [&Type "ArrayOfDoubles", &Dim (41,1)] 
                                                         0

0                                      6.9270644290445925e-03
1                                      9.6146100353813824e-02
2                                      5.4014380682044671e-01
3                                      5.4684193316046792e-02
4                                      8.0134168983311870e-05
5                                      2.7724229847081377e-01
6                                      2.1502563245331736e-02
7                                      1.5234607412043790e-03
8                                      3.9825275328047541e-04
9                                      1.5293827370272181e-04
10                                     9.6448040417511062e-05
11                                     7.7453871653695913e-06
12                                     4.5541193636733041e-06
13                                     6.2958599932576900e-05
14                                     1.3571742586300820e-05
15                                     2.3283165730787742e-06
16                                     3.3108713016671371e-04
17                                     8.2425120583858231e-05
18                                     9.5134345661113930e-06
19                                     6.8878273815875178e-06
20                                     1.0466518512878620e-04
21                                     2.1226954864322902e-05
22                                     7.9230590417425466e-05
23                                     2.1784784139755560e-04
24                                     2.1026927798699019e-06
25                                     9.0500822995598135e-05
26                                     3.9139346180289139e-05
27                                     7.8259904083195187e-06
28                                     1.1033268964794088e-07
29                                     7.8145324967286148e-06
30                                     8.6409243659273604e-06
31                                     1.2906053441831368e-07
32                                     4.2861538361728306e-07
33                                     1.4036375018976843e-07
34                                     9.7146607283655631e-08
35                                     1.4581551522096938e-06
36                                     5.5528141541584490e-08
37                                     1.1273166747957706e-07
38                                     6.9296554355113056e-08
39                                     2.6795311020315800e-08
40                                     4.4801765730494086e-08
$End
$Mayer_Population_Analysis
   &GeometryIndex 1
   &ListStatus       OUT
   &NATOMS [&Type "Integer"] 41 "Total number of atoms"
   &BONDTHRESH [&Type "Double"]       1.0000000000000001e-01  "The threshold for printing"
   &NBONDORDERSPRINT [&Type "Integer"] 42 "The number of bond orders larger than threshold"
   &BONDORDERS [&Type "ArrayOfDoubles", &Dim (42,1)] "The bond orders"
                                                         0

0                                      1.1610726189790612e+00
1                                      9.5089324193219760e-01
2                                      9.4202015630838620e-01
3                                      9.5112873935438746e-01
4                                      9.0524461946316614e-01
5                                      9.3005811805498095e-01
6                                      9.0795294335033949e-01
7                                      1.1122240088772466e+00
8                                      1.6027366304268928e+00
9                                      1.1434396193203822e+00
10                                     9.6440881641274423e-01
11                                     1.0692626316409513e-01
12                                     8.9805358713679839e-01
13                                     1.1670242004447344e+00
14                                     9.3374388751421877e-01
15                                     9.0268020553329875e-01
16                                     9.3699240524364380e-01
17                                     9.4043726328265798e-01
18                                     9.3777722237606020e-01
19                                     1.0015119069413021e+00
20                                     1.0096606413097788e+00
21                                     8.8321619348522096e-01
22                                     8.8027467134063919e-01
23                                     9.4749665722999943e-01
24                                     1.0202110043835136e-01
25                                     1.6274720794461726e+00
26                                     1.1326836494444434e+00
27                                     1.0747814655279899e+00
28                                     8.9982261416682185e-01
29                                     1.1690280625743974e+00
30                                     9.3302769631042048e-01
31                                     9.0999605729054012e-01
32                                     9.4466106123571014e-01
33                                     9.3836831501469820e-01
34                                     9.2949733677830282e-01
35                                     9.0094393516430993e-01
36                                     1.1611397152928076e+00
37                                     9.0935111323102380e-01
38                                     9.3230642313427503e-01
39                                     9.4129344237164791e-01
40                                     9.4844000140275320e-01
41                                     9.3769604541917162e-01
   &COMPONENTS [&Type "ArrayOfIntegers", &Dim (42,4)] "The indices and atomic numbers of the bonding atoms"
                                                         0                           1                           2                           3

0                                                        0                           6                           1                           6
1                                                        0                           6                          19                           1
2                                                        0                           6                          20                           1
3                                                        0                           6                          21                           1
4                                                        1                           6                           2                           8
5                                                        1                           6                          22                           1
6                                                        1                           6                          23                           1
7                                                        2                           8                           3                          15
8                                                        3                          15                           4                          16
9                                                        3                          15                           5                           8
10                                                       3                          15                           8                          16
11                                                       4                          16                           8                          16
12                                                       5                           8                           6                           6
13                                                       6                           6                           7                           6
14                                                       6                           6                          24                           1
15                                                       6                           6                          25                           1
16                                                       7                           6                          26                           1
17                                                       7                           6                          27                           1
18                                                       7                           6                          28                           1
19                                                       8                          16                           9                           6
20                                                       9                           6                          10                          16
21                                                       9                           6                          29                           1
22                                                       9                           6                          30                           1
23                                                      10                          16                          11                          15
24                                                      10                          16                          12                          16
25                                                      11                          15                          12                          16
26                                                      11                          15                          13                           8
27                                                      11                          15                          16                           8
28                                                      13                           8                          14                           6
29                                                      14                           6                          15                           6
30                                                      14                           6                          31                           1
31                                                      14                           6                          32                           1
32                                                      15                           6                          33                           1
33                                                      15                           6                          34                           1
34                                                      15                           6                          35                           1
35                                                      16                           8                          17                           6
36                                                      17                           6                          18                           6
37                                                      17                           6                          36                           1
38                                                      17                           6                          37                           1
39                                                      18                           6                          38                           1
40                                                      18                           6                          39                           1
41                                                      18                           6                          40                           1
   &ATNO [&Type "ArrayOfIntegers", &Dim (41,1)] "Atomic number of the elements"
                                                         0

0                                                        6
1                                                        6
2                                                        8
3                                                       15
4                                                       16
5                                                        8
6                                                        6
7                                                        6
8                                                       16
9                                                        6
10                                                      16
11                                                      15
12                                                      16
13                                                       8
14                                                       6
15                                                       6
16                                                       8
17                                                       6
18                                                       6
19                                                       1
20                                                       1
21                                                       1
22                                                       1
23                                                       1
24                                                       1
25                                                       1
26                                                       1
27                                                       1
28                                                       1
29                                                       1
30                                                       1
31                                                       1
32                                                       1
33                                                       1
34                                                       1
35                                                       1
36                                                       1
37                                                       1
38                                                       1
39                                                       1
40                                                       1
   &NA [&Type "ArrayOfDoubles", &Dim (41,1)] "Mulliken gross atomic population"
                                                         0

0                                      6.2810913105882662e+00
1                                      6.0103953346787007e+00
2                                      8.3790030648388232e+00
3                                      1.4382864020361497e+01
4                                      1.6342507583424680e+01
5                                      8.3559901543641448e+00
6                                      6.0056157697127190e+00
7                                      6.3080103912614200e+00
8                                      1.6081677973008542e+01
9                                      6.3508856079387721e+00
10                                     1.6106935501936665e+01
11                                     1.4370836053729233e+01
12                                     1.6315337140575075e+01
13                                     8.3650567986471582e+00
14                                     6.0393480659905192e+00
15                                     6.3076095950900974e+00
16                                     8.3805724967324213e+00
17                                     6.0063126781291736e+00
18                                     6.3006183977905703e+00
19                                     8.8368258008659173e-01
20                                     8.8715798087850495e-01
21                                     8.8249072394220862e-01
22                                     8.9726022447780385e-01
23                                     8.9330350860672647e-01
24                                     8.9706804013835584e-01
25                                     8.9157811435360745e-01
26                                     8.9317331392729360e-01
27                                     8.7054946977025849e-01
28                                     8.7156412956644280e-01
29                                     8.0620942932131545e-01
30                                     8.0664422562799487e-01
31                                     8.8826910516012125e-01
32                                     8.7815375929940209e-01
33                                     8.7442158553953997e-01
34                                     8.8743730220531403e-01
35                                     8.5818573734525161e-01
36                                     8.8533534867732566e-01
37                                     8.9843590002180707e-01
38                                     8.8911979534731800e-01
39                                     8.9408541498825778e-01
40                                     8.7520637192007877e-01
   &ZA [&Type "ArrayOfDoubles", &Dim (41,1)] "Total nuclear charge"
                                                         0

0                                      6.0000000000000000e+00
1                                      6.0000000000000000e+00
2                                      8.0000000000000000e+00
3                                      1.5000000000000000e+01
4                                      1.6000000000000000e+01
5                                      8.0000000000000000e+00
6                                      6.0000000000000000e+00
7                                      6.0000000000000000e+00
8                                      1.6000000000000000e+01
9                                      6.0000000000000000e+00
10                                     1.6000000000000000e+01
11                                     1.5000000000000000e+01
12                                     1.6000000000000000e+01
13                                     8.0000000000000000e+00
14                                     6.0000000000000000e+00
15                                     6.0000000000000000e+00
16                                     8.0000000000000000e+00
17                                     6.0000000000000000e+00
18                                     6.0000000000000000e+00
19                                     1.0000000000000000e+00
20                                     1.0000000000000000e+00
21                                     1.0000000000000000e+00
22                                     1.0000000000000000e+00
23                                     1.0000000000000000e+00
24                                     1.0000000000000000e+00
25                                     1.0000000000000000e+00
26                                     1.0000000000000000e+00
27                                     1.0000000000000000e+00
28                                     1.0000000000000000e+00
29                                     1.0000000000000000e+00
30                                     1.0000000000000000e+00
31                                     1.0000000000000000e+00
32                                     1.0000000000000000e+00
33                                     1.0000000000000000e+00
34                                     1.0000000000000000e+00
35                                     1.0000000000000000e+00
36                                     1.0000000000000000e+00
37                                     1.0000000000000000e+00
38                                     1.0000000000000000e+00
39                                     1.0000000000000000e+00
40                                     1.0000000000000000e+00
   &QA [&Type "ArrayOfDoubles", &Dim (41,1)] "Mulliken gross atomic charge"
                                                         0

0                                     -2.8109131058826620e-01
1                                     -1.0395334678700685e-02
2                                     -3.7900306483882318e-01
3                                      6.1713597963850297e-01
4                                     -3.4250758342468046e-01
5                                     -3.5599015436414483e-01
6                                     -5.6157697127190431e-03
7                                     -3.0801039126142005e-01
8                                     -8.1677973008542182e-02
9                                     -3.5088560793877210e-01
10                                    -1.0693550193666468e-01
11                                     6.2916394627076677e-01
12                                    -3.1533714057507467e-01
13                                    -3.6505679864715823e-01
14                                    -3.9348065990519210e-02
15                                    -3.0760959509009744e-01
16                                    -3.8057249673242133e-01
17                                    -6.3126781291735767e-03
18                                    -3.0061839779057031e-01
19                                     1.1631741991340827e-01
20                                     1.1284201912149505e-01
21                                     1.1750927605779138e-01
22                                     1.0273977552219615e-01
23                                     1.0669649139327353e-01
24                                     1.0293195986164416e-01
25                                     1.0842188564639255e-01
26                                     1.0682668607270640e-01
27                                     1.2945053022974151e-01
28                                     1.2843587043355720e-01
29                                     1.9379057067868455e-01
30                                     1.9335577437200513e-01
31                                     1.1173089483987875e-01
32                                     1.2184624070059791e-01
33                                     1.2557841446046003e-01
34                                     1.1256269779468597e-01
35                                     1.4181426265474839e-01
36                                     1.1466465132267434e-01
37                                     1.0156409997819293e-01
38                                     1.1088020465268200e-01
39                                     1.0591458501174222e-01
40                                     1.2479362807992123e-01
   &VA [&Type "ArrayOfDoubles", &Dim (41,1)] "Mayer's total valence"
                                                         0

0                                      4.0023999919573869e+00
1                                      3.9669683791243577e+00
2                                      2.1645578105641605e+00
3                                      4.9765681742423169e+00
4                                      2.0555412938512112e+00
5                                      2.1850875324138088e+00
6                                      3.9780328090989130e+00
7                                      3.9987725550318953e+00
8                                      2.2781390872616294e+00
9                                      3.8298144277915700e+00
10                                     2.2894186133955494e+00
11                                     4.9381468336733425e+00
12                                     2.0336755405254818e+00
13                                     2.1722082202862776e+00
14                                     4.0182390301191360e+00
15                                     3.9948059169264463e+00
16                                     2.1714216807538484e+00
17                                     3.9897551888617815e+00
18                                     3.9924175002886941e+00
19                                     9.5819628929683420e-01
20                                     9.5450753723763981e-01
21                                     9.6050690487269297e-01
22                                     9.5629059640966985e-01
23                                     9.9360186752110013e-01
24                                     9.4755927747025348e-01
25                                     9.9767518880867812e-01
26                                     9.5266925270587433e-01
27                                     9.7598945619401900e-01
28                                     9.6220912661197955e-01
29                                     9.6556252808688359e-01
30                                     9.7038726848355494e-01
31                                     9.4694931306923125e-01
32                                     9.7790044639146378e-01
33                                     9.5655490957631484e-01
34                                     9.5497413328838165e-01
35                                     9.6555764040383030e-01
36                                     9.8832152224013770e-01
37                                     9.5772822440833349e-01
38                                     9.5580451779438014e-01
39                                     9.5726341418922345e-01
40                                     9.8140804136461923e-01
   &BVA [&Type "ArrayOfDoubles", &Dim (41,1)] "Mayer's bonded valence"
                                                         0

0                                      4.0023999919573860e+00
1                                      3.9669683791243604e+00
2                                      2.1645578105641881e+00
3                                      4.9765681742424208e+00
4                                      2.0555412938510478e+00
5                                      2.1850875324138062e+00
6                                      3.9780328090988855e+00
7                                      3.9987725550318927e+00
8                                      2.2781390872617360e+00
9                                      3.8298144277915984e+00
10                                     2.2894186133957306e+00
11                                     4.9381468336732697e+00
12                                     2.0336755405253468e+00
13                                     2.1722082202861763e+00
14                                     4.0182390301190827e+00
15                                     3.9948059169264187e+00
16                                     2.1714216807537503e+00
17                                     3.9897551888617726e+00
18                                     3.9924175002886608e+00
19                                     9.5819628929683842e-01
20                                     9.5450753723764237e-01
21                                     9.6050690487269696e-01
22                                     9.5629059640966829e-01
23                                     9.9360186752110402e-01
24                                     9.4755927747025159e-01
25                                     9.9767518880867145e-01
26                                     9.5266925270587544e-01
27                                     9.7598945619402666e-01
28                                     9.6220912661198443e-01
29                                     9.6556252808688359e-01
30                                     9.7038726848355872e-01
31                                     9.4694931306923236e-01
32                                     9.7790044639145823e-01
33                                     9.5655490957631040e-01
34                                     9.5497413328838376e-01
35                                     9.6555764040382830e-01
36                                     9.8832152224013203e-01
37                                     9.5772822440832273e-01
38                                     9.5580451779436804e-01
39                                     9.5726341418922523e-01
40                                     9.8140804136461135e-01
   &FA [&Type "ArrayOfDoubles", &Dim (41,1)] "Mayer's free valence"
                                                         0

0                                      0.0000000000000000e+00
1                                      0.0000000000000000e+00
2                                      0.0000000000000000e+00
3                                      0.0000000000000000e+00
4                                      0.0000000000000000e+00
5                                      0.0000000000000000e+00
6                                      0.0000000000000000e+00
7                                      0.0000000000000000e+00
8                                      0.0000000000000000e+00
9                                      0.0000000000000000e+00
10                                     0.0000000000000000e+00
11                                     0.0000000000000000e+00
12                                     0.0000000000000000e+00
13                                     0.0000000000000000e+00
14                                     0.0000000000000000e+00
15                                     0.0000000000000000e+00
16                                     0.0000000000000000e+00
17                                     0.0000000000000000e+00
18                                     0.0000000000000000e+00
19                                     0.0000000000000000e+00
20                                     0.0000000000000000e+00
21                                     0.0000000000000000e+00
22                                     0.0000000000000000e+00
23                                     0.0000000000000000e+00
24                                     0.0000000000000000e+00
25                                     0.0000000000000000e+00
26                                     0.0000000000000000e+00
27                                     0.0000000000000000e+00
28                                     0.0000000000000000e+00
29                                     0.0000000000000000e+00
30                                     0.0000000000000000e+00
31                                     0.0000000000000000e+00
32                                     0.0000000000000000e+00
33                                     0.0000000000000000e+00
34                                     0.0000000000000000e+00
35                                     0.0000000000000000e+00
36                                     0.0000000000000000e+00
37                                     0.0000000000000000e+00
38                                     0.0000000000000000e+00
39                                     0.0000000000000000e+00
40                                     0.0000000000000000e+00
$End
$VdW_Correction
   &GeometryIndex 1
   &ListStatus       OUT
   &VDW [&Type "Double"]      -6.6038396872981159e-02
$End
$Calculation_Info
   &GeometryIndex 1
   &ListStatus       OUT
   &MULT [&Type "Integer"] 1
   &CHARGE [&Type "Integer"] 0
   &NUMOFATOMS [&Type "Integer"] 41
   &NUMOFELECTRONS [&Type "Integer"] 202
   &NUMOFFCELECTRONS [&Type "Integer"] 1
   &NUMOFCORRELECTRONS [&Type "Integer"] 0
   &NUMOFBASISFUNCTS [&Type "Integer"] 334
   &NUMOFAUXCBASISFUNCTS [&Type "Integer"] 0
   &NUMOFAUXJBASISFUNCTS [&Type "Integer"] 1185
   &NUMOFAUXJKBASISFUNCTS [&Type "Integer"] 0
   &NUMOFCABSBASISFUNCTS [&Type "Integer"] 0
   &TOTALENERGY [&Type "Double"]      -2.9295237747979004e+03  "Hartrees"
$End
$SCF_Dipole_Moment
   &GeometryIndex 1
   &ListStatus       OUT
   &METHOD [&Type "String"] "SCF"
   &LEVEL [&Type "String"] "Relaxed density"
   &MULT [&Type "Integer"] 1
   &STATE [&Type "Integer"] -1
   &IRREP [&Type "Integer"] 0
   &NATOMS [&Type "Integer"] 41
   &DODIPOLEATOM [&Type "Boolean"] false
   &DIPOLEELECCONTRIB [&Type "ArrayOfDoubles", &Dim (3,1)] "Electronic contribution"
                                                         0

0                                     -2.2837683738092824e+00
1                                      9.7469778898298625e+00
2                                     -1.7067291563749631e+01
   &DIPOLENUCCONTRIB [&Type "ArrayOfDoubles", &Dim (3,1)] "Nuclear contribution"
                                                         0

0                                      2.7451719599829563e+00
1                                     -1.0654949089380484e+01
2                                      1.8447055173697031e+01
   &DIPOLETOTAL [&Type "ArrayOfDoubles", &Dim (3,1)] "Total"
                                                         0

0                                      4.6140358617367383e-01
1                                     -9.0797119955062122e-01
2                                      1.3797636099473998e+00
   &DIPOLEMAGNITUDE [&Type "Double", &Units "a.u."]       1.7149497333398438e+00
$End
