*************************************************
******************* ORCA 6.0.0 ******************
*************************************************
$Calculation_Status
   &GeometryIndex 1
   &ListStatus       OUT
   &VERSION [&Type "String"] "6.0.0"
   &PROGNAME [&Type "String"] "LeanSCF"
   &STATUS [&Type "String"] "NORMAL TERMINATION"
$End
$Geometry
   &GeometryIndex 1
   &ListStatus       OUT
   &NATOMS [&Type "Integer"] 41
   &NCORELESSECP [&Type "Integer"] 0
   &NGHOSTATOMS [&Type "Integer"] 0
   &CartesianCoordinates [&Type "Coordinates", &Dim(41,4), &Units "Bohr"] 
              C      2.672274994879   -1.156247074899    5.631859380101
              C      4.009678627537    1.112552077576    4.511342478391
              O      5.789439981442    0.442524231065    2.568656043534
              P      5.145115626288   -1.161102724310    0.108073510353
              S      4.811180321010   -4.825168330289    0.433270618054
              O      7.460939282483   -0.537151266800   -1.653149387727
              C      8.237638461422    2.006037269085   -2.304312319908
              C     10.405183485866    2.860352116000   -0.640143005003
              S      1.992097701045    0.817457841183   -1.529195413385
              C     -0.106810550631   -1.834417026044   -2.023666047977
              S     -2.506664102676   -2.098540040996    0.391584959726
              P     -4.786024739305    0.952643506170   -0.950097868378
              S     -5.005814951876    1.316961902118   -4.620422194967
              O     -3.642707140945    3.393433559183    0.316173446769
              C     -3.147072508187    3.691294447989    2.991722689996
              C     -5.425782318033    4.739175136164    4.371398865290
              O     -7.398680823911    0.589796413573    0.487119139405
              C     -9.414935744503   -0.938228103767   -0.509563330715
              C     -8.734171914448   -3.717229063246   -0.604083306473
              H      1.465805029457   -2.055953251832    4.225898358858
              H      4.042315477214   -2.543353806041    6.280569593836
              H      1.517310715024   -0.553155789797    7.215902945758
              H      5.168941319652    2.071586993177    5.922067889446
              H      2.648935726849    2.442098294164    3.702528419155
              H      8.813482012921    1.880335532206   -4.281039203630
              H      6.610326805906    3.269504149580   -2.137446024808
              H     11.022151269019    4.721065550283   -1.244355685717
              H      9.809925227651    2.943200932828    1.323022218869
              H     11.970290373710    1.541134553432   -0.799645621850
              H      0.990710492586   -3.581396945814   -1.973801515480
              H     -1.027464699673   -1.559046786709   -3.846507361757
              H     -2.582205286939    1.862503939023    3.772536594713
              H     -1.562892382605    5.011493274662    3.054301246065
              H     -4.912259141793    5.105453641284    6.323485016201
              H     -6.037490348580    6.490673386963    3.491517726048
              H     -6.975898396605    3.394399797887    4.319420912785
              H    -10.983560097896   -0.584113211325    0.780304858228
              H     -9.886852255424   -0.240986171739   -2.398365408588
              H    -10.395689229082   -4.803220674914   -1.120007170006
              H     -7.269961660592   -4.038907734266   -2.014042837604
              H     -8.044962196457   -4.350881064580    1.224708264519
$End
$SCF_Energy
   &GeometryIndex 1
   &ListStatus       OUT
   &SCF_ENERGY [&Type "Double"]      -2.9296395522148405e+03
$End
$DFT_Energy
   &GeometryIndex 1
   &ListStatus       OUT
   &NALPHAEL [&Type "Integer"] 101
   &NBETAEL [&Type "Integer"] 101
   &NTOTALEL [&Type "Integer"] 201
   &EEXCHANGE [&Type "Double"]      -2.3180575514373473e+02
   &ECORR [&Type "Double"]      -7.2928352251279049e+00
   &ECNL [&Type "Double"]       0.0000000000000000e+00
   &EXC [&Type "Double"]      -2.3909859036886263e+02
   &EEMBED [&Type "Double"]       0.0000000000000000e+00
   &FINALEN [&Type "Double"]      -2.9296395522148405e+03  "No Van der Waals correction"
$End
$Mulliken_Population_Analysis
   &GeometryIndex 1
   &ListStatus       OUT
   &NATOMS [&Type "Integer"] 41
   &ATNO [&Type "ArrayOfIntegers", &Dim (41,1)] 
                                                         0

0                                                        6
1                                                        6
2                                                        8
3                                                       15
4                                                       16
5                                                        8
6                                                        6
7                                                        6
8                                                       16
9                                                        6
10                                                      16
11                                                      15
12                                                      16
13                                                       8
14                                                       6
15                                                       6
16                                                       8
17                                                       6
18                                                       6
19                                                       1
20                                                       1
21                                                       1
22                                                       1
23                                                       1
24                                                       1
25                                                       1
26                                                       1
27                                                       1
28                                                       1
29                                                       1
30                                                       1
31                                                       1
32                                                       1
33                                                       1
34                                                       1
35                                                       1
36                                                       1
37                                                       1
38                                                       1
39                                                       1
40                                                       1
   &ATOMICCHARGES [&Type "ArrayOfDoubles", &Dim (41,1)] 
                                                         0

0                                     -3.2244238273591641e-01
1                                     -1.6484042358285045e-02
2                                     -3.7974132490176338e-01
3                                      5.9255173037838738e-01
4                                     -2.9907937820444275e-01
5                                     -3.5059733323942766e-01
6                                     -1.5314397916585953e-02
7                                     -2.8759589482119807e-01
8                                     -1.1100219539882872e-01
9                                     -3.6008789317634537e-01
10                                    -9.6536907452090759e-02
11                                     6.0490348749308431e-01
12                                    -3.1019344279418348e-01
13                                    -3.4939318135482189e-01
14                                    -4.3390253395292788e-02
15                                    -2.8371208962320527e-01
16                                    -3.8166552572874934e-01
17                                    -1.6566943809728230e-03
18                                    -3.1865334788021471e-01
19                                     1.3694505071878016e-01
20                                     1.2740628572952994e-01
21                                     1.0800509386492230e-01
22                                     1.0634268995367679e-01
23                                     1.1427622033926199e-01
24                                     1.1495240057497935e-01
25                                     1.0433759683148613e-01
26                                     1.1001514664252121e-01
27                                     1.2088824778286933e-01
28                                     1.2209604910469085e-01
29                                     1.9566386130887148e-01
30                                     1.9701903190042880e-01
31                                     1.1354745103332975e-01
32                                     1.2089423263537591e-01
33                                     1.0815251458345521e-01
34                                     1.2026859348194208e-01
35                                     1.2386999330903126e-01
36                                     1.0581916417223669e-01
37                                     1.1518761922999554e-01
38                                     1.1577135012335638e-01
39                                     1.3067611276658453e-01
40                                     1.1795636140391363e-01
$End
$Loewdin_Population_Analysis
   &GeometryIndex 1
   &ListStatus       OUT
   &NATOMS [&Type "Integer"] 41
   &ATNO [&Type "ArrayOfIntegers", &Dim (41,1)] 
                                                         0

0                                                        6
1                                                        6
2                                                        8
3                                                       15
4                                                       16
5                                                        8
6                                                        6
7                                                        6
8                                                       16
9                                                        6
10                                                      16
11                                                      15
12                                                      16
13                                                       8
14                                                       6
15                                                       6
16                                                       8
17                                                       6
18                                                       6
19                                                       1
20                                                       1
21                                                       1
22                                                       1
23                                                       1
24                                                       1
25                                                       1
26                                                       1
27                                                       1
28                                                       1
29                                                       1
30                                                       1
31                                                       1
32                                                       1
33                                                       1
34                                                       1
35                                                       1
36                                                       1
37                                                       1
38                                                       1
39                                                       1
40                                                       1
   &ATOMICCHARGES [&Type "ArrayOfDoubles", &Dim (41,1)] 
                                                         0

0                                      2.5079437469048998e-05
1                                      9.7005494060257535e-04
2                                      4.0024908661582485e-03
3                                      1.7343428385229199e-04
4                                      2.4971996730797820e-06
5                                      9.5566651051517959e-04
6                                      1.2908300283948461e-04
7                                      4.9448835001320674e-06
8                                      6.9212008723485842e-05
9                                      1.8041439936623504e-04
10                                     3.3955808268931585e-04
11                                     5.0262981739334599e-02
12                                     1.0117271534166103e-04
13                                     2.5987486465565734e-01
14                                     2.0991706241878138e-02
15                                     4.1870264495437091e-04
16                                     5.5719068591109988e-01
17                                     1.0059008322213828e-01
18                                     2.3799395199325156e-03
19                                     7.5119161521162080e-06
20                                     1.1937847201145180e-07
21                                     2.3305111921882000e-06
22                                     8.5694677270109447e-06
23                                     2.1673669467964926e-06
24                                     6.2382241506534347e-07
25                                     8.5494377694074342e-07
26                                     1.4345545902254572e-07
27                                     6.6141486390797178e-08
28                                     1.6445356503985990e-08
29                                     5.2912490630361311e-06
30                                     8.1298768911368475e-06
31                                     4.6982886078549569e-05
32                                     1.4880175433648846e-04
33                                     4.8449208666022107e-05
34                                     1.5068912654172422e-05
35                                     9.3127524403951030e-06
36                                     6.8906767094652579e-04
37                                     1.8673457506198995e-04
38                                     1.3952388615179930e-04
39                                     1.4199416789526161e-05
40                                     3.4620962106480034e-06
$End
$Mayer_Population_Analysis
   &GeometryIndex 1
   &ListStatus       OUT
   &NATOMS [&Type "Integer"] 41 "Total number of atoms"
   &BONDTHRESH [&Type "Double"]       1.0000000000000001e-01  "The threshold for printing"
   &NBONDORDERSPRINT [&Type "Integer"] 43 "The number of bond orders larger than threshold"
   &BONDORDERS [&Type "ArrayOfDoubles", &Dim (43,1)] "The bond orders"
                                                         0

0                                      1.1692091281378871e+00
1                                      9.2082335460271636e-01
2                                      9.4053182580551720e-01
3                                      9.3342384870625417e-01
4                                      9.1228548864385728e-01
5                                      9.3196059106965978e-01
6                                      9.1662832954167628e-01
7                                      1.0767542357446001e+00
8                                      1.6457914940557712e+00
9                                      1.1439972903078672e+00
10                                     9.3922253060075711e-01
11                                     1.1679339552127718e-01
12                                     1.1270652250798201e-01
13                                     8.9344606742754429e-01
14                                     1.1639233862711442e+00
15                                     9.3567986743000398e-01
16                                     9.1640639413480263e-01
17                                     9.3986905538472088e-01
18                                     9.4252111677168260e-01
19                                     9.4661298164144592e-01
20                                     1.0070613175502947e+00
21                                     1.0059139509406447e+00
22                                     8.5159416867010818e-01
23                                     8.6562378647082883e-01
24                                     9.4567137630955889e-01
25                                     1.0791329377620179e-01
26                                     1.6362038247930522e+00
27                                     1.1430680946587701e+00
28                                     1.0886819451177094e+00
29                                     8.9884857248119876e-01
30                                     1.1574415287194140e+00
31                                     9.0617092934189680e-01
32                                     9.2833410384348147e-01
33                                     9.3939547754498620e-01
34                                     9.4609842749232187e-01
35                                     9.3871273658579191e-01
36                                     9.0277737988676843e-01
37                                     1.1660009530139213e+00
38                                     9.3387397923938664e-01
39                                     9.1834811219556733e-01
40                                     9.3692188319025582e-01
41                                     9.3475479911119685e-01
42                                     9.4374550333947715e-01
   &COMPONENTS [&Type "ArrayOfIntegers", &Dim (43,4)] "The indices and atomic numbers of the bonding atoms"
                                                         0                           1                           2                           3

0                                                        0                           6                           1                           6
1                                                        0                           6                          19                           1
2                                                        0                           6                          20                           1
3                                                        0                           6                          21                           1
4                                                        1                           6                           2                           8
5                                                        1                           6                          22                           1
6                                                        1                           6                          23                           1
7                                                        2                           8                           3                          15
8                                                        3                          15                           4                          16
9                                                        3                          15                           5                           8
10                                                       3                          15                           8                          16
11                                                       4                          16                           8                          16
12                                                       4                          16                          29                           1
13                                                       5                           8                           6                           6
14                                                       6                           6                           7                           6
15                                                       6                           6                          24                           1
16                                                       6                           6                          25                           1
17                                                       7                           6                          26                           1
18                                                       7                           6                          27                           1
19                                                       7                           6                          28                           1
20                                                       8                          16                           9                           6
21                                                       9                           6                          10                          16
22                                                       9                           6                          29                           1
23                                                       9                           6                          30                           1
24                                                      10                          16                          11                          15
25                                                      10                          16                          12                          16
26                                                      11                          15                          12                          16
27                                                      11                          15                          13                           8
28                                                      11                          15                          16                           8
29                                                      13                           8                          14                           6
30                                                      14                           6                          15                           6
31                                                      14                           6                          31                           1
32                                                      14                           6                          32                           1
33                                                      15                           6                          33                           1
34                                                      15                           6                          34                           1
35                                                      15                           6                          35                           1
36                                                      16                           8                          17                           6
37                                                      17                           6                          18                           6
38                                                      17                           6                          36                           1
39                                                      17                           6                          37                           1
40                                                      18                           6                          38                           1
41                                                      18                           6                          39                           1
42                                                      18                           6                          40                           1
   &ATNO [&Type "ArrayOfIntegers", &Dim (41,1)] "Atomic number of the elements"
                                                         0

0                                                        6
1                                                        6
2                                                        8
3                                                       15
4                                                       16
5                                                        8
6                                                        6
7                                                        6
8                                                       16
9                                                        6
10                                                      16
11                                                      15
12                                                      16
13                                                       8
14                                                       6
15                                                       6
16                                                       8
17                                                       6
18                                                       6
19                                                       1
20                                                       1
21                                                       1
22                                                       1
23                                                       1
24                                                       1
25                                                       1
26                                                       1
27                                                       1
28                                                       1
29                                                       1
30                                                       1
31                                                       1
32                                                       1
33                                                       1
34                                                       1
35                                                       1
36                                                       1
37                                                       1
38                                                       1
39                                                       1
40                                                       1
   &NA [&Type "ArrayOfDoubles", &Dim (41,1)] "Mulliken gross atomic population"
                                                         0

0                                      6.3224423827359271e+00
1                                      6.0164840423582779e+00
2                                      8.3797413249017154e+00
3                                      1.4407448269621646e+01
4                                      1.6299079378204407e+01
5                                      8.3505973332394312e+00
6                                      6.0153143979165691e+00
7                                      6.2875958948211981e+00
8                                      1.6111002195398793e+01
9                                      6.3600878931763649e+00
10                                     1.6096536907452080e+01
11                                     1.4395096512506921e+01
12                                     1.6310193442794187e+01
13                                     8.3493931813548414e+00
14                                     6.0433902533952946e+00
15                                     6.2837120896232079e+00
16                                     8.3816655257287351e+00
17                                     6.0016566943809693e+00
18                                     6.3186533478802094e+00
19                                     8.6305494928122028e-01
20                                     8.7259371427047006e-01
21                                     8.9199490613507582e-01
22                                     8.9365731004632287e-01
23                                     8.8572377966073823e-01
24                                     8.8504759942502087e-01
25                                     8.9566240316851309e-01
26                                     8.8998485335747890e-01
27                                     8.7911175221713111e-01
28                                     8.7790395089530926e-01
29                                     8.0433613869112941e-01
30                                     8.0298096809957165e-01
31                                     8.8645254896667069e-01
32                                     8.7910576736462376e-01
33                                     8.9184748541654391e-01
34                                     8.7973140651805826e-01
35                                     8.7613000669096897e-01
36                                     8.9418083582776364e-01
37                                     8.8481238077000413e-01
38                                     8.8422864987664351e-01
39                                     8.6932388723341458e-01
40                                     8.8204363859608736e-01
   &ZA [&Type "ArrayOfDoubles", &Dim (41,1)] "Total nuclear charge"
                                                         0

0                                      6.0000000000000000e+00
1                                      6.0000000000000000e+00
2                                      8.0000000000000000e+00
3                                      1.5000000000000000e+01
4                                      1.6000000000000000e+01
5                                      8.0000000000000000e+00
6                                      6.0000000000000000e+00
7                                      6.0000000000000000e+00
8                                      1.6000000000000000e+01
9                                      6.0000000000000000e+00
10                                     1.6000000000000000e+01
11                                     1.5000000000000000e+01
12                                     1.6000000000000000e+01
13                                     8.0000000000000000e+00
14                                     6.0000000000000000e+00
15                                     6.0000000000000000e+00
16                                     8.0000000000000000e+00
17                                     6.0000000000000000e+00
18                                     6.0000000000000000e+00
19                                     1.0000000000000000e+00
20                                     1.0000000000000000e+00
21                                     1.0000000000000000e+00
22                                     1.0000000000000000e+00
23                                     1.0000000000000000e+00
24                                     1.0000000000000000e+00
25                                     1.0000000000000000e+00
26                                     1.0000000000000000e+00
27                                     1.0000000000000000e+00
28                                     1.0000000000000000e+00
29                                     1.0000000000000000e+00
30                                     1.0000000000000000e+00
31                                     1.0000000000000000e+00
32                                     1.0000000000000000e+00
33                                     1.0000000000000000e+00
34                                     1.0000000000000000e+00
35                                     1.0000000000000000e+00
36                                     1.0000000000000000e+00
37                                     1.0000000000000000e+00
38                                     1.0000000000000000e+00
39                                     1.0000000000000000e+00
40                                     1.0000000000000000e+00
   &QA [&Type "ArrayOfDoubles", &Dim (41,1)] "Mulliken gross atomic charge"
                                                         0

0                                     -3.2244238273592707e-01
1                                     -1.6484042358277939e-02
2                                     -3.7974132490171542e-01
3                                      5.9255173037835362e-01
4                                     -2.9907937820440722e-01
5                                     -3.5059733323943121e-01
6                                     -1.5314397916569078e-02
7                                     -2.8759589482119807e-01
8                                     -1.1100219539879319e-01
9                                     -3.6008789317636491e-01
10                                    -9.6536907452080101e-02
11                                     6.0490348749307898e-01
12                                    -3.1019344279418704e-01
13                                    -3.4939318135484143e-01
14                                    -4.3390253395294565e-02
15                                    -2.8371208962320793e-01
16                                    -3.8166552572873513e-01
17                                    -1.6566943809692702e-03
18                                    -3.1865334788020938e-01
19                                     1.3694505071877972e-01
20                                     1.2740628572952994e-01
21                                     1.0800509386492418e-01
22                                     1.0634268995367713e-01
23                                     1.1427622033926177e-01
24                                     1.1495240057497913e-01
25                                     1.0433759683148691e-01
26                                     1.1001514664252110e-01
27                                     1.2088824778286889e-01
28                                     1.2209604910469074e-01
29                                     1.9566386130887059e-01
30                                     1.9701903190042835e-01
31                                     1.1354745103332931e-01
32                                     1.2089423263537624e-01
33                                     1.0815251458345609e-01
34                                     1.2026859348194174e-01
35                                     1.2386999330903103e-01
36                                     1.0581916417223636e-01
37                                     1.1518761922999587e-01
38                                     1.1577135012335649e-01
39                                     1.3067611276658542e-01
40                                     1.1795636140391264e-01
   &VA [&Type "ArrayOfDoubles", &Dim (41,1)] "Mayer's total valence"
                                                         0

0                                      3.9842759712153830e+00
1                                      4.0108810599414584e+00
2                                      2.1736130231439570e+00
3                                      4.9587466922753975e+00
4                                      2.0538999018783977e+00
5                                      2.1673139270985380e+00
6                                      4.0231954201988014e+00
7                                      3.9885660864420358e+00
8                                      2.2782476023125873e+00
9                                      3.7810061492946954e+00
10                                     2.3071968197445587e+00
11                                     4.9545156342513899e+00
12                                     2.0433882484757286e+00
13                                     2.1788251896244510e+00
14                                     4.0048788380746290e+00
15                                     3.9759960735968880e+00
16                                     2.1772270131916582e+00
17                                     4.0009512717913793e+00
18                                     3.9880400337525073e+00
19                                     9.9532450723210875e-01
20                                     9.6466005989213832e-01
21                                     9.5301447191570454e-01
22                                     9.4611910257041065e-01
23                                     9.7401881767438570e-01
24                                     9.4798537233702995e-01
25                                     9.6072855858256989e-01
26                                     9.5415899714466024e-01
27                                     9.8011270787092908e-01
28                                     9.5778389587766144e-01
29                                     9.9578418521890266e-01
30                                     9.7720038567872003e-01
31                                     9.7357180013206013e-01
32                                     9.4664337640887952e-01
33                                     9.5498638168842043e-01
34                                     9.5930976226414777e-01
35                                     9.8125991495501264e-01
36                                     9.4741079838876840e-01
37                                     9.7883033546086096e-01
38                                     9.5458276896754268e-01
39                                     9.8181056998064342e-01
40                                     9.6171018815665910e-01
   &BVA [&Type "ArrayOfDoubles", &Dim (41,1)] "Mayer's bonded valence"
                                                         0

0                                      3.9842759712153142e+00
1                                      4.0108810599414566e+00
2                                      2.1736130231440387e+00
3                                      4.9587466922752030e+00
4                                      2.0538999018783475e+00
5                                      2.1673139270985256e+00
6                                      4.0231954201988218e+00
7                                      3.9885660864420096e+00
8                                      2.2782476023126437e+00
9                                      3.7810061492946549e+00
10                                     2.3071968197445463e+00
11                                     4.9545156342513668e+00
12                                     2.0433882484756158e+00
13                                     2.1788251896244080e+00
14                                     4.0048788380746068e+00
15                                     3.9759960735969067e+00
16                                     2.1772270131915938e+00
17                                     4.0009512717913616e+00
18                                     3.9880400337525126e+00
19                                     9.9532450723210253e-01
20                                     9.6466005989212800e-01
21                                     9.5301447191569977e-01
22                                     9.4611910257040577e-01
23                                     9.7401881767438259e-01
24                                     9.4798537233702140e-01
25                                     9.6072855858256867e-01
26                                     9.5415899714465990e-01
27                                     9.8011270787092175e-01
28                                     9.5778389587765989e-01
29                                     9.9578418521889833e-01
30                                     9.7720038567872036e-01
31                                     9.7357180013205091e-01
32                                     9.4664337640887819e-01
33                                     9.5498638168841887e-01
34                                     9.5930976226414610e-01
35                                     9.8125991495502163e-01
36                                     9.4741079838876718e-01
37                                     9.7883033546085385e-01
38                                     9.5458276896754779e-01
39                                     9.8181056998064720e-01
40                                     9.6171018815665787e-01
   &FA [&Type "ArrayOfDoubles", &Dim (41,1)] "Mayer's free valence"
                                                         0

0                                      0.0000000000000000e+00
1                                      0.0000000000000000e+00
2                                      0.0000000000000000e+00
3                                      0.0000000000000000e+00
4                                      0.0000000000000000e+00
5                                      0.0000000000000000e+00
6                                      0.0000000000000000e+00
7                                      0.0000000000000000e+00
8                                      0.0000000000000000e+00
9                                      0.0000000000000000e+00
10                                     0.0000000000000000e+00
11                                     0.0000000000000000e+00
12                                     0.0000000000000000e+00
13                                     0.0000000000000000e+00
14                                     0.0000000000000000e+00
15                                     0.0000000000000000e+00
16                                     0.0000000000000000e+00
17                                     0.0000000000000000e+00
18                                     0.0000000000000000e+00
19                                     0.0000000000000000e+00
20                                     0.0000000000000000e+00
21                                     0.0000000000000000e+00
22                                     0.0000000000000000e+00
23                                     0.0000000000000000e+00
24                                     0.0000000000000000e+00
25                                     0.0000000000000000e+00
26                                     0.0000000000000000e+00
27                                     0.0000000000000000e+00
28                                     0.0000000000000000e+00
29                                     0.0000000000000000e+00
30                                     0.0000000000000000e+00
31                                     0.0000000000000000e+00
32                                     0.0000000000000000e+00
33                                     0.0000000000000000e+00
34                                     0.0000000000000000e+00
35                                     0.0000000000000000e+00
36                                     0.0000000000000000e+00
37                                     0.0000000000000000e+00
38                                     0.0000000000000000e+00
39                                     0.0000000000000000e+00
40                                     0.0000000000000000e+00
$End
$VdW_Correction
   &GeometryIndex 1
   &ListStatus       OUT
   &VDW [&Type "Double"]      -6.3920546747977258e-02
$End
$Calculation_Info
   &GeometryIndex 1
   &ListStatus       OUT
   &MULT [&Type "Integer"] 1
   &CHARGE [&Type "Integer"] 0
   &NUMOFATOMS [&Type "Integer"] 41
   &NUMOFELECTRONS [&Type "Integer"] 202
   &NUMOFFCELECTRONS [&Type "Integer"] 1
   &NUMOFCORRELECTRONS [&Type "Integer"] 0
   &NUMOFBASISFUNCTS [&Type "Integer"] 334
   &NUMOFAUXCBASISFUNCTS [&Type "Integer"] 0
   &NUMOFAUXJBASISFUNCTS [&Type "Integer"] 1185
   &NUMOFAUXJKBASISFUNCTS [&Type "Integer"] 0
   &NUMOFCABSBASISFUNCTS [&Type "Integer"] 0
   &TOTALENERGY [&Type "Double"]      -2.9295182643382882e+03  "Hartrees"
$End
$SCF_Dipole_Moment
   &GeometryIndex 1
   &ListStatus       OUT
   &METHOD [&Type "String"] "SCF"
   &LEVEL [&Type "String"] "Relaxed density"
   &MULT [&Type "Integer"] 1
   &STATE [&Type "Integer"] -1
   &IRREP [&Type "Integer"] 0
   &NATOMS [&Type "Integer"] 41
   &DODIPOLEATOM [&Type "Boolean"] false
   &DIPOLEELECCONTRIB [&Type "ArrayOfDoubles", &Dim (3,1)] "Electronic contribution"
                                                         0

0                                      2.5870800125537277e+00
1                                     -7.2491904481753275e+00
2                                     -1.4867347356819304e+01
   &DIPOLENUCCONTRIB [&Type "ArrayOfDoubles", &Dim (3,1)] "Nuclear contribution"
                                                         0

0                                     -2.9312346619724892e+00
1                                      8.3554711370312233e+00
2                                      1.6291017202042994e+01
   &DIPOLETOTAL [&Type "ArrayOfDoubles", &Dim (3,1)] "Total"
                                                         0

0                                     -3.4415464941876150e-01
1                                      1.1062806888558958e+00
2                                      1.4236698452236904e+00
   &DIPOLEMAGNITUDE [&Type "Double", &Units "a.u."]       1.8355204203307771e+00
$End
