*************************************************
******************* ORCA 6.0.0 ******************
*************************************************
$Calculation_Status
   &GeometryIndex 1
   &ListStatus       OUT
   &VERSION [&Type "String"] "6.0.0"
   &PROGNAME [&Type "String"] "LeanSCF"
   &STATUS [&Type "String"] "NORMAL TERMINATION"
$End
$Geometry
   &GeometryIndex 1
   &ListStatus       OUT
   &NATOMS [&Type "Integer"] 41
   &NCORELESSECP [&Type "Integer"] 0
   &NGHOSTATOMS [&Type "Integer"] 0
   &CartesianCoordinates [&Type "Coordinates", &Dim(41,4), &Units "Bohr"] 
              C      3.038357462645   -4.386515708522    5.111282688816
              C      1.611837999864   -3.282891160942    2.885554141883
              O      2.510085482077   -0.766761511524    2.389206803826
              P      3.999249940674    0.075539349717   -0.084846571235
              S      5.357770897216   -2.736153836730   -2.088558281167
              O      5.860380102466    2.166734927386    0.973388699326
              C      7.515859882887    1.769174090108    3.106609825433
              C      9.748154486796    0.102922924014    2.439793752735
              S      1.690829272626    2.671493136376   -2.067896078925
              C      0.265044106776    0.408447219022   -4.208301698696
              S     -1.630933443775   -1.943016772213   -2.603944793894
              P     -4.259500249153    0.606475200304   -0.964570084830
              S     -5.232397025554    3.508107465104   -3.023714057981
              O     -2.881381643776    1.203811732078    1.662470056158
              C     -2.872001727139    3.679353738145    2.784876721419
              C     -5.363725140617    4.223895944008    4.085435410087
              O     -6.630574500878   -1.072594039005   -0.260038817133
              C     -6.638926446939   -3.074443898910    1.609747832369
              C     -6.003264655342   -5.608142274369    0.437670116489
              H      2.853856402001   -3.168077935907    6.753504318300
              H      2.267860096536   -6.235679661829    5.548487334011
              H      5.029400587848   -4.586939467400    4.641391107131
              H     -0.402855189824   -3.096220509503    3.287910015228
              H      1.872718887277   -4.443957701721    1.192955271124
              H      8.124335048010    3.674933071187    3.608216283037
              H      6.417158217205    0.955973745969    4.654559531792
              H     10.779169060067    0.899401659661    0.851700243946
              H     10.999212899019   -0.037934532866    4.059310947085
              H      9.108081239522   -1.780571659401    1.915310559682
              H      1.735468122012   -0.622023057186   -5.217538794556
              H     -0.922484207640    1.487364138619   -5.498191131184
              H     -1.294653693988    3.629481400890    4.112567594873
              H     -2.491261002406    5.078222193909    1.309439320197
              H     -5.287566218675    6.082421261188    4.949382894842
              H     -6.885062203651    4.193789827853    2.697868438224
              H     -5.747228764954    2.815698988032    5.530362469128
              H     -5.314927467748   -2.585516971896    3.115914682526
              H     -8.567478034371   -3.053786292292    2.340160492509
              H     -7.284060535190   -6.003909742082   -1.117135656691
              H     -4.077124220696   -5.617375662587   -0.283209659353
              H     -6.195819521466   -7.071591204054    1.862219289009
$End
$SCF_Energy
   &GeometryIndex 1
   &ListStatus       OUT
   &SCF_ENERGY [&Type "Double"]      -2.9296411844748004e+03
$End
$DFT_Energy
   &GeometryIndex 1
   &ListStatus       OUT
   &NALPHAEL [&Type "Integer"] 101
   &NBETAEL [&Type "Integer"] 101
   &NTOTALEL [&Type "Integer"] 202
   &EEXCHANGE [&Type "Double"]      -2.3180191733041838e+02
   &ECORR [&Type "Double"]      -7.2960388543720356e+00
   &ECNL [&Type "Double"]       0.0000000000000000e+00
   &EXC [&Type "Double"]      -2.3909795618479041e+02
   &EEMBED [&Type "Double"]       0.0000000000000000e+00
   &FINALEN [&Type "Double"]      -2.9296411844748004e+03  "No Van der Waals correction"
$End
$Mulliken_Population_Analysis
   &GeometryIndex 1
   &ListStatus       OUT
   &NATOMS [&Type "Integer"] 41
   &ATNO [&Type "ArrayOfIntegers", &Dim (41,1)] 
                                                         0

0                                                        6
1                                                        6
2                                                        8
3                                                       15
4                                                       16
5                                                        8
6                                                        6
7                                                        6
8                                                       16
9                                                        6
10                                                      16
11                                                      15
12                                                      16
13                                                       8
14                                                       6
15                                                       6
16                                                       8
17                                                       6
18                                                       6
19                                                       1
20                                                       1
21                                                       1
22                                                       1
23                                                       1
24                                                       1
25                                                       1
26                                                       1
27                                                       1
28                                                       1
29                                                       1
30                                                       1
31                                                       1
32                                                       1
33                                                       1
34                                                       1
35                                                       1
36                                                       1
37                                                       1
38                                                       1
39                                                       1
40                                                       1
   &ATOMICCHARGES [&Type "ArrayOfDoubles", &Dim (41,1)] 
                                                         0

0                                     -2.8628775292783892e-01
1                                     -3.0368127658050525e-02
2                                     -3.7649899688406308e-01
3                                      6.4594653086960818e-01
4                                     -3.3443620223489035e-01
5                                     -3.7552525505267731e-01
6                                     -1.4388189736274981e-02
7                                     -3.1289155115150891e-01
8                                     -7.7898272023144699e-02
9                                     -3.4373173601102280e-01
10                                    -1.2162218925373836e-01
11                                     6.3247177573431301e-01
12                                    -3.1028316363895314e-01
13                                    -3.8728383681928413e-01
14                                    -5.5721491658449196e-03
15                                    -3.0409336103756512e-01
16                                    -3.6477761078272763e-01
17                                    -3.6155686720683811e-02
18                                    -3.1122408798095336e-01
19                                     1.1295877263538567e-01
20                                     1.0996695352482033e-01
21                                     1.1680431066711428e-01
22                                     1.0635343666382724e-01
23                                     1.1908885154362425e-01
24                                     1.1004015330053640e-01
25                                     1.0796029353081615e-01
26                                     1.2369261421981115e-01
27                                     1.0916237397748541e-01
28                                     1.3377696022314045e-01
29                                     1.9358638544195395e-01
30                                     1.9272984739286203e-01
31                                     1.0015500649251763e-01
32                                     1.1794172318625495e-01
33                                     1.1238103213211881e-01
34                                     1.2635539089215153e-01
35                                     1.0679679799948427e-01
36                                     1.2142247056805622e-01
37                                     1.1327548168578261e-01
38                                     1.2794205032845840e-01
39                                     1.3947505378228287e-01
40                                     1.1275390228682047e-01
$End
$Loewdin_Population_Analysis
   &GeometryIndex 1
   &ListStatus       OUT
   &NATOMS [&Type "Integer"] 41
   &ATNO [&Type "ArrayOfIntegers", &Dim (41,1)] 
                                                         0

0                                                        6
1                                                        6
2                                                        8
3                                                       15
4                                                       16
5                                                        8
6                                                        6
7                                                        6
8                                                       16
9                                                        6
10                                                      16
11                                                      15
12                                                      16
13                                                       8
14                                                       6
15                                                       6
16                                                       8
17                                                       6
18                                                       6
19                                                       1
20                                                       1
21                                                       1
22                                                       1
23                                                       1
24                                                       1
25                                                       1
26                                                       1
27                                                       1
28                                                       1
29                                                       1
30                                                       1
31                                                       1
32                                                       1
33                                                       1
34                                                       1
35                                                       1
36                                                       1
37                                                       1
38                                                       1
39                                                       1
40                                                       1
   &ATOMICCHARGES [&Type "ArrayOfDoubles", &Dim (41,1)] 
                                                         0

0                                      3.7599826463471614e-03
1                                      1.0677968913076043e-01
2                                      4.8968521282039995e-01
3                                      2.7706597229399457e-02
4                                      3.1961089400892002e-04
5                                      2.5265632977420105e-01
6                                      3.8343739845415246e-02
7                                      5.7273990777226963e-04
8                                      2.1485743893627160e-04
9                                      1.1678228550176972e-04
10                                     1.0162162202272908e-04
11                                     1.5943314106073437e-03
12                                     4.0702838147764318e-05
13                                     6.0458982081640605e-02
14                                     1.3945293135121118e-02
15                                     4.3161456196570442e-04
16                                     1.8138417482722402e-03
17                                     8.7835073116173924e-05
18                                     2.2138975293038655e-05
19                                     1.5331358626900382e-06
20                                     8.3840173858439266e-05
21                                     1.1070940640372491e-06
22                                     3.2572656490188593e-04
23                                     3.1944234537469940e-04
24                                     3.2713081070611175e-04
25                                     1.0782787711330307e-04
26                                     9.4358768346281547e-06
27                                     5.1644263285098552e-05
28                                     4.6998312217498282e-06
29                                     1.3840815877826612e-07
30                                     4.7514554239187478e-06
31                                     4.1410628515436865e-05
32                                     1.6321906822988894e-05
33                                     1.4252651321045253e-05
34                                     3.1431330603468995e-06
35                                     2.0019589022824465e-07
36                                     1.2065649176747025e-06
37                                     5.6906211000286857e-06
38                                     1.2950230376157327e-06
39                                     2.6354043590783383e-05
40                                     9.4397601198840666e-07
$End
$Mayer_Population_Analysis
   &GeometryIndex 1
   &ListStatus       OUT
   &NATOMS [&Type "Integer"] 41 "Total number of atoms"
   &BONDTHRESH [&Type "Double"]       1.0000000000000001e-01  "The threshold for printing"
   &NBONDORDERSPRINT [&Type "Integer"] 42 "The number of bond orders larger than threshold"
   &BONDORDERS [&Type "ArrayOfDoubles", &Dim (42,1)] "The bond orders"
                                                         0

0                                      1.1591830973391000e+00
1                                      9.4711265012395607e-01
2                                      9.4099087457988961e-01
3                                      9.4347363373587423e-01
4                                      9.0502432223600104e-01
5                                      9.2088292689837514e-01
6                                      8.9771472372586514e-01
7                                      1.0876643227437881e+00
8                                      1.6095354555843451e+00
9                                      1.1246898894035982e+00
10                                     9.5058712167515047e-01
11                                     1.0874190215944417e-01
12                                     9.1116568063291037e-01
13                                     1.1645738769659510e+00
14                                     9.3537863423675038e-01
15                                     9.2323562869811748e-01
16                                     9.4553598720979082e-01
17                                     9.3769154318316983e-01
18                                     9.3285359534644774e-01
19                                     1.0087880537272540e+00
20                                     9.9674346410456349e-01
21                                     8.8137819244336002e-01
22                                     8.8566553291004624e-01
23                                     9.4702880967755265e-01
24                                     1.0193330059875190e-01
25                                     1.6356833578040584e+00
26                                     1.0634234354051109e+00
27                                     1.1296745531433441e+00
28                                     8.9830944539270485e-01
29                                     1.1614285118863699e+00
30                                     9.3238799658121541e-01
31                                     9.0976290446910912e-01
32                                     9.4101117346483698e-01
33                                     9.3671775625681708e-01
34                                     9.4743410651986215e-01
35                                     9.0477828611972755e-01
36                                     1.1698086705317263e+00
37                                     9.1104818425062573e-01
38                                     9.3254796728231426e-01
39                                     9.4535157564131478e-01
40                                     9.2902285288825870e-01
41                                     9.3773164541813325e-01
   &COMPONENTS [&Type "ArrayOfIntegers", &Dim (42,4)] "The indices and atomic numbers of the bonding atoms"
                                                         0                           1                           2                           3

0                                                        0                           6                           1                           6
1                                                        0                           6                          19                           1
2                                                        0                           6                          20                           1
3                                                        0                           6                          21                           1
4                                                        1                           6                           2                           8
5                                                        1                           6                          22                           1
6                                                        1                           6                          23                           1
7                                                        2                           8                           3                          15
8                                                        3                          15                           4                          16
9                                                        3                          15                           5                           8
10                                                       3                          15                           8                          16
11                                                       4                          16                           8                          16
12                                                       5                           8                           6                           6
13                                                       6                           6                           7                           6
14                                                       6                           6                          24                           1
15                                                       6                           6                          25                           1
16                                                       7                           6                          26                           1
17                                                       7                           6                          27                           1
18                                                       7                           6                          28                           1
19                                                       8                          16                           9                           6
20                                                       9                           6                          10                          16
21                                                       9                           6                          29                           1
22                                                       9                           6                          30                           1
23                                                      10                          16                          11                          15
24                                                      10                          16                          12                          16
25                                                      11                          15                          12                          16
26                                                      11                          15                          13                           8
27                                                      11                          15                          16                           8
28                                                      13                           8                          14                           6
29                                                      14                           6                          15                           6
30                                                      14                           6                          31                           1
31                                                      14                           6                          32                           1
32                                                      15                           6                          33                           1
33                                                      15                           6                          34                           1
34                                                      15                           6                          35                           1
35                                                      16                           8                          17                           6
36                                                      17                           6                          18                           6
37                                                      17                           6                          36                           1
38                                                      17                           6                          37                           1
39                                                      18                           6                          38                           1
40                                                      18                           6                          39                           1
41                                                      18                           6                          40                           1
   &ATNO [&Type "ArrayOfIntegers", &Dim (41,1)] "Atomic number of the elements"
                                                         0

0                                                        6
1                                                        6
2                                                        8
3                                                       15
4                                                       16
5                                                        8
6                                                        6
7                                                        6
8                                                       16
9                                                        6
10                                                      16
11                                                      15
12                                                      16
13                                                       8
14                                                       6
15                                                       6
16                                                       8
17                                                       6
18                                                       6
19                                                       1
20                                                       1
21                                                       1
22                                                       1
23                                                       1
24                                                       1
25                                                       1
26                                                       1
27                                                       1
28                                                       1
29                                                       1
30                                                       1
31                                                       1
32                                                       1
33                                                       1
34                                                       1
35                                                       1
36                                                       1
37                                                       1
38                                                       1
39                                                       1
40                                                       1
   &NA [&Type "ArrayOfDoubles", &Dim (41,1)] "Mulliken gross atomic population"
                                                         0

0                                      6.2862877529278256e+00
1                                      6.0303681276580443e+00
2                                      8.3764989968840489e+00
3                                      1.4354053469130404e+01
4                                      1.6334436202234858e+01
5                                      8.3755252550526897e+00
6                                      6.0143881897362785e+00
7                                      6.3128915511515142e+00
8                                      1.6077898272023134e+01
9                                      6.3437317360110237e+00
10                                     1.6121622189253696e+01
11                                     1.4367528224265666e+01
12                                     1.6310283163638960e+01
13                                     8.3872838368192646e+00
14                                     6.0055721491658423e+00
15                                     6.3040933610375554e+00
16                                     8.3647776107827365e+00
17                                     6.0361556867206696e+00
18                                     6.3112240879809693e+00
19                                     8.8704122736461499e-01
20                                     8.9003304647517967e-01
21                                     8.8319568933288606e-01
22                                     8.9364656333617265e-01
23                                     8.8091114845637564e-01
24                                     8.8995984669946360e-01
25                                     8.9203970646918451e-01
26                                     8.7630738578018974e-01
27                                     8.9083762602251326e-01
28                                     8.6622303977685944e-01
29                                     8.0641361455804650e-01
30                                     8.0727015260713908e-01
31                                     8.9984499350748204e-01
32                                     8.8205827681374505e-01
33                                     8.8761896786788219e-01
34                                     8.7364460910784836e-01
35                                     8.9320320200051717e-01
36                                     8.7857752943194356e-01
37                                     8.8672451831421750e-01
38                                     8.7205794967154104e-01
39                                     8.6052494621771658e-01
40                                     8.8724609771317919e-01
   &ZA [&Type "ArrayOfDoubles", &Dim (41,1)] "Total nuclear charge"
                                                         0

0                                      6.0000000000000000e+00
1                                      6.0000000000000000e+00
2                                      8.0000000000000000e+00
3                                      1.5000000000000000e+01
4                                      1.6000000000000000e+01
5                                      8.0000000000000000e+00
6                                      6.0000000000000000e+00
7                                      6.0000000000000000e+00
8                                      1.6000000000000000e+01
9                                      6.0000000000000000e+00
10                                     1.6000000000000000e+01
11                                     1.5000000000000000e+01
12                                     1.6000000000000000e+01
13                                     8.0000000000000000e+00
14                                     6.0000000000000000e+00
15                                     6.0000000000000000e+00
16                                     8.0000000000000000e+00
17                                     6.0000000000000000e+00
18                                     6.0000000000000000e+00
19                                     1.0000000000000000e+00
20                                     1.0000000000000000e+00
21                                     1.0000000000000000e+00
22                                     1.0000000000000000e+00
23                                     1.0000000000000000e+00
24                                     1.0000000000000000e+00
25                                     1.0000000000000000e+00
26                                     1.0000000000000000e+00
27                                     1.0000000000000000e+00
28                                     1.0000000000000000e+00
29                                     1.0000000000000000e+00
30                                     1.0000000000000000e+00
31                                     1.0000000000000000e+00
32                                     1.0000000000000000e+00
33                                     1.0000000000000000e+00
34                                     1.0000000000000000e+00
35                                     1.0000000000000000e+00
36                                     1.0000000000000000e+00
37                                     1.0000000000000000e+00
38                                     1.0000000000000000e+00
39                                     1.0000000000000000e+00
40                                     1.0000000000000000e+00
   &QA [&Type "ArrayOfDoubles", &Dim (41,1)] "Mulliken gross atomic charge"
                                                         0

0                                     -2.8628775292782560e-01
1                                     -3.0368127658044308e-02
2                                     -3.7649899688404886e-01
3                                      6.4594653086959575e-01
4                                     -3.3443620223485837e-01
5                                     -3.7552525505268974e-01
6                                     -1.4388189736278534e-02
7                                     -3.1289155115151424e-01
8                                     -7.7898272023134041e-02
9                                     -3.4373173601102369e-01
10                                    -1.2162218925369572e-01
11                                     6.3247177573433433e-01
12                                    -3.1028316363896025e-01
13                                    -3.8728383681926459e-01
14                                    -5.5721491658422551e-03
15                                    -3.0409336103755535e-01
16                                    -3.6477761078273652e-01
17                                    -3.6155686720669600e-02
18                                    -3.1122408798096934e-01
19                                     1.1295877263538501e-01
20                                     1.0996695352482033e-01
21                                     1.1680431066711394e-01
22                                     1.0635343666382735e-01
23                                     1.1908885154362436e-01
24                                     1.1004015330053640e-01
25                                     1.0796029353081549e-01
26                                     1.2369261421981026e-01
27                                     1.0916237397748674e-01
28                                     1.3377696022314056e-01
29                                     1.9358638544195350e-01
30                                     1.9272984739286092e-01
31                                     1.0015500649251796e-01
32                                     1.1794172318625495e-01
33                                     1.1238103213211781e-01
34                                     1.2635539089215164e-01
35                                     1.0679679799948283e-01
36                                     1.2142247056805644e-01
37                                     1.1327548168578250e-01
38                                     1.2794205032845896e-01
39                                     1.3947505378228342e-01
40                                     1.1275390228682081e-01
   &VA [&Type "ArrayOfDoubles", &Dim (41,1)] "Mayer's total valence"
                                                         0

0                                      3.9917623901347259e+00
1                                      3.9745999340143219e+00
2                                      2.1869170068198445e+00
3                                      4.9282053360092428e+00
4                                      2.0607889032446947e+00
5                                      2.1729187055141486e+00
6                                      4.0233375487388257e+00
7                                      3.9874745435167709e+00
8                                      2.2687561776802592e+00
9                                      3.8294633543968448e+00
10                                     2.2834655192890390e+00
11                                     4.9321891898553858e+00
12                                     2.0365399286692574e+00
13                                     2.1665649717261122e+00
14                                     3.9876855822166797e+00
15                                     3.9921477534880419e+00
16                                     2.1752109082196296e+00
17                                     4.0276839706183578e+00
18                                     3.9937680475388553e+00
19                                     9.5599904407993441e-01
20                                     9.5616792245948701e-01
21                                     9.6962046107048272e-01
22                                     9.6897903552336784e-01
23                                     9.9774511648334552e-01
24                                     9.4735290418947926e-01
25                                     9.6665708860564570e-01
26                                     9.5965146435056037e-01
27                                     9.5361423369288678e-01
28                                     9.8479104285114949e-01
29                                     9.6641913094808585e-01
30                                     9.6515892091297784e-01
31                                     9.5849973499285357e-01
32                                     9.8799664573712120e-01
33                                     9.5566907438668125e-01
34                                     9.8226276465943363e-01
35                                     9.5691681598078271e-01
36                                     9.6798113209040892e-01
37                                     9.4668258825131912e-01
38                                     9.5737462502709569e-01
39                                     9.6551185904798165e-01
40                                     9.5501200430016220e-01
   &BVA [&Type "ArrayOfDoubles", &Dim (41,1)] "Mayer's bonded valence"
                                                         0

0                                      3.9917623901347872e+00
1                                      3.9745999340142566e+00
2                                      2.1869170068198254e+00
3                                      4.9282053360092153e+00
4                                      2.0607889032447395e+00
5                                      2.1729187055141739e+00
6                                      4.0233375487388070e+00
7                                      3.9874745435167425e+00
8                                      2.2687561776803027e+00
9                                      3.8294633543968990e+00
10                                     2.2834655192891247e+00
11                                     4.9321891898554684e+00
12                                     2.0365399286692552e+00
13                                     2.1665649717261632e+00
14                                     3.9876855822167023e+00
15                                     3.9921477534880716e+00
16                                     2.1752109082195892e+00
17                                     4.0276839706183791e+00
18                                     3.9937680475388437e+00
19                                     9.5599904407993952e-01
20                                     9.5616792245948767e-01
21                                     9.6962046107048672e-01
22                                     9.6897903552336895e-01
23                                     9.9774511648332842e-01
24                                     9.4735290418948437e-01
25                                     9.6665708860564914e-01
26                                     9.5965146435054793e-01
27                                     9.5361423369288378e-01
28                                     9.8479104285114605e-01
29                                     9.6641913094809018e-01
30                                     9.6515892091297606e-01
31                                     9.5849973499285279e-01
32                                     9.8799664573711610e-01
33                                     9.5566907438667392e-01
34                                     9.8226276465944329e-01
35                                     9.5691681598078238e-01
36                                     9.6798113209041181e-01
37                                     9.4668258825132257e-01
38                                     9.5737462502709292e-01
39                                     9.6551185904798276e-01
40                                     9.5501200430015709e-01
   &FA [&Type "ArrayOfDoubles", &Dim (41,1)] "Mayer's free valence"
                                                         0

0                                      0.0000000000000000e+00
1                                      0.0000000000000000e+00
2                                      0.0000000000000000e+00
3                                      0.0000000000000000e+00
4                                      0.0000000000000000e+00
5                                      0.0000000000000000e+00
6                                      0.0000000000000000e+00
7                                      0.0000000000000000e+00
8                                      0.0000000000000000e+00
9                                      0.0000000000000000e+00
10                                     0.0000000000000000e+00
11                                     0.0000000000000000e+00
12                                     0.0000000000000000e+00
13                                     0.0000000000000000e+00
14                                     0.0000000000000000e+00
15                                     0.0000000000000000e+00
16                                     0.0000000000000000e+00
17                                     0.0000000000000000e+00
18                                     0.0000000000000000e+00
19                                     0.0000000000000000e+00
20                                     0.0000000000000000e+00
21                                     0.0000000000000000e+00
22                                     0.0000000000000000e+00
23                                     0.0000000000000000e+00
24                                     0.0000000000000000e+00
25                                     0.0000000000000000e+00
26                                     0.0000000000000000e+00
27                                     0.0000000000000000e+00
28                                     0.0000000000000000e+00
29                                     0.0000000000000000e+00
30                                     0.0000000000000000e+00
31                                     0.0000000000000000e+00
32                                     0.0000000000000000e+00
33                                     0.0000000000000000e+00
34                                     0.0000000000000000e+00
35                                     0.0000000000000000e+00
36                                     0.0000000000000000e+00
37                                     0.0000000000000000e+00
38                                     0.0000000000000000e+00
39                                     0.0000000000000000e+00
40                                     0.0000000000000000e+00
$End
$VdW_Correction
   &GeometryIndex 1
   &ListStatus       OUT
   &VDW [&Type "Double"]      -6.7479680587762519e-02
$End
$Calculation_Info
   &GeometryIndex 1
   &ListStatus       OUT
   &MULT [&Type "Integer"] 1
   &CHARGE [&Type "Integer"] 0
   &NUMOFATOMS [&Type "Integer"] 41
   &NUMOFELECTRONS [&Type "Integer"] 202
   &NUMOFFCELECTRONS [&Type "Integer"] 1
   &NUMOFCORRELECTRONS [&Type "Integer"] 0
   &NUMOFBASISFUNCTS [&Type "Integer"] 334
   &NUMOFAUXCBASISFUNCTS [&Type "Integer"] 0
   &NUMOFAUXJBASISFUNCTS [&Type "Integer"] 1185
   &NUMOFAUXJKBASISFUNCTS [&Type "Integer"] 0
   &NUMOFCABSBASISFUNCTS [&Type "Integer"] 0
   &TOTALENERGY [&Type "Double"]      -2.9295225318666885e+03  "Hartrees"
$End
$SCF_Dipole_Moment
   &GeometryIndex 1
   &ListStatus       OUT
   &METHOD [&Type "String"] "SCF"
   &LEVEL [&Type "String"] "Relaxed density"
   &MULT [&Type "Integer"] 1
   &STATE [&Type "Integer"] -1
   &IRREP [&Type "Integer"] 0
   &NATOMS [&Type "Integer"] 41
   &DODIPOLEATOM [&Type "Boolean"] false
   &DIPOLEELECCONTRIB [&Type "ArrayOfDoubles", &Dim (3,1)] "Electronic contribution"
                                                         0

0                                     -2.3452214109498737e+00
1                                      9.3539275100560690e+00
2                                     -2.3495694930940029e+01
   &DIPOLENUCCONTRIB [&Type "ArrayOfDoubles", &Dim (3,1)] "Nuclear contribution"
                                                         0

0                                      2.4529365041707258e+00
1                                     -1.0007606230706974e+01
2                                      2.5662841146331083e+01
   &DIPOLETOTAL [&Type "ArrayOfDoubles", &Dim (3,1)] "Total"
                                                         0

0                                      1.0771509322085215e-01
1                                     -6.5367872065090538e-01
2                                      2.1671462153910532e+00
   &DIPOLEMAGNITUDE [&Type "Double", &Units "a.u."]       2.2661467582712174e+00
$End
