*************************************************
******************* ORCA 6.0.0 ******************
*************************************************
$Calculation_Status
   &GeometryIndex 1
   &ListStatus       OUT
   &VERSION [&Type "String"] "6.0.0"
   &PROGNAME [&Type "String"] "LeanSCF"
   &STATUS [&Type "String"] "NORMAL TERMINATION"
$End
$Geometry
   &GeometryIndex 1
   &ListStatus       OUT
   &NATOMS [&Type "Integer"] 41
   &NCORELESSECP [&Type "Integer"] 0
   &NGHOSTATOMS [&Type "Integer"] 0
   &CartesianCoordinates [&Type "Coordinates", &Dim(41,4), &Units "Bohr"] 
              C     10.562942853221    2.282429948335   -1.979085505902
              C      7.779770538731    1.876454982424   -2.518137471341
              O      6.881285049290   -0.089909929894   -0.861095669377
              P      3.969850946810   -0.436156883516   -0.226125099160
              S      2.254776520200    2.739142439366    0.633322021893
              O      4.007349705806   -2.581081098500    1.848930560413
              C      4.147084510593   -2.050347370563    4.518001172576
              C      6.592362562641   -0.744605412931    5.218136393990
              S      2.717235725097   -2.523162083056   -3.380865527726
              C     -0.568461134345   -3.026355187036   -2.552998839349
              S     -2.544251092418   -0.259536045290   -3.050081500836
              P     -4.447487230905   -0.217583339180    0.508236904730
              S     -2.498657700976   -1.656513817585    3.312205543642
              O     -6.940854512233   -1.823665205651    0.213226132627
              C     -9.252498682491   -1.023698203368   -1.013806570059
              C     -8.915433893981   -0.537771742691   -3.813430415083
              O     -5.554561161549    2.553217769035    0.719381185979
              C     -4.134010514602    4.856472281858    0.994477950951
              C     -3.435623058371    5.326733493975    3.730455397809
              H     10.828221933269    2.907412538500   -0.041686314063
              H     11.590285031745    0.527979377452   -2.259390683588
              H     11.291961378111    3.710590412629   -3.256826004726
              H      7.470070684259    1.263718612425   -4.466435288838
              H      6.677570536819    3.592826022700   -2.164262260991
              H      2.507010901815   -0.904189960556    5.043219533913
              H      3.980401908402   -3.910013818711    5.390966027174
              H      6.655657850448    1.123772146405    4.355095915230
              H      6.692743306685   -0.541413955677    7.256796619863
              H      8.196245768282   -1.842107848960    4.553224960766
              H     -0.698822940784   -3.575849372423   -0.565077152436
              H     -1.222886083244   -4.525328266486   -3.794276433693
              H    -10.531056619016   -2.604160594571   -0.667499960807
              H     -9.942405988538    0.662698668423   -0.048355496228
              H     -8.115173941062   -2.186966413232   -4.739754641659
              H    -10.747238788251   -0.124112007225   -4.639306347465
              H     -7.664625295995    1.064814272161   -4.122369488867
              H     -2.442230866011    4.773403927230   -0.186120008298
              H     -5.409832645659    6.313142972337    0.283603278346
              H     -2.132752639188    3.877279977139    4.385415616737
              H     -2.512361621112    7.150795378842    3.884640237443
              H     -5.114169157614    5.298060150978    4.913187502070
$End
$SCF_Energy
   &GeometryIndex 1
   &ListStatus       OUT
   &SCF_ENERGY [&Type "Double"]      -2.9296343892175241e+03
$End
$DFT_Energy
   &GeometryIndex 1
   &ListStatus       OUT
   &NALPHAEL [&Type "Integer"] 100
   &NBETAEL [&Type "Integer"] 100
   &NTOTALEL [&Type "Integer"] 201
   &EEXCHANGE [&Type "Double"]      -2.3181466433005644e+02
   &ECORR [&Type "Double"]      -7.2944031455870775e+00
   &ECNL [&Type "Double"]       0.0000000000000000e+00
   &EXC [&Type "Double"]      -2.3910906747564351e+02
   &EEMBED [&Type "Double"]       0.0000000000000000e+00
   &FINALEN [&Type "Double"]      -2.9296343892175241e+03  "No Van der Waals correction"
$End
$Mulliken_Population_Analysis
   &GeometryIndex 1
   &ListStatus       OUT
   &NATOMS [&Type "Integer"] 41
   &ATNO [&Type "ArrayOfIntegers", &Dim (41,1)] 
                                                         0

0                                                        6
1                                                        6
2                                                        8
3                                                       15
4                                                       16
5                                                        8
6                                                        6
7                                                        6
8                                                       16
9                                                        6
10                                                      16
11                                                      15
12                                                      16
13                                                       8
14                                                       6
15                                                       6
16                                                       8
17                                                       6
18                                                       6
19                                                       1
20                                                       1
21                                                       1
22                                                       1
23                                                       1
24                                                       1
25                                                       1
26                                                       1
27                                                       1
28                                                       1
29                                                       1
30                                                       1
31                                                       1
32                                                       1
33                                                       1
34                                                       1
35                                                       1
36                                                       1
37                                                       1
38                                                       1
39                                                       1
40                                                       1
   &ATOMICCHARGES [&Type "ArrayOfDoubles", &Dim (41,1)] 
                                                         0

0                                     -2.8326207796202496e-01
1                                     -1.1375288976296360e-02
2                                     -3.7789039467565999e-01
3                                      6.2933509735847437e-01
4                                     -3.3898015090193212e-01
5                                     -3.6424845326360611e-01
6                                     -1.0404352866317801e-02
7                                     -3.0990075193518685e-01
8                                     -9.5887404294920486e-02
9                                     -3.4736284086307112e-01
10                                    -1.0327004682140739e-01
11                                     6.2413581585678202e-01
12                                    -3.1331612846200585e-01
13                                    -3.6396342340722754e-01
14                                     5.7355010384245730e-03
15                                    -3.1342704773952867e-01
16                                    -3.8567916002335423e-01
17                                    -1.8841611877721931e-02
18                                    -3.0366444318391927e-01
19                                     1.2015504848967695e-01
20                                     1.1767422495816260e-01
21                                     1.1146829114901913e-01
22                                     1.0276811022066434e-01
23                                     1.0498934216353006e-01
24                                     1.3133619161475796e-01
25                                     1.0484100125738172e-01
26                                     1.2119990931848390e-01
27                                     1.1089264041166724e-01
28                                     1.1499155923779858e-01
29                                     1.9559855589469577e-01
30                                     1.8222769058680266e-01
31                                     1.0863604646588509e-01
32                                     1.0826106647400002e-01
33                                     1.1979355287477589e-01
34                                     1.1197724654863284e-01
35                                     1.2290794922596482e-01
36                                     1.3173852105225603e-01
37                                     1.0032806749813417e-01
38                                     1.4228885208668163e-01
39                                     1.0781817704690666e-01
40                                     1.1037511842446923e-01
$End
$Loewdin_Population_Analysis
   &GeometryIndex 1
   &ListStatus       OUT
   &NATOMS [&Type "Integer"] 41
   &ATNO [&Type "ArrayOfIntegers", &Dim (41,1)] 
                                                         0

0                                                        6
1                                                        6
2                                                        8
3                                                       15
4                                                       16
5                                                        8
6                                                        6
7                                                        6
8                                                       16
9                                                        6
10                                                      16
11                                                      15
12                                                      16
13                                                       8
14                                                       6
15                                                       6
16                                                       8
17                                                       6
18                                                       6
19                                                       1
20                                                       1
21                                                       1
22                                                       1
23                                                       1
24                                                       1
25                                                       1
26                                                       1
27                                                       1
28                                                       1
29                                                       1
30                                                       1
31                                                       1
32                                                       1
33                                                       1
34                                                       1
35                                                       1
36                                                       1
37                                                       1
38                                                       1
39                                                       1
40                                                       1
   &ATOMICCHARGES [&Type "ArrayOfDoubles", &Dim (41,1)] 
                                                         0

0                                      7.1193199116085966e-03
1                                      9.5659336239723183e-02
2                                      5.4147028239425876e-01
3                                      5.3861154440060031e-02
4                                      9.3323715042374487e-05
5                                      2.6527925258292057e-01
6                                      2.1001103397439394e-02
7                                      1.1566540111142166e-03
8                                      5.6409766344691096e-04
9                                      3.4693178915455814e-04
10                                     1.9046842320945551e-05
11                                     5.5767743573522104e-04
12                                     5.5420840206056139e-05
13                                     4.1636093378012023e-03
14                                     5.0135632543070799e-04
15                                     6.7618909932738257e-06
16                                     6.0018974620082788e-03
17                                     1.2814999986886528e-03
18                                     4.2563376951644004e-05
19                                     1.5338928901580337e-05
20                                     7.3730224529467763e-06
21                                     1.0327212428716958e-04
22                                     6.6428779359374137e-05
23                                     2.0736809810120089e-04
24                                     3.1247158204095333e-05
25                                     1.6202128362531051e-04
26                                     3.1754827661038590e-05
27                                     1.1272005360289832e-04
28                                     4.2469611207676887e-05
29                                     3.4200604359341192e-06
30                                     7.4786060124270965e-07
31                                     3.3911773962332779e-06
32                                     9.8673229766607067e-07
33                                     2.1311009785184308e-07
34                                     5.8321447619509877e-07
35                                     5.7166804510570440e-07
36                                     1.0349575802006224e-06
37                                     1.5487456260272791e-05
38                                     1.0211612623843171e-05
39                                     1.3357801138168309e-06
40                                     7.3282776176224030e-07
$End
$Mayer_Population_Analysis
   &GeometryIndex 1
   &ListStatus       OUT
   &NATOMS [&Type "Integer"] 41 "Total number of atoms"
   &BONDTHRESH [&Type "Double"]       1.0000000000000001e-01  "The threshold for printing"
   &NBONDORDERSPRINT [&Type "Integer"] 43 "The number of bond orders larger than threshold"
   &BONDORDERS [&Type "ArrayOfDoubles", &Dim (43,1)] "The bond orders"
                                                         0

0                                      1.1600138310426287e+00
1                                      9.5158031638726026e-01
2                                      9.5033958970256893e-01
3                                      9.4183668257568554e-01
4                                      9.0549530462335848e-01
5                                      9.3053180409192204e-01
6                                      9.0572998323253895e-01
7                                      1.1002946438359869e+00
8                                      1.6150720870487185e+00
9                                      1.1401336831872573e+00
10                                     9.7037000317960131e-01
11                                     1.1522563501689002e-01
12                                     8.9629427176951637e-01
13                                     1.1628955472347158e+00
14                                     9.1034360120952029e-01
15                                     9.3586265649892730e-01
16                                     9.3301816851890884e-01
17                                     9.3836999765320306e-01
18                                     9.4472813597946592e-01
19                                     1.0016436836859000e+00
20                                     9.9433534700096704e-01
21                                     8.4800033922902596e-01
22                                     9.1182704973145767e-01
23                                     9.5100931163261249e-01
24                                     1.1762200880000451e-01
25                                     1.6259769139129743e+00
26                                     1.1257155409117252e+00
27                                     1.0965705984714473e+00
28                                     1.1191578634149457e-01
29                                     9.0628050691153517e-01
30                                     1.1694842686817590e+00
31                                     9.3506019137051377e-01
32                                     9.2746014365875029e-01
33                                     9.4400312232555805e-01
34                                     9.3611421391858785e-01
35                                     9.3985574898866697e-01
36                                     8.9531372103375451e-01
37                                     1.1747670497211495e+00
38                                     9.1008231946195473e-01
39                                     9.3471873630800284e-01
40                                     9.2958853216015558e-01
41                                     9.3861222068660777e-01
42                                     9.4637255544256227e-01
   &COMPONENTS [&Type "ArrayOfIntegers", &Dim (43,4)] "The indices and atomic numbers of the bonding atoms"
                                                         0                           1                           2                           3

0                                                        0                           6                           1                           6
1                                                        0                           6                          19                           1
2                                                        0                           6                          20                           1
3                                                        0                           6                          21                           1
4                                                        1                           6                           2                           8
5                                                        1                           6                          22                           1
6                                                        1                           6                          23                           1
7                                                        2                           8                           3                          15
8                                                        3                          15                           4                          16
9                                                        3                          15                           5                           8
10                                                       3                          15                           8                          16
11                                                       4                          16                           8                          16
12                                                       5                           8                           6                           6
13                                                       6                           6                           7                           6
14                                                       6                           6                          24                           1
15                                                       6                           6                          25                           1
16                                                       7                           6                          26                           1
17                                                       7                           6                          27                           1
18                                                       7                           6                          28                           1
19                                                       8                          16                           9                           6
20                                                       9                           6                          10                          16
21                                                       9                           6                          29                           1
22                                                       9                           6                          30                           1
23                                                      10                          16                          11                          15
24                                                      10                          16                          12                          16
25                                                      11                          15                          12                          16
26                                                      11                          15                          13                           8
27                                                      11                          15                          16                           8
28                                                      12                          16                          29                           1
29                                                      13                           8                          14                           6
30                                                      14                           6                          15                           6
31                                                      14                           6                          31                           1
32                                                      14                           6                          32                           1
33                                                      15                           6                          33                           1
34                                                      15                           6                          34                           1
35                                                      15                           6                          35                           1
36                                                      16                           8                          17                           6
37                                                      17                           6                          18                           6
38                                                      17                           6                          36                           1
39                                                      17                           6                          37                           1
40                                                      18                           6                          38                           1
41                                                      18                           6                          39                           1
42                                                      18                           6                          40                           1
   &ATNO [&Type "ArrayOfIntegers", &Dim (41,1)] "Atomic number of the elements"
                                                         0

0                                                        6
1                                                        6
2                                                        8
3                                                       15
4                                                       16
5                                                        8
6                                                        6
7                                                        6
8                                                       16
9                                                        6
10                                                      16
11                                                      15
12                                                      16
13                                                       8
14                                                       6
15                                                       6
16                                                       8
17                                                       6
18                                                       6
19                                                       1
20                                                       1
21                                                       1
22                                                       1
23                                                       1
24                                                       1
25                                                       1
26                                                       1
27                                                       1
28                                                       1
29                                                       1
30                                                       1
31                                                       1
32                                                       1
33                                                       1
34                                                       1
35                                                       1
36                                                       1
37                                                       1
38                                                       1
39                                                       1
40                                                       1
   &NA [&Type "ArrayOfDoubles", &Dim (41,1)] "Mulliken gross atomic population"
                                                         0

0                                      6.2832620779620250e+00
1                                      6.0113752889762972e+00
2                                      8.3778903946756831e+00
3                                      1.4370664902641492e+01
4                                      1.6338980150901943e+01
5                                      8.3642484532636061e+00
6                                      6.0104043528663089e+00
7                                      6.3099007519352179e+00
8                                      1.6095887404294860e+01
9                                      6.3473628408630498e+00
10                                     1.6103270046821400e+01
11                                     1.4375864184143174e+01
12                                     1.6313316128461970e+01
13                                     8.3639634234072116e+00
14                                     5.9942644989615861e+00
15                                     6.3134270477395020e+00
16                                     8.3856791600233525e+00
17                                     6.0188416118777015e+00
18                                     6.3036644431838997e+00
19                                     8.7984495151032316e-01
20                                     8.8232577504183651e-01
21                                     8.8853170885098065e-01
22                                     8.9723188977933632e-01
23                                     8.9501065783647082e-01
24                                     8.6866380838524182e-01
25                                     8.9515899874261806e-01
26                                     8.7880009068151577e-01
27                                     8.8910735958833220e-01
28                                     8.8500844076220220e-01
29                                     8.0440144410530467e-01
30                                     8.1777230941319778e-01
31                                     8.9136395353411502e-01
32                                     8.9173893352600042e-01
33                                     8.8020644712522234e-01
34                                     8.8802275345136739e-01
35                                     8.7709205077403496e-01
36                                     8.6826147894774319e-01
37                                     8.9967193250186550e-01
38                                     8.5771114791331782e-01
39                                     8.9218182295309323e-01
40                                     8.8962488157553088e-01
   &ZA [&Type "ArrayOfDoubles", &Dim (41,1)] "Total nuclear charge"
                                                         0

0                                      6.0000000000000000e+00
1                                      6.0000000000000000e+00
2                                      8.0000000000000000e+00
3                                      1.5000000000000000e+01
4                                      1.6000000000000000e+01
5                                      8.0000000000000000e+00
6                                      6.0000000000000000e+00
7                                      6.0000000000000000e+00
8                                      1.6000000000000000e+01
9                                      6.0000000000000000e+00
10                                     1.6000000000000000e+01
11                                     1.5000000000000000e+01
12                                     1.6000000000000000e+01
13                                     8.0000000000000000e+00
14                                     6.0000000000000000e+00
15                                     6.0000000000000000e+00
16                                     8.0000000000000000e+00
17                                     6.0000000000000000e+00
18                                     6.0000000000000000e+00
19                                     1.0000000000000000e+00
20                                     1.0000000000000000e+00
21                                     1.0000000000000000e+00
22                                     1.0000000000000000e+00
23                                     1.0000000000000000e+00
24                                     1.0000000000000000e+00
25                                     1.0000000000000000e+00
26                                     1.0000000000000000e+00
27                                     1.0000000000000000e+00
28                                     1.0000000000000000e+00
29                                     1.0000000000000000e+00
30                                     1.0000000000000000e+00
31                                     1.0000000000000000e+00
32                                     1.0000000000000000e+00
33                                     1.0000000000000000e+00
34                                     1.0000000000000000e+00
35                                     1.0000000000000000e+00
36                                     1.0000000000000000e+00
37                                     1.0000000000000000e+00
38                                     1.0000000000000000e+00
39                                     1.0000000000000000e+00
40                                     1.0000000000000000e+00
   &QA [&Type "ArrayOfDoubles", &Dim (41,1)] "Mulliken gross atomic charge"
                                                         0

0                                     -2.8326207796202496e-01
1                                     -1.1375288976297249e-02
2                                     -3.7789039467568308e-01
3                                      6.2933509735850812e-01
4                                     -3.3898015090194278e-01
5                                     -3.6424845326360611e-01
6                                     -1.0404352866308919e-02
7                                     -3.0990075193521793e-01
8                                     -9.5887404294860090e-02
9                                     -3.4736284086304980e-01
10                                    -1.0327004682140029e-01
11                                     6.2413581585682643e-01
12                                    -3.1331612846197032e-01
13                                    -3.6396342340721155e-01
14                                     5.7355010384139149e-03
15                                    -3.1342704773950203e-01
16                                    -3.8567916002335245e-01
17                                    -1.8841611877701503e-02
18                                    -3.0366444318389973e-01
19                                     1.2015504848967684e-01
20                                     1.1767422495816349e-01
21                                     1.1146829114901935e-01
22                                     1.0276811022066368e-01
23                                     1.0498934216352918e-01
24                                     1.3133619161475818e-01
25                                     1.0484100125738194e-01
26                                     1.2119990931848423e-01
27                                     1.1089264041166780e-01
28                                     1.1499155923779780e-01
29                                     1.9559855589469533e-01
30                                     1.8222769058680222e-01
31                                     1.0863604646588498e-01
32                                     1.0826106647399958e-01
33                                     1.1979355287477766e-01
34                                     1.1197724654863261e-01
35                                     1.2290794922596504e-01
36                                     1.3173852105225681e-01
37                                     1.0032806749813450e-01
38                                     1.4228885208668218e-01
39                                     1.0781817704690677e-01
40                                     1.1037511842446912e-01
   &VA [&Type "ArrayOfDoubles", &Dim (41,1)] "Mayer's total valence"
                                                         0

0                                      4.0038876157593402e+00
1                                      3.9665122730159577e+00
2                                      2.1682297017700995e+00
3                                      4.9942193803986088e+00
4                                      2.0860259755201795e+00
5                                      2.1869273578734831e+00
6                                      3.9946888958247944e+00
7                                      3.9900045397713733e+00
8                                      2.2489362276595668e+00
9                                      3.8077113971076701e+00
10                                     2.2705211918646167e+00
11                                     4.9571355267569386e+00
12                                     2.0733816791540463e+00
13                                     2.1621697713299910e+00
14                                     4.0327463283350102e+00
15                                     4.0070160222990179e+00
16                                     2.1828928525857707e+00
17                                     4.0022632649251726e+00
18                                     3.9901092110724221e+00
19                                     9.6032266217181195e-01
20                                     9.5822272762300686e-01
21                                     9.5437313513975242e-01
22                                     9.5319441477863420e-01
23                                     9.9899598968080039e-01
24                                     9.7561919733928881e-01
25                                     9.5097550441606571e-01
26                                     9.8710973648104150e-01
27                                     9.5394534991612090e-01
28                                     9.6019127928850234e-01
29                                     1.0014640608469403e+00
30                                     9.3067438527014101e-01
31                                     9.4806511274522598e-01
32                                     9.6024116332145837e-01
33                                     9.6523275737736935e-01
34                                     9.5362449603591781e-01
35                                     9.6717392785561496e-01
36                                     9.7402101081282877e-01
37                                     9.4655787439311456e-01
38                                     9.9093446383838046e-01
39                                     9.5575765917889632e-01
40                                     9.5923736854877961e-01
   &BVA [&Type "ArrayOfDoubles", &Dim (41,1)] "Mayer's bonded valence"
                                                         0

0                                      4.0038876157593579e+00
1                                      3.9665122730159821e+00
2                                      2.1682297017700538e+00
3                                      4.9942193803986665e+00
4                                      2.0860259755202071e+00
5                                      2.1869273578734956e+00
6                                      3.9946888958248117e+00
7                                      3.9900045397712960e+00
8                                      2.2489362276596436e+00
9                                      3.8077113971076795e+00
10                                     2.2705211918645731e+00
11                                     4.9571355267570585e+00
12                                     2.0733816791543140e+00
13                                     2.1621697713300372e+00
14                                     4.0327463283350156e+00
15                                     4.0070160222990525e+00
16                                     2.1828928525858058e+00
17                                     4.0022632649252436e+00
18                                     3.9901092110724852e+00
19                                     9.6032266217182194e-01
20                                     9.5822272762302318e-01
21                                     9.5437313513975031e-01
22                                     9.5319441477863220e-01
23                                     9.9899598968080328e-01
24                                     9.7561919733929658e-01
25                                     9.5097550441606993e-01
26                                     9.8710973648104006e-01
27                                     9.5394534991612057e-01
28                                     9.6019127928850201e-01
29                                     1.0014640608469334e+00
30                                     9.3067438527014257e-01
31                                     9.4806511274523031e-01
32                                     9.6024116332146248e-01
33                                     9.6523275737737346e-01
34                                     9.5362449603591848e-01
35                                     9.6717392785561829e-01
36                                     9.7402101081283221e-01
37                                     9.4655787439312877e-01
38                                     9.9093446383838213e-01
39                                     9.5575765917890065e-01
40                                     9.5923736854878017e-01
   &FA [&Type "ArrayOfDoubles", &Dim (41,1)] "Mayer's free valence"
                                                         0

0                                      0.0000000000000000e+00
1                                      0.0000000000000000e+00
2                                      0.0000000000000000e+00
3                                      0.0000000000000000e+00
4                                      0.0000000000000000e+00
5                                      0.0000000000000000e+00
6                                      0.0000000000000000e+00
7                                      0.0000000000000000e+00
8                                      0.0000000000000000e+00
9                                      0.0000000000000000e+00
10                                     0.0000000000000000e+00
11                                     0.0000000000000000e+00
12                                     0.0000000000000000e+00
13                                     0.0000000000000000e+00
14                                     0.0000000000000000e+00
15                                     0.0000000000000000e+00
16                                     0.0000000000000000e+00
17                                     0.0000000000000000e+00
18                                     0.0000000000000000e+00
19                                     0.0000000000000000e+00
20                                     0.0000000000000000e+00
21                                     0.0000000000000000e+00
22                                     0.0000000000000000e+00
23                                     0.0000000000000000e+00
24                                     0.0000000000000000e+00
25                                     0.0000000000000000e+00
26                                     0.0000000000000000e+00
27                                     0.0000000000000000e+00
28                                     0.0000000000000000e+00
29                                     0.0000000000000000e+00
30                                     0.0000000000000000e+00
31                                     0.0000000000000000e+00
32                                     0.0000000000000000e+00
33                                     0.0000000000000000e+00
34                                     0.0000000000000000e+00
35                                     0.0000000000000000e+00
36                                     0.0000000000000000e+00
37                                     0.0000000000000000e+00
38                                     0.0000000000000000e+00
39                                     0.0000000000000000e+00
40                                     0.0000000000000000e+00
$End
$VdW_Correction
   &GeometryIndex 1
   &ListStatus       OUT
   &VDW [&Type "Double"]      -6.5707054474724289e-02
$End
$Calculation_Info
   &GeometryIndex 1
   &ListStatus       OUT
   &MULT [&Type "Integer"] 1
   &CHARGE [&Type "Integer"] 0
   &NUMOFATOMS [&Type "Integer"] 41
   &NUMOFELECTRONS [&Type "Integer"] 202
   &NUMOFFCELECTRONS [&Type "Integer"] 1
   &NUMOFCORRELECTRONS [&Type "Integer"] 0
   &NUMOFBASISFUNCTS [&Type "Integer"] 334
   &NUMOFAUXCBASISFUNCTS [&Type "Integer"] 0
   &NUMOFAUXJBASISFUNCTS [&Type "Integer"] 1185
   &NUMOFAUXJKBASISFUNCTS [&Type "Integer"] 0
   &NUMOFCABSBASISFUNCTS [&Type "Integer"] 0
   &TOTALENERGY [&Type "Double"]      -2.9295155260327988e+03  "Hartrees"
$End
$SCF_Dipole_Moment
   &GeometryIndex 1
   &ListStatus       OUT
   &METHOD [&Type "String"] "SCF"
   &LEVEL [&Type "String"] "Relaxed density"
   &MULT [&Type "Integer"] 1
   &STATE [&Type "Integer"] -1
   &IRREP [&Type "Integer"] 0
   &NATOMS [&Type "Integer"] 41
   &DODIPOLEATOM [&Type "Boolean"] false
   &DIPOLEELECCONTRIB [&Type "ArrayOfDoubles", &Dim (3,1)] "Electronic contribution"
                                                         0

0                                     -5.0083193537484973e+00
1                                     -1.0734890805013153e+01
2                                     -5.0215616696980909e+00
   &DIPOLENUCCONTRIB [&Type "ArrayOfDoubles", &Dim (3,1)] "Nuclear contribution"
                                                         0

0                                      4.8595063506333531e+00
1                                      1.1268021543458479e+01
2                                      4.4448547728727696e+00
   &DIPOLETOTAL [&Type "ArrayOfDoubles", &Dim (3,1)] "Total"
                                                         0

0                                     -1.4881300311514423e-01
1                                      5.3313073844532610e-01
2                                     -5.7670689682532128e-01
   &DIPOLEMAGNITUDE [&Type "Double", &Units "a.u."]       7.9935257491128309e-01
$End
