*************************************************
******************* ORCA 6.0.0 ******************
*************************************************
$Calculation_Status
   &GeometryIndex 1
   &ListStatus       OUT
   &VERSION [&Type "String"] "6.0.0"
   &PROGNAME [&Type "String"] "LeanSCF"
   &STATUS [&Type "String"] "NORMAL TERMINATION"
$End
$Geometry
   &GeometryIndex 1
   &ListStatus       OUT
   &NATOMS [&Type "Integer"] 41
   &NCORELESSECP [&Type "Integer"] 0
   &NGHOSTATOMS [&Type "Integer"] 0
   &CartesianCoordinates [&Type "Coordinates", &Dim(41,4), &Units "Bohr"] 
              C      1.962375419826   -5.582936192190    1.593683130098
              C      3.930848275160   -3.762425180208    2.600902567254
              O      3.337670436098   -1.196053114104    1.904069116538
              P      4.637913869882    0.241865844735   -0.412985841363
              S      5.947646712546   -1.932568245117   -3.092493754705
              O      6.872955280867    1.886638685758    0.725533570944
              C      6.617039926850    4.182659604352    2.185737785676
              C      5.156860190496    3.787689168698    4.615000336363
              S      1.830082589557    2.931967445243   -1.326665005387
              C      0.369929642905    1.188312036756   -3.880122051923
              S     -1.149096957999   -1.702789692691   -2.852741141762
              P     -3.732771110921   -0.012523863077   -0.316452294002
              S     -5.158726069987    3.250351214909   -1.365190404025
              O     -2.209589752469   -0.069368198071    2.250991454123
              C     -2.695790946445    1.704153922836    4.261948559813
              C     -5.240857094185    1.233835569936    5.480602544688
              O     -5.735486845419   -2.197442166747    0.147117690027
              C     -7.681512304656   -2.764734824654   -1.672968218046
              C     -9.717452027497   -4.276485595761   -0.342359940221
              H      2.061496656677   -5.675195908282   -0.457921144560
              H      2.311297731490   -7.449989081663    2.367126804316
              H      0.081293639872   -4.957040940646    2.135181246429
              H      5.809835303710   -4.245873592360    1.886033203709
              H      3.952134745974   -3.749210076665    4.663445381232
              H      8.571171683813    4.732242060358    2.548391627130
              H      5.698636924458    5.603171676319    0.999826118928
              H      3.224026941525    3.228433445931    4.189468575417
              H      6.044212837653    2.325441890729    5.752571457262
              H      5.126697282779    5.545519723775    5.671833538603
              H      1.802483976330    0.636399694692   -5.252333311234
              H     -1.028779552031    2.452153389540   -4.708658602672
              H     -1.143071492144    1.392970094022    5.582207200287
              H     -2.592712058608    3.620684612354    3.488430900360
              H     -5.481151878627    2.503933763052    7.073257904142
              H     -6.738087757511    1.585060537272    4.111591273157
              H     -5.372847192406   -0.711693575031    6.124628514920
              H     -8.423792748407   -0.983420220368   -2.421435563743
              H     -6.827809189302   -3.841712169031   -3.215927460230
              H     -8.908216273418   -5.985286807750    0.455768523506
              H    -10.553056441792   -3.165896842160    1.168258775328
              H    -11.172950702269   -4.780650181301   -1.695606435853
$End
$SCF_Energy
   &GeometryIndex 1
   &ListStatus       OUT
   &SCF_ENERGY [&Type "Double"]      -2.9296408361496333e+03
$End
$DFT_Energy
   &GeometryIndex 1
   &ListStatus       OUT
   &NALPHAEL [&Type "Integer"] 101
   &NBETAEL [&Type "Integer"] 101
   &NTOTALEL [&Type "Integer"] 201
   &EEXCHANGE [&Type "Double"]      -2.3180221522385150e+02
   &ECORR [&Type "Double"]      -7.2946839360135396e+00
   &ECNL [&Type "Double"]       0.0000000000000000e+00
   &EXC [&Type "Double"]      -2.3909689915986505e+02
   &EEMBED [&Type "Double"]       0.0000000000000000e+00
   &FINALEN [&Type "Double"]      -2.9296408361496333e+03  "No Van der Waals correction"
$End
$Mulliken_Population_Analysis
   &GeometryIndex 1
   &ListStatus       OUT
   &NATOMS [&Type "Integer"] 41
   &ATNO [&Type "ArrayOfIntegers", &Dim (41,1)] 
                                                         0

0                                                        6
1                                                        6
2                                                        8
3                                                       15
4                                                       16
5                                                        8
6                                                        6
7                                                        6
8                                                       16
9                                                        6
10                                                      16
11                                                      15
12                                                      16
13                                                       8
14                                                       6
15                                                       6
16                                                       8
17                                                       6
18                                                       6
19                                                       1
20                                                       1
21                                                       1
22                                                       1
23                                                       1
24                                                       1
25                                                       1
26                                                       1
27                                                       1
28                                                       1
29                                                       1
30                                                       1
31                                                       1
32                                                       1
33                                                       1
34                                                       1
35                                                       1
36                                                       1
37                                                       1
38                                                       1
39                                                       1
40                                                       1
   &ATOMICCHARGES [&Type "ArrayOfDoubles", &Dim (41,1)] 
                                                         0

0                                     -2.9479203865574899e-01
1                                     -7.6073206619504674e-03
2                                     -3.7728401248522481e-01
3                                      6.2129122781083268e-01
4                                     -3.1961116376866627e-01
5                                     -3.6995611575335907e-01
6                                     -1.6803479035614188e-02
7                                     -3.3377091059222685e-01
8                                     -1.0606218491659547e-01
9                                     -3.4549099205826828e-01
10                                    -7.6702689340031327e-02
11                                     6.2028491974940358e-01
12                                    -3.3774423903348705e-01
13                                    -3.5434695222746093e-01
14                                    -2.5790608608105003e-02
15                                    -2.9337371804382961e-01
16                                    -3.7756749201179218e-01
17                                    -1.3689401250562838e-02
18                                    -2.8110085423072206e-01
19                                     1.3026539349724464e-01
20                                     1.0116263034855399e-01
21                                     1.1626634667796387e-01
22                                     1.0506314812560724e-01
23                                     9.5543929002463890e-02
24                                     1.1490344429590149e-01
25                                     1.1922283270284251e-01
26                                     1.4820929220570123e-01
27                                     1.1843112672478551e-01
28                                     1.1442395052897558e-01
29                                     1.9373688192474348e-01
30                                     1.9193646284127563e-01
31                                     1.1613578909960931e-01
32                                     1.1407786315495894e-01
33                                     1.1100894328522359e-01
34                                     1.2287861860772598e-01
35                                     1.1476665719940138e-01
36                                     1.0687914675700361e-01
37                                     1.0480976667082520e-01
38                                     1.1779310131915322e-01
39                                     1.1898553563470082e-01
40                                     1.1361716450873516e-01
$End
$Loewdin_Population_Analysis
   &GeometryIndex 1
   &ListStatus       OUT
   &NATOMS [&Type "Integer"] 41
   &ATNO [&Type "ArrayOfIntegers", &Dim (41,1)] 
                                                         0

0                                                        6
1                                                        6
2                                                        8
3                                                       15
4                                                       16
5                                                        8
6                                                        6
7                                                        6
8                                                       16
9                                                        6
10                                                      16
11                                                      15
12                                                      16
13                                                       8
14                                                       6
15                                                       6
16                                                       8
17                                                       6
18                                                       6
19                                                       1
20                                                       1
21                                                       1
22                                                       1
23                                                       1
24                                                       1
25                                                       1
26                                                       1
27                                                       1
28                                                       1
29                                                       1
30                                                       1
31                                                       1
32                                                       1
33                                                       1
34                                                       1
35                                                       1
36                                                       1
37                                                       1
38                                                       1
39                                                       1
40                                                       1
   &ATOMICCHARGES [&Type "ArrayOfDoubles", &Dim (41,1)] 
                                                         0

0                                      2.4438796378117510e-05
1                                      2.3916430272303571e-05
2                                      1.0821579671612179e-04
3                                      1.2621978744830821e-05
4                                      3.3213254727210710e-06
5                                      4.8013496937461588e-05
6                                      1.3056536251225498e-05
7                                      3.3287747392784341e-05
8                                      6.8228057026910644e-05
9                                      1.5882088686504657e-04
10                                     3.5731306601326988e-04
11                                     5.4941289370036978e-02
12                                     8.4430465648676183e-05
13                                     2.7804884838812838e-01
14                                     2.4330844832709555e-02
15                                     1.0311413076017912e-03
16                                     5.3860588424832656e-01
17                                     9.4111991000702763e-02
18                                     7.1939686218046670e-03
19                                     5.7123162096998186e-07
20                                     1.9734101184235339e-06
21                                     2.5391802381775818e-07
22                                     2.2230046414219949e-08
23                                     8.4524767848797991e-08
24                                     3.5302537305961013e-07
25                                     6.8496162435465939e-07
26                                     4.7204534747825390e-05
27                                     9.0731329942385454e-08
28                                     1.1800819213681257e-06
29                                     7.0425829494616262e-06
30                                     7.4137594429570084e-06
31                                     1.5219204232464053e-04
32                                     2.2694057104918867e-05
33                                     1.0642591515268872e-04
34                                     3.6261594731363716e-05
35                                     3.4561944623643741e-05
36                                     1.8057269162961766e-04
37                                     7.0227568802444900e-05
38                                     8.5572785479871555e-06
39                                     1.6228224412379431e-05
40                                     1.0577133767574743e-04
$End
$Mayer_Population_Analysis
   &GeometryIndex 1
   &ListStatus       OUT
   &NATOMS [&Type "Integer"] 41 "Total number of atoms"
   &BONDTHRESH [&Type "Double"]       1.0000000000000001e-01  "The threshold for printing"
   &NBONDORDERSPRINT [&Type "Integer"] 42 "The number of bond orders larger than threshold"
   &BONDORDERS [&Type "ArrayOfDoubles", &Dim (42,1)] "The bond orders"
                                                         0

0                                      1.1736184955505100e+00
1                                      9.3563497826353581e-01
2                                      9.3826435064504232e-01
3                                      9.4146761581460836e-01
4                                      9.0288134923970875e-01
5                                      9.1340237360479637e-01
6                                      9.3354767440250908e-01
7                                      1.0900783406411361e+00
8                                      1.6238929015665384e+00
9                                      1.1206430776811127e+00
10                                     9.4857327438224781e-01
11                                     1.0034173504592746e-01
12                                     9.1384336259840926e-01
13                                     1.1623256972180920e+00
14                                     9.3472658327664215e-01
15                                     9.1839599770517144e-01
16                                     9.3025311403813860e-01
17                                     9.4515630681732898e-01
18                                     9.3565744411815022e-01
19                                     1.0129904658290005e+00
20                                     1.0054126058688495e+00
21                                     8.8317506611342966e-01
22                                     8.8550746000534664e-01
23                                     9.6342502196318525e-01
24                                     1.0790875243866659e-01
25                                     1.5901690521557752e+00
26                                     1.1249164641477527e+00
27                                     1.1062093170616791e+00
28                                     9.0283275447509659e-01
29                                     1.1616786226319029e+00
30                                     9.2473490855531149e-01
31                                     9.1604411048901313e-01
32                                     9.3899932102137385e-01
33                                     9.3227521074721764e-01
34                                     9.4544354253911267e-01
35                                     9.0358281216491454e-01
36                                     1.1610576574891773e+00
37                                     9.1020915079911635e-01
38                                     9.2863757254326995e-01
39                                     9.5036786272381935e-01
40                                     9.5142992741978061e-01
41                                     9.4172846306498392e-01
   &COMPONENTS [&Type "ArrayOfIntegers", &Dim (42,4)] "The indices and atomic numbers of the bonding atoms"
                                                         0                           1                           2                           3

0                                                        0                           6                           1                           6
1                                                        0                           6                          19                           1
2                                                        0                           6                          20                           1
3                                                        0                           6                          21                           1
4                                                        1                           6                           2                           8
5                                                        1                           6                          22                           1
6                                                        1                           6                          23                           1
7                                                        2                           8                           3                          15
8                                                        3                          15                           4                          16
9                                                        3                          15                           5                           8
10                                                       3                          15                           8                          16
11                                                       4                          16                           8                          16
12                                                       5                           8                           6                           6
13                                                       6                           6                           7                           6
14                                                       6                           6                          24                           1
15                                                       6                           6                          25                           1
16                                                       7                           6                          26                           1
17                                                       7                           6                          27                           1
18                                                       7                           6                          28                           1
19                                                       8                          16                           9                           6
20                                                       9                           6                          10                          16
21                                                       9                           6                          29                           1
22                                                       9                           6                          30                           1
23                                                      10                          16                          11                          15
24                                                      10                          16                          12                          16
25                                                      11                          15                          12                          16
26                                                      11                          15                          13                           8
27                                                      11                          15                          16                           8
28                                                      13                           8                          14                           6
29                                                      14                           6                          15                           6
30                                                      14                           6                          31                           1
31                                                      14                           6                          32                           1
32                                                      15                           6                          33                           1
33                                                      15                           6                          34                           1
34                                                      15                           6                          35                           1
35                                                      16                           8                          17                           6
36                                                      17                           6                          18                           6
37                                                      17                           6                          36                           1
38                                                      17                           6                          37                           1
39                                                      18                           6                          38                           1
40                                                      18                           6                          39                           1
41                                                      18                           6                          40                           1
   &ATNO [&Type "ArrayOfIntegers", &Dim (41,1)] "Atomic number of the elements"
                                                         0

0                                                        6
1                                                        6
2                                                        8
3                                                       15
4                                                       16
5                                                        8
6                                                        6
7                                                        6
8                                                       16
9                                                        6
10                                                      16
11                                                      15
12                                                      16
13                                                       8
14                                                       6
15                                                       6
16                                                       8
17                                                       6
18                                                       6
19                                                       1
20                                                       1
21                                                       1
22                                                       1
23                                                       1
24                                                       1
25                                                       1
26                                                       1
27                                                       1
28                                                       1
29                                                       1
30                                                       1
31                                                       1
32                                                       1
33                                                       1
34                                                       1
35                                                       1
36                                                       1
37                                                       1
38                                                       1
39                                                       1
40                                                       1
   &NA [&Type "ArrayOfDoubles", &Dim (41,1)] "Mulliken gross atomic population"
                                                         0

0                                      6.2947920386557508e+00
1                                      6.0076073206619514e+00
2                                      8.3772840124852692e+00
3                                      1.4378708772189182e+01
4                                      1.6319611163768666e+01
5                                      8.3699561157533680e+00
6                                      6.0168034790356009e+00
7                                      6.3337709105922135e+00
8                                      1.6106062184916581e+01
9                                      6.3454909920582852e+00
10                                     1.6076702689340067e+01
11                                     1.4379715080250588e+01
12                                     1.6337744239033540e+01
13                                     8.3543469522274343e+00
14                                     6.0257906086081245e+00
15                                     6.2933737180438341e+00
16                                     8.3775674920118188e+00
17                                     6.0136894012505566e+00
18                                     6.2811008542307114e+00
19                                     8.6973460650275503e-01
20                                     8.9883736965144623e-01
21                                     8.8373365332203668e-01
22                                     8.9493685187439231e-01
23                                     9.0445607099753600e-01
24                                     8.8509655570409929e-01
25                                     8.8077716729715727e-01
26                                     8.5179070779429999e-01
27                                     8.8156887327521405e-01
28                                     8.8557604947102597e-01
29                                     8.0626311807525686e-01
30                                     8.0806353715872359e-01
31                                     8.8386421090039047e-01
32                                     8.8592213684504062e-01
33                                     8.8899105671477674e-01
34                                     8.7712138139227414e-01
35                                     8.8523334280059884e-01
36                                     8.9312085324299628e-01
37                                     8.9519023332917480e-01
38                                     8.8220689868084645e-01
39                                     8.8101446436529940e-01
40                                     8.8638283549126473e-01
   &ZA [&Type "ArrayOfDoubles", &Dim (41,1)] "Total nuclear charge"
                                                         0

0                                      6.0000000000000000e+00
1                                      6.0000000000000000e+00
2                                      8.0000000000000000e+00
3                                      1.5000000000000000e+01
4                                      1.6000000000000000e+01
5                                      8.0000000000000000e+00
6                                      6.0000000000000000e+00
7                                      6.0000000000000000e+00
8                                      1.6000000000000000e+01
9                                      6.0000000000000000e+00
10                                     1.6000000000000000e+01
11                                     1.5000000000000000e+01
12                                     1.6000000000000000e+01
13                                     8.0000000000000000e+00
14                                     6.0000000000000000e+00
15                                     6.0000000000000000e+00
16                                     8.0000000000000000e+00
17                                     6.0000000000000000e+00
18                                     6.0000000000000000e+00
19                                     1.0000000000000000e+00
20                                     1.0000000000000000e+00
21                                     1.0000000000000000e+00
22                                     1.0000000000000000e+00
23                                     1.0000000000000000e+00
24                                     1.0000000000000000e+00
25                                     1.0000000000000000e+00
26                                     1.0000000000000000e+00
27                                     1.0000000000000000e+00
28                                     1.0000000000000000e+00
29                                     1.0000000000000000e+00
30                                     1.0000000000000000e+00
31                                     1.0000000000000000e+00
32                                     1.0000000000000000e+00
33                                     1.0000000000000000e+00
34                                     1.0000000000000000e+00
35                                     1.0000000000000000e+00
36                                     1.0000000000000000e+00
37                                     1.0000000000000000e+00
38                                     1.0000000000000000e+00
39                                     1.0000000000000000e+00
40                                     1.0000000000000000e+00
   &QA [&Type "ArrayOfDoubles", &Dim (41,1)] "Mulliken gross atomic charge"
                                                         0

0                                     -2.9479203865575077e-01
1                                     -7.6073206619513556e-03
2                                     -3.7728401248526922e-01
3                                      6.2129122781081847e-01
4                                     -3.1961116376866627e-01
5                                     -3.6995611575336795e-01
6                                     -1.6803479035600866e-02
7                                     -3.3377091059221353e-01
8                                     -1.0606218491658126e-01
9                                     -3.4549099205828515e-01
10                                    -7.6702689340066854e-02
11                                     6.2028491974941247e-01
12                                    -3.3774423903354034e-01
13                                    -3.5434695222743429e-01
14                                    -2.5790608608124543e-02
15                                    -2.9337371804383405e-01
16                                    -3.7756749201181883e-01
17                                    -1.3689401250556621e-02
18                                    -2.8110085423071141e-01
19                                     1.3026539349724497e-01
20                                     1.0116263034855377e-01
21                                     1.1626634667796332e-01
22                                     1.0506314812560769e-01
23                                     9.5543929002464001e-02
24                                     1.1490344429590071e-01
25                                     1.1922283270284273e-01
26                                     1.4820929220570001e-01
27                                     1.1843112672478595e-01
28                                     1.1442395052897403e-01
29                                     1.9373688192474314e-01
30                                     1.9193646284127641e-01
31                                     1.1613578909960953e-01
32                                     1.1407786315495938e-01
33                                     1.1100894328522326e-01
34                                     1.2287861860772586e-01
35                                     1.1476665719940116e-01
36                                     1.0687914675700372e-01
37                                     1.0480976667082520e-01
38                                     1.1779310131915355e-01
39                                     1.1898553563470060e-01
40                                     1.1361716450873527e-01
   &VA [&Type "ArrayOfDoubles", &Dim (41,1)] "Mayer's total valence"
                                                         0

0                                      3.9924272139325261e+00
1                                      4.0194951301136532e+00
2                                      2.1653846203633806e+00
3                                      4.9329308173635953e+00
4                                      2.0255209056720345e+00
5                                      2.1715505211828456e+00
6                                      4.0121398995033601e+00
7                                      4.0030926352739558e+00
8                                      2.2924520139705753e+00
9                                      3.8429192819378555e+00
10                                     2.2819319324662120e+00
11                                     4.9490742396339318e+00
12                                     2.0474400038917477e+00
13                                     2.1988800838183962e+00
14                                     3.9994700338374702e+00
15                                     3.9842712599664072e+00
16                                     2.1704267514053552e+00
17                                     3.9674686851364558e+00
18                                     4.0047407429312658e+00
19                                     9.8094409854893005e-01
20                                     9.5335343772454217e-01
21                                     9.8000559952047839e-01
22                                     9.8106651078104656e-01
23                                     9.4803167051956472e-01
24                                     9.4783095225166825e-01
25                                     9.5608564964191278e-01
26                                     9.7251814314709450e-01
27                                     9.5921597281406401e-01
28                                     9.5238818096402067e-01
29                                     9.6737865717695670e-01
30                                     9.6432181750488266e-01
31                                     9.4585106353184323e-01
32                                     9.7940501778583555e-01
33                                     9.5509093010940427e-01
34                                     9.8553950589665662e-01
35                                     9.6027045752336249e-01
36                                     9.9079852057521489e-01
37                                     9.5836731410313725e-01
38                                     9.5839187172351525e-01
39                                     9.5990035923693950e-01
40                                     9.5433290712067265e-01
   &BVA [&Type "ArrayOfDoubles", &Dim (41,1)] "Mayer's bonded valence"
                                                         0

0                                      3.9924272139325647e+00
1                                      4.0194951301136648e+00
2                                      2.1653846203632683e+00
3                                      4.9329308173634878e+00
4                                      2.0255209056719710e+00
5                                      2.1715505211828514e+00
6                                      4.0121398995033513e+00
7                                      4.0030926352739522e+00
8                                      2.2924520139705500e+00
9                                      3.8429192819378768e+00
10                                     2.2819319324661622e+00
11                                     4.9490742396339806e+00
12                                     2.0474400038915954e+00
13                                     2.1988800838184512e+00
14                                     3.9994700338374396e+00
15                                     3.9842712599664161e+00
16                                     2.1704267514052891e+00
17                                     3.9674686851364593e+00
18                                     4.0047407429313573e+00
19                                     9.8094409854892683e-01
20                                     9.5335343772454773e-01
21                                     9.8000559952048139e-01
22                                     9.8106651078104368e-01
23                                     9.4803167051956616e-01
24                                     9.4783095225166492e-01
25                                     9.5608564964191922e-01
26                                     9.7251814314709195e-01
27                                     9.5921597281406168e-01
28                                     9.5238818096401545e-01
29                                     9.6737865717695937e-01
30                                     9.6432181750488744e-01
31                                     9.4585106353184045e-01
32                                     9.7940501778583566e-01
33                                     9.5509093010939949e-01
34                                     9.8553950589666062e-01
35                                     9.6027045752336493e-01
36                                     9.9079852057522100e-01
37                                     9.5836731410313902e-01
38                                     9.5839187172352680e-01
39                                     9.5990035923694328e-01
40                                     9.5433290712067709e-01
   &FA [&Type "ArrayOfDoubles", &Dim (41,1)] "Mayer's free valence"
                                                         0

0                                      0.0000000000000000e+00
1                                      0.0000000000000000e+00
2                                      0.0000000000000000e+00
3                                      0.0000000000000000e+00
4                                      0.0000000000000000e+00
5                                      0.0000000000000000e+00
6                                      0.0000000000000000e+00
7                                      0.0000000000000000e+00
8                                      0.0000000000000000e+00
9                                      0.0000000000000000e+00
10                                     0.0000000000000000e+00
11                                     0.0000000000000000e+00
12                                     0.0000000000000000e+00
13                                     0.0000000000000000e+00
14                                     0.0000000000000000e+00
15                                     0.0000000000000000e+00
16                                     0.0000000000000000e+00
17                                     0.0000000000000000e+00
18                                     0.0000000000000000e+00
19                                     0.0000000000000000e+00
20                                     0.0000000000000000e+00
21                                     0.0000000000000000e+00
22                                     0.0000000000000000e+00
23                                     0.0000000000000000e+00
24                                     0.0000000000000000e+00
25                                     0.0000000000000000e+00
26                                     0.0000000000000000e+00
27                                     0.0000000000000000e+00
28                                     0.0000000000000000e+00
29                                     0.0000000000000000e+00
30                                     0.0000000000000000e+00
31                                     0.0000000000000000e+00
32                                     0.0000000000000000e+00
33                                     0.0000000000000000e+00
34                                     0.0000000000000000e+00
35                                     0.0000000000000000e+00
36                                     0.0000000000000000e+00
37                                     0.0000000000000000e+00
38                                     0.0000000000000000e+00
39                                     0.0000000000000000e+00
40                                     0.0000000000000000e+00
$End
$VdW_Correction
   &GeometryIndex 1
   &ListStatus       OUT
   &VDW [&Type "Double"]      -6.7068659458234869e-02
$End
$Calculation_Info
   &GeometryIndex 1
   &ListStatus       OUT
   &MULT [&Type "Integer"] 1
   &CHARGE [&Type "Integer"] 0
   &NUMOFATOMS [&Type "Integer"] 41
   &NUMOFELECTRONS [&Type "Integer"] 202
   &NUMOFFCELECTRONS [&Type "Integer"] 1
   &NUMOFCORRELECTRONS [&Type "Integer"] 0
   &NUMOFBASISFUNCTS [&Type "Integer"] 334
   &NUMOFAUXCBASISFUNCTS [&Type "Integer"] 0
   &NUMOFAUXJBASISFUNCTS [&Type "Integer"] 1185
   &NUMOFAUXJKBASISFUNCTS [&Type "Integer"] 0
   &NUMOFCABSBASISFUNCTS [&Type "Integer"] 0
   &TOTALENERGY [&Type "Double"]      -2.9295224888510916e+03  "Hartrees"
$End
$SCF_Dipole_Moment
   &GeometryIndex 1
   &ListStatus       OUT
   &METHOD [&Type "String"] "SCF"
   &LEVEL [&Type "String"] "Relaxed density"
   &MULT [&Type "Integer"] 1
   &STATE [&Type "Integer"] -1
   &IRREP [&Type "Integer"] 0
   &NATOMS [&Type "Integer"] 41
   &DODIPOLEATOM [&Type "Boolean"] false
   &DIPOLEELECCONTRIB [&Type "ArrayOfDoubles", &Dim (3,1)] "Electronic contribution"
                                                         0

0                                      1.1479402602142246e+01
1                                      6.0251300780707338e+00
2                                     -1.9154901389965310e+01
   &DIPOLENUCCONTRIB [&Type "ArrayOfDoubles", &Dim (3,1)] "Nuclear contribution"
                                                         0

0                                     -1.2128906512102596e+01
1                                     -6.0775784042214305e+00
2                                      2.0606387029308284e+01
   &DIPOLETOTAL [&Type "ArrayOfDoubles", &Dim (3,1)] "Total"
                                                         0

0                                     -6.4950390996034990e-01
1                                     -5.2448326150696722e-02
2                                      1.4514856393429731e+00
   &DIPOLEMAGNITUDE [&Type "Double", &Units "a.u."]       1.5910426509646658e+00
$End
