*************************************************
******************* ORCA 6.0.0 ******************
*************************************************
$Calculation_Status
   &GeometryIndex 1
   &ListStatus       OUT
   &VERSION [&Type "String"] "6.0.0"
   &PROGNAME [&Type "String"] "LeanSCF"
   &STATUS [&Type "String"] "NORMAL TERMINATION"
$End
$Geometry
   &GeometryIndex 1
   &ListStatus       OUT
   &NATOMS [&Type "Integer"] 41
   &NCORELESSECP [&Type "Integer"] 0
   &NGHOSTATOMS [&Type "Integer"] 0
   &CartesianCoordinates [&Type "Coordinates", &Dim(41,4), &Units "Bohr"] 
              C      6.437194515696    4.006143125118   -1.856343538029
              C      6.685975124791    2.225717431754    0.372725072823
              O      5.671476983186   -0.225684102276   -0.255659304063
              P      3.470563281627   -1.646179784270    1.222270094696
              S      2.156448881209    0.178860442051    4.171941114381
              O      4.546921854079   -4.376329052114    1.875083769741
              C      5.703363300728   -4.948381538601    4.269877486710
              C      8.231551694174   -3.635754696580    4.566148315916
              S      1.181731296797   -2.991868410558   -1.751187275009
              C      0.995593786990   -0.140077433112   -3.662524703069
              S     -0.198511229608    2.558880982138   -1.927927792426
              P     -3.806676182769    1.054565061849   -1.129823633222
              S     -5.324252210240   -0.933083760138   -3.874425459453
              O     -5.459636565568    3.379117293514   -0.201265289074
              C     -6.929386925941    4.883958194085   -1.927367090084
              C     -5.273908262916    6.493011294341   -3.619009390923
              O     -3.195501253602   -0.338321515916    1.449093583534
              C     -5.005668893431   -0.861186569739    3.417278864502
              C     -7.048821185408   -2.667041537624    2.550336694839
              H      7.382463355045    5.767823525706   -1.400465035675
              H      7.315089043868    3.182621251037   -3.519532576777
              H      4.456999641721    4.396623698466   -2.252552811995
              H      5.686667087132    2.955890704789    2.032146814589
              H      8.669439534514    1.906773292148    0.846452578596
              H      4.407730079482   -4.380154528851    5.780263664655
              H      5.901110658624   -7.000151039574    4.248843388821
              H      9.437019559370   -4.051729881164    2.955863356672
              H      7.947095774608   -1.600270398872    4.689913167600
              H      9.139719022173   -4.286480107273    6.286328752115
              H     -0.291414422015   -0.587788033236   -5.208325120339
              H      2.862175437914    0.360561038925   -4.359168230829
              H     -8.108317848163    3.613649851329   -3.057225016545
              H     -8.112450048994    6.035534530976   -0.693362870216
              H     -6.455266579175    7.762204517643   -4.713981530712
              H     -3.952259745689    7.588686291877   -2.490916358311
              H     -4.209475337300    5.292032635715   -4.907465465950
              H     -3.848852249595   -1.672406490716    4.921620209356
              H     -5.808232504333    0.931429138801    4.051861222232
              H     -8.272559667041   -3.120425147381    4.132677507834
              H     -8.169960221244   -1.803286082115    1.055110906219
              H     -6.209175478202   -4.395146362353    1.818855557842
$End
$SCF_Energy
   &GeometryIndex 1
   &ListStatus       OUT
   &SCF_ENERGY [&Type "Double"]      -2.9296351097524603e+03
$End
$DFT_Energy
   &GeometryIndex 1
   &ListStatus       OUT
   &NALPHAEL [&Type "Integer"] 101
   &NBETAEL [&Type "Integer"] 101
   &NTOTALEL [&Type "Integer"] 201
   &EEXCHANGE [&Type "Double"]      -2.3180548824548026e+02
   &ECORR [&Type "Double"]      -7.2971065207833430e+00
   &ECNL [&Type "Double"]       0.0000000000000000e+00
   &EXC [&Type "Double"]      -2.3910259476626359e+02
   &EEMBED [&Type "Double"]       0.0000000000000000e+00
   &FINALEN [&Type "Double"]      -2.9296351097524603e+03  "No Van der Waals correction"
$End
$Mulliken_Population_Analysis
   &GeometryIndex 1
   &ListStatus       OUT
   &NATOMS [&Type "Integer"] 41
   &ATNO [&Type "ArrayOfIntegers", &Dim (41,1)] 
                                                         0

0                                                        6
1                                                        6
2                                                        8
3                                                       15
4                                                       16
5                                                        8
6                                                        6
7                                                        6
8                                                       16
9                                                        6
10                                                      16
11                                                      15
12                                                      16
13                                                       8
14                                                       6
15                                                       6
16                                                       8
17                                                       6
18                                                       6
19                                                       1
20                                                       1
21                                                       1
22                                                       1
23                                                       1
24                                                       1
25                                                       1
26                                                       1
27                                                       1
28                                                       1
29                                                       1
30                                                       1
31                                                       1
32                                                       1
33                                                       1
34                                                       1
35                                                       1
36                                                       1
37                                                       1
38                                                       1
39                                                       1
40                                                       1
   &ATOMICCHARGES [&Type "ArrayOfDoubles", &Dim (41,1)] 
                                                         0

0                                     -3.0485482400656139e-01
1                                     -1.7394103700051566e-02
2                                     -3.8568108182529670e-01
3                                      6.3093266316169583e-01
4                                     -3.1957461838437951e-01
5                                     -3.7744182281301342e-01
6                                     -1.8355835699539469e-03
7                                     -3.1650156724859002e-01
8                                     -6.0591739567666281e-02
9                                     -3.6547640643193713e-01
10                                    -1.0614328456313515e-01
11                                     6.4857211991106922e-01
12                                    -3.3489619329530029e-01
13                                    -3.7862133136859555e-01
14                                    -5.6768339350723451e-03
15                                    -3.1463056611905493e-01
16                                    -3.5082047810978878e-01
17                                     1.4622670412638428e-03
18                                    -3.1136562931162626e-01
19                                     1.1325921729606503e-01
20                                     1.1814213679105268e-01
21                                     1.3202991939968056e-01
22                                     1.1528024528268421e-01
23                                     1.0378208317147541e-01
24                                     1.1023118998837877e-01
25                                     1.0497270062687170e-01
26                                     1.1745525942460366e-01
27                                     1.2117149682651029e-01
28                                     1.1279568394592843e-01
29                                     1.9251563014881912e-01
30                                     1.8773542468203064e-01
31                                     1.1275199547732995e-01
32                                     1.0498990908918360e-01
33                                     1.1390620985801181e-01
34                                     1.1788249413994878e-01
35                                     1.2590199401934354e-01
36                                     1.0761101356646852e-01
37                                     1.0462326190408522e-01
38                                     1.0669907528941358e-01
39                                     1.2123718728835597e-01
40                                     1.2556488591970449e-01
$End
$Loewdin_Population_Analysis
   &GeometryIndex 1
   &ListStatus       OUT
   &NATOMS [&Type "Integer"] 41
   &ATNO [&Type "ArrayOfIntegers", &Dim (41,1)] 
                                                         0

0                                                        6
1                                                        6
2                                                        8
3                                                       15
4                                                       16
5                                                        8
6                                                        6
7                                                        6
8                                                       16
9                                                        6
10                                                      16
11                                                      15
12                                                      16
13                                                       8
14                                                       6
15                                                       6
16                                                       8
17                                                       6
18                                                       6
19                                                       1
20                                                       1
21                                                       1
22                                                       1
23                                                       1
24                                                       1
25                                                       1
26                                                       1
27                                                       1
28                                                       1
29                                                       1
30                                                       1
31                                                       1
32                                                       1
33                                                       1
34                                                       1
35                                                       1
36                                                       1
37                                                       1
38                                                       1
39                                                       1
40                                                       1
   &ATOMICCHARGES [&Type "ArrayOfDoubles", &Dim (41,1)] 
                                                         0

0                                      8.3621506525462874e-06
1                                      6.2184344279614975e-05
2                                      2.5817049515967287e-04
3                                      1.4079404670049405e-05
4                                      1.6142563010580677e-05
5                                      4.4154676443360525e-05
6                                      9.1900673785110077e-06
7                                      6.6169027662682655e-07
8                                      2.9406931603527007e-05
9                                      2.1045568181675379e-04
10                                     4.5408030691641073e-04
11                                     4.6583716178880033e-02
12                                     2.4777729668092800e-04
13                                     5.2085838758419567e-01
14                                     9.6083744464106252e-02
15                                     2.2321352741175794e-03
16                                     2.9771103371403040e-01
17                                     3.3167107893743324e-02
18                                     4.9746511384057563e-04
19                                     6.5861697907286030e-07
20                                     1.0677698927502078e-07
21                                     3.3768873744646411e-06
22                                     5.2992267585517737e-07
23                                     2.0892681886410069e-07
24                                     3.0498868078351798e-07
25                                     3.4417715866969566e-09
26                                     3.5791036152530013e-09
27                                     4.1258298816537472e-08
28                                     3.3465866933510022e-08
29                                     7.2800337089117442e-06
30                                     1.6510109741183991e-05
31                                     1.6488846945141082e-04
32                                     6.6959944676010027e-04
33                                     1.4441095903277879e-04
34                                     4.2211631694584329e-06
35                                     1.8007640451386232e-05
36                                     3.2714712197598841e-04
37                                     5.0708884548466696e-05
38                                     6.0192064420228330e-05
39                                     3.2774579862755301e-05
40                                     1.0735830514276510e-05
$End
$Mayer_Population_Analysis
   &GeometryIndex 1
   &ListStatus       OUT
   &NATOMS [&Type "Integer"] 41 "Total number of atoms"
   &BONDTHRESH [&Type "Double"]       1.0000000000000001e-01  "The threshold for printing"
   &NBONDORDERSPRINT [&Type "Integer"] 42 "The number of bond orders larger than threshold"
   &BONDORDERS [&Type "ArrayOfDoubles", &Dim (42,1)] "The bond orders"
                                                         0

0                                      1.1668021893635512e+00
1                                      9.3769363035924025e-01
2                                      9.4429454097550503e-01
3                                      9.3096154469825598e-01
4                                      9.0846293568845105e-01
5                                      8.9643362939435378e-01
6                                      9.3044842785201087e-01
7                                      1.0901630640696522e+00
8                                      1.6121665562404350e+00
9                                      1.1126845608511609e+00
10                                     9.6905579340835801e-01
11                                     1.0511691419676462e-01
12                                     9.1671620736517700e-01
13                                     1.1605876948776175e+00
14                                     9.1328668253973322e-01
15                                     9.3413863747905690e-01
16                                     9.4648565252402983e-01
17                                     9.3302011756781478e-01
18                                     9.3906193503532920e-01
19                                     1.0049850294150886e+00
20                                     1.0092718097530482e+00
21                                     8.8248348894661710e-01
22                                     8.9841712008314467e-01
23                                     9.3413060124521963e-01
24                                     1.1265036949866800e-01
25                                     1.6048921526901565e+00
26                                     1.0943463621382112e+00
27                                     1.1400822858451978e+00
28                                     9.0538970557643217e-01
29                                     1.1670558321552362e+00
30                                     9.1314889809169864e-01
31                                     9.3286781011323938e-01
32                                     9.3780532317349352e-01
33                                     9.4531944350902541e-01
34                                     9.3424263272657293e-01
35                                     9.0846303709650178e-01
36                                     1.1632116576278309e+00
37                                     9.2807582154522206e-01
38                                     9.3099879213291170e-01
39                                     9.3768689985459319e-01
40                                     9.3736458768406594e-01
41                                     9.4577140696974227e-01
   &COMPONENTS [&Type "ArrayOfIntegers", &Dim (42,4)] "The indices and atomic numbers of the bonding atoms"
                                                         0                           1                           2                           3

0                                                        0                           6                           1                           6
1                                                        0                           6                          19                           1
2                                                        0                           6                          20                           1
3                                                        0                           6                          21                           1
4                                                        1                           6                           2                           8
5                                                        1                           6                          22                           1
6                                                        1                           6                          23                           1
7                                                        2                           8                           3                          15
8                                                        3                          15                           4                          16
9                                                        3                          15                           5                           8
10                                                       3                          15                           8                          16
11                                                       4                          16                           8                          16
12                                                       5                           8                           6                           6
13                                                       6                           6                           7                           6
14                                                       6                           6                          24                           1
15                                                       6                           6                          25                           1
16                                                       7                           6                          26                           1
17                                                       7                           6                          27                           1
18                                                       7                           6                          28                           1
19                                                       8                          16                           9                           6
20                                                       9                           6                          10                          16
21                                                       9                           6                          29                           1
22                                                       9                           6                          30                           1
23                                                      10                          16                          11                          15
24                                                      10                          16                          12                          16
25                                                      11                          15                          12                          16
26                                                      11                          15                          13                           8
27                                                      11                          15                          16                           8
28                                                      13                           8                          14                           6
29                                                      14                           6                          15                           6
30                                                      14                           6                          31                           1
31                                                      14                           6                          32                           1
32                                                      15                           6                          33                           1
33                                                      15                           6                          34                           1
34                                                      15                           6                          35                           1
35                                                      16                           8                          17                           6
36                                                      17                           6                          18                           6
37                                                      17                           6                          36                           1
38                                                      17                           6                          37                           1
39                                                      18                           6                          38                           1
40                                                      18                           6                          39                           1
41                                                      18                           6                          40                           1
   &ATNO [&Type "ArrayOfIntegers", &Dim (41,1)] "Atomic number of the elements"
                                                         0

0                                                        6
1                                                        6
2                                                        8
3                                                       15
4                                                       16
5                                                        8
6                                                        6
7                                                        6
8                                                       16
9                                                        6
10                                                      16
11                                                      15
12                                                      16
13                                                       8
14                                                       6
15                                                       6
16                                                       8
17                                                       6
18                                                       6
19                                                       1
20                                                       1
21                                                       1
22                                                       1
23                                                       1
24                                                       1
25                                                       1
26                                                       1
27                                                       1
28                                                       1
29                                                       1
30                                                       1
31                                                       1
32                                                       1
33                                                       1
34                                                       1
35                                                       1
36                                                       1
37                                                       1
38                                                       1
39                                                       1
40                                                       1
   &NA [&Type "ArrayOfDoubles", &Dim (41,1)] "Mulliken gross atomic population"
                                                         0

0                                      6.3048548240065676e+00
1                                      6.0173941037000391e+00
2                                      8.3856810818252896e+00
3                                      1.4369067336838306e+01
4                                      1.6319574618384351e+01
5                                      8.3774418228129939e+00
6                                      6.0018355835699317e+00
7                                      6.3165015672485971e+00
8                                      1.6060591739567705e+01
9                                      6.3654764064319247e+00
10                                     1.6106143284563135e+01
11                                     1.4351427880088917e+01
12                                     1.6334896193295332e+01
13                                     8.3786213313686133e+00
14                                     6.0056768339350546e+00
15                                     6.3146305661190345e+00
16                                     8.3508204781097763e+00
17                                     5.9985377329587291e+00
18                                     6.3113656293116218e+00
19                                     8.8674078270393530e-01
20                                     8.8185786320894755e-01
21                                     8.6797008060031933e-01
22                                     8.8471975471731545e-01
23                                     8.9621791682852525e-01
24                                     8.8976881001162089e-01
25                                     8.9502729937312897e-01
26                                     8.8254474057539667e-01
27                                     8.7882850317348926e-01
28                                     8.8720431605407302e-01
29                                     8.0748436985118166e-01
30                                     8.1226457531796847e-01
31                                     8.8724800452267094e-01
32                                     8.9501009091081696e-01
33                                     8.8609379014198764e-01
34                                     8.8211750586005100e-01
35                                     8.7409800598065701e-01
36                                     8.9238898643353226e-01
37                                     8.9537673809591456e-01
38                                     8.9330092471058664e-01
39                                     8.7876281271164292e-01
40                                     8.7443511408029573e-01
   &ZA [&Type "ArrayOfDoubles", &Dim (41,1)] "Total nuclear charge"
                                                         0

0                                      6.0000000000000000e+00
1                                      6.0000000000000000e+00
2                                      8.0000000000000000e+00
3                                      1.5000000000000000e+01
4                                      1.6000000000000000e+01
5                                      8.0000000000000000e+00
6                                      6.0000000000000000e+00
7                                      6.0000000000000000e+00
8                                      1.6000000000000000e+01
9                                      6.0000000000000000e+00
10                                     1.6000000000000000e+01
11                                     1.5000000000000000e+01
12                                     1.6000000000000000e+01
13                                     8.0000000000000000e+00
14                                     6.0000000000000000e+00
15                                     6.0000000000000000e+00
16                                     8.0000000000000000e+00
17                                     6.0000000000000000e+00
18                                     6.0000000000000000e+00
19                                     1.0000000000000000e+00
20                                     1.0000000000000000e+00
21                                     1.0000000000000000e+00
22                                     1.0000000000000000e+00
23                                     1.0000000000000000e+00
24                                     1.0000000000000000e+00
25                                     1.0000000000000000e+00
26                                     1.0000000000000000e+00
27                                     1.0000000000000000e+00
28                                     1.0000000000000000e+00
29                                     1.0000000000000000e+00
30                                     1.0000000000000000e+00
31                                     1.0000000000000000e+00
32                                     1.0000000000000000e+00
33                                     1.0000000000000000e+00
34                                     1.0000000000000000e+00
35                                     1.0000000000000000e+00
36                                     1.0000000000000000e+00
37                                     1.0000000000000000e+00
38                                     1.0000000000000000e+00
39                                     1.0000000000000000e+00
40                                     1.0000000000000000e+00
   &QA [&Type "ArrayOfDoubles", &Dim (41,1)] "Mulliken gross atomic charge"
                                                         0

0                                     -3.0485482400656760e-01
1                                     -1.7394103700039132e-02
2                                     -3.8568108182528960e-01
3                                      6.3093266316169405e-01
4                                     -3.1957461838435108e-01
5                                     -3.7744182281299388e-01
6                                     -1.8355835699317424e-03
7                                     -3.1650156724859713e-01
8                                     -6.0591739567705361e-02
9                                     -3.6547640643192469e-01
10                                    -1.0614328456313515e-01
11                                     6.4857211991108343e-01
12                                    -3.3489619329533227e-01
13                                    -3.7862133136861331e-01
14                                    -5.6768339350545816e-03
15                                    -3.1463056611903450e-01
16                                    -3.5082047810977635e-01
17                                     1.4622670412709482e-03
18                                    -3.1136562931162182e-01
19                                     1.1325921729606470e-01
20                                     1.1814213679105245e-01
21                                     1.3202991939968067e-01
22                                     1.1528024528268455e-01
23                                     1.0378208317147475e-01
24                                     1.1023118998837911e-01
25                                     1.0497270062687103e-01
26                                     1.1745525942460333e-01
27                                     1.2117149682651074e-01
28                                     1.1279568394592698e-01
29                                     1.9251563014881834e-01
30                                     1.8773542468203153e-01
31                                     1.1275199547732906e-01
32                                     1.0498990908918304e-01
33                                     1.1390620985801236e-01
34                                     1.1788249413994900e-01
35                                     1.2590199401934299e-01
36                                     1.0761101356646774e-01
37                                     1.0462326190408544e-01
38                                     1.0669907528941336e-01
39                                     1.2123718728835708e-01
40                                     1.2556488591970427e-01
   &VA [&Type "ArrayOfDoubles", &Dim (41,1)] "Mayer's total valence"
                                                         0

0                                      3.9986066683415054e+00
1                                      3.9830430232220637e+00
2                                      2.1653092404438476e+00
3                                      4.9389019925506892e+00
4                                      2.0832663467091557e+00
5                                      2.1714374108239261e+00
6                                      4.0032495630574285e+00
7                                      3.9863884302388564e+00
8                                      2.2556774684640297e+00
9                                      3.8547223374181430e+00
10                                     2.2952487811989117e+00
11                                     4.9338647660131825e+00
12                                     2.0512264536695626e+00
13                                     2.1860731201751276e+00
14                                     3.9997119458880745e+00
15                                     3.9886351845074612e+00
16                                     2.1978442717582261e+00
17                                     4.0208255873098260e+00
18                                     3.9948637349965597e+00
19                                     9.5548694096522069e-01
20                                     9.5505988681128917e-01
21                                     9.6779024711635320e-01
22                                     1.0030478763503747e+00
23                                     9.4655076847568675e-01
24                                     9.8530760506671455e-01
25                                     9.4921975804684311e-01
26                                     9.5860215343627497e-01
27                                     9.8302604105111147e-01
28                                     9.5406502627411560e-01
29                                     9.6928958297619350e-01
30                                     9.4825924708052300e-01
31                                     9.8486248649469943e-01
32                                     9.4919029190344251e-01
33                                     9.5500999827409438e-01
34                                     9.6065958436431842e-01
35                                     9.8532365043156289e-01
36                                     9.6426717036406939e-01
37                                     9.5970300996805102e-01
38                                     9.5333206616763266e-01
39                                     9.7808895789897066e-01
40                                     9.6258434129404669e-01
   &BVA [&Type "ArrayOfDoubles", &Dim (41,1)] "Mayer's bonded valence"
                                                         0

0                                      3.9986066683415133e+00
1                                      3.9830430232221010e+00
2                                      2.1653092404438641e+00
3                                      4.9389019925507176e+00
4                                      2.0832663467092556e+00
5                                      2.1714374108239767e+00
6                                      4.0032495630574285e+00
7                                      3.9863884302388519e+00
8                                      2.2556774684639600e+00
9                                      3.8547223374182393e+00
10                                     2.2952487811989721e+00
11                                     4.9338647660131691e+00
12                                     2.0512264536695191e+00
13                                     2.1860731201750165e+00
14                                     3.9997119458881025e+00
15                                     3.9886351845074652e+00
16                                     2.1978442717582749e+00
17                                     4.0208255873098384e+00
18                                     3.9948637349965770e+00
19                                     9.5548694096522202e-01
20                                     9.5505988681129539e-01
21                                     9.6779024711635409e-01
22                                     1.0030478763503816e+00
23                                     9.4655076847568265e-01
24                                     9.8530760506671644e-01
25                                     9.4921975804683278e-01
26                                     9.5860215343627297e-01
27                                     9.8302604105111047e-01
28                                     9.5406502627411238e-01
29                                     9.6928958297619872e-01
30                                     9.4825924708053744e-01
31                                     9.8486248649469565e-01
32                                     9.4919029190344584e-01
33                                     9.5500999827409394e-01
34                                     9.6065958436431476e-01
35                                     9.8532365043156256e-01
36                                     9.6426717036407217e-01
37                                     9.5970300996804736e-01
38                                     9.5333206616763644e-01
39                                     9.7808895789897332e-01
40                                     9.6258434129404469e-01
   &FA [&Type "ArrayOfDoubles", &Dim (41,1)] "Mayer's free valence"
                                                         0

0                                      0.0000000000000000e+00
1                                      0.0000000000000000e+00
2                                      0.0000000000000000e+00
3                                      0.0000000000000000e+00
4                                      0.0000000000000000e+00
5                                      0.0000000000000000e+00
6                                      0.0000000000000000e+00
7                                      0.0000000000000000e+00
8                                      0.0000000000000000e+00
9                                      0.0000000000000000e+00
10                                     0.0000000000000000e+00
11                                     0.0000000000000000e+00
12                                     0.0000000000000000e+00
13                                     0.0000000000000000e+00
14                                     0.0000000000000000e+00
15                                     0.0000000000000000e+00
16                                     0.0000000000000000e+00
17                                     0.0000000000000000e+00
18                                     0.0000000000000000e+00
19                                     0.0000000000000000e+00
20                                     0.0000000000000000e+00
21                                     0.0000000000000000e+00
22                                     0.0000000000000000e+00
23                                     0.0000000000000000e+00
24                                     0.0000000000000000e+00
25                                     0.0000000000000000e+00
26                                     0.0000000000000000e+00
27                                     0.0000000000000000e+00
28                                     0.0000000000000000e+00
29                                     0.0000000000000000e+00
30                                     0.0000000000000000e+00
31                                     0.0000000000000000e+00
32                                     0.0000000000000000e+00
33                                     0.0000000000000000e+00
34                                     0.0000000000000000e+00
35                                     0.0000000000000000e+00
36                                     0.0000000000000000e+00
37                                     0.0000000000000000e+00
38                                     0.0000000000000000e+00
39                                     0.0000000000000000e+00
40                                     0.0000000000000000e+00
$End
$VdW_Correction
   &GeometryIndex 1
   &ListStatus       OUT
   &VDW [&Type "Double"]      -6.7180617385213554e-02
$End
$Calculation_Info
   &GeometryIndex 1
   &ListStatus       OUT
   &MULT [&Type "Integer"] 1
   &CHARGE [&Type "Integer"] 0
   &NUMOFATOMS [&Type "Integer"] 41
   &NUMOFELECTRONS [&Type "Integer"] 202
   &NUMOFFCELECTRONS [&Type "Integer"] 1
   &NUMOFCORRELECTRONS [&Type "Integer"] 0
   &NUMOFBASISFUNCTS [&Type "Integer"] 334
   &NUMOFAUXCBASISFUNCTS [&Type "Integer"] 0
   &NUMOFAUXJBASISFUNCTS [&Type "Integer"] 1185
   &NUMOFAUXJKBASISFUNCTS [&Type "Integer"] 0
   &NUMOFCABSBASISFUNCTS [&Type "Integer"] 0
   &TOTALENERGY [&Type "Double"]      -2.9295175460563455e+03  "Hartrees"
$End
$SCF_Dipole_Moment
   &GeometryIndex 1
   &ListStatus       OUT
   &METHOD [&Type "String"] "SCF"
   &LEVEL [&Type "String"] "Relaxed density"
   &MULT [&Type "Integer"] 1
   &STATE [&Type "Integer"] -1
   &IRREP [&Type "Integer"] 0
   &NATOMS [&Type "Integer"] 41
   &DODIPOLEATOM [&Type "Boolean"] false
   &DIPOLEELECCONTRIB [&Type "ArrayOfDoubles", &Dim (3,1)] "Electronic contribution"
                                                         0

0                                     -4.4806509114482829e+00
1                                     -7.8577099930643266e+00
2                                     -4.7645716874873543e+00
   &DIPOLENUCCONTRIB [&Type "ArrayOfDoubles", &Dim (3,1)] "Nuclear contribution"
                                                         0

0                                      5.0538241831372011e+00
1                                      8.6738489805257313e+00
2                                      5.1028549168846054e+00
   &DIPOLETOTAL [&Type "ArrayOfDoubles", &Dim (3,1)] "Total"
                                                         0

0                                      5.7317327168891818e-01
1                                      8.1613898746140467e-01
2                                      3.3828322939725108e-01
   &DIPOLEMAGNITUDE [&Type "Double", &Units "a.u."]       1.0531125246261857e+00
$End
