*************************************************
******************* ORCA 6.0.0 ******************
*************************************************
$Calculation_Status
   &GeometryIndex 1
   &ListStatus       OUT
   &VERSION [&Type "String"] "6.0.0"
   &PROGNAME [&Type "String"] "LeanSCF"
   &STATUS [&Type "String"] "NORMAL TERMINATION"
$End
$Geometry
   &GeometryIndex 1
   &ListStatus       OUT
   &NATOMS [&Type "Integer"] 41
   &NCORELESSECP [&Type "Integer"] 0
   &NGHOSTATOMS [&Type "Integer"] 0
   &CartesianCoordinates [&Type "Coordinates", &Dim(41,4), &Units "Bohr"] 
              C      6.408937243528   -1.275129265426   -4.847732956680
              C      3.700132192371   -0.460666372770   -4.429391250107
              O      2.866397152237   -1.000217078321   -1.896044782849
              P      3.985608430445    0.442273794353    0.479567544897
              S      5.247985005858    3.883957172688    0.015045263619
              O      6.071905681317   -1.552846968485    1.362015038621
              C      8.060711147979   -0.896075183819    3.087338830878
              C      7.083531528771   -0.479386666170    5.747336142217
              S      0.998206778211   -0.052994545230    3.087521053011
              C      0.121425451044   -3.278066256997    2.368338150137
              S     -1.829338172197   -3.668892433665   -0.465538302928
              P     -3.516029558373   -0.080072691596   -0.851970569837
              S     -1.697018054283    2.887759656749   -2.121564934564
              O     -4.752876342275    0.178380079715    1.892451551943
              C     -5.269991508060    2.589443231129    3.038231341378
              C     -7.592042696447    3.801813729966    1.883330564258
              O     -5.729107132636   -0.693811157853   -2.774350790383
              C     -7.651321051047   -2.586777255955   -2.276719781773
              C    -10.118997439822   -1.668184310386   -3.401247516653
              H      7.663716769527   -0.139903493270   -3.674771336141
              H      6.636860064292   -3.255858344948   -4.354981099627
              H      6.901968333129   -0.994174362857   -6.818695896960
              H      2.380085056660   -1.514904918478   -5.613422961172
              H      3.464390403339    1.566365615713   -4.775100662437
              H      9.355459727951   -2.497104354220    2.989245813480
              H      8.992418890804    0.812530479121    2.385909842671
              H      6.045702162944   -2.125810105303    6.402973308667
              H      8.667151372097   -0.128431583473    7.002149898526
              H      5.830426320536    1.154825689419    5.782417105661
              H     -0.960259736870   -3.936178698231    3.986765441160
              H      1.812637109942   -4.410324087648    2.075367474590
              H     -5.531577187921    2.152810705434    5.035429027377
              H     -3.612099473899    3.805042605044    2.803120881690
              H     -7.263433088602    4.149763985971   -0.120349687404
              H     -9.222302647875    2.570560829273    2.096197771562
              H     -7.963167860228    5.590368468067    2.816034168946
              H     -7.022973593551   -4.340937274641   -3.163649616502
              H     -7.805224840595   -2.865609469409   -0.236715213798
              H    -11.560072296485   -3.099533291256   -3.117826653382
              H    -10.709454159800    0.080283019627   -2.500675257257
              H     -9.886710157468   -1.323727456914   -5.411444213366
$End
$SCF_Energy
   &GeometryIndex 1
   &ListStatus       OUT
   &SCF_ENERGY [&Type "Double"]      -2.9296294023996807e+03
$End
$DFT_Energy
   &GeometryIndex 1
   &ListStatus       OUT
   &NALPHAEL [&Type "Integer"] 101
   &NBETAEL [&Type "Integer"] 101
   &NTOTALEL [&Type "Integer"] 201
   &EEXCHANGE [&Type "Double"]      -2.3180735083188947e+02
   &ECORR [&Type "Double"]      -7.2977517848126814e+00
   &ECNL [&Type "Double"]       0.0000000000000000e+00
   &EXC [&Type "Double"]      -2.3910510261670214e+02
   &EEMBED [&Type "Double"]       0.0000000000000000e+00
   &FINALEN [&Type "Double"]      -2.9296294023996807e+03  "No Van der Waals correction"
$End
$Mulliken_Population_Analysis
   &GeometryIndex 1
   &ListStatus       OUT
   &NATOMS [&Type "Integer"] 41
   &ATNO [&Type "ArrayOfIntegers", &Dim (41,1)] 
                                                         0

0                                                        6
1                                                        6
2                                                        8
3                                                       15
4                                                       16
5                                                        8
6                                                        6
7                                                        6
8                                                       16
9                                                        6
10                                                      16
11                                                      15
12                                                      16
13                                                       8
14                                                       6
15                                                       6
16                                                       8
17                                                       6
18                                                       6
19                                                       1
20                                                       1
21                                                       1
22                                                       1
23                                                       1
24                                                       1
25                                                       1
26                                                       1
27                                                       1
28                                                       1
29                                                       1
30                                                       1
31                                                       1
32                                                       1
33                                                       1
34                                                       1
35                                                       1
36                                                       1
37                                                       1
38                                                       1
39                                                       1
40                                                       1
   &ATOMICCHARGES [&Type "ArrayOfDoubles", &Dim (41,1)] 
                                                         0

0                                     -3.0293668899059245e-01
1                                      1.5497597481202163e-03
2                                     -3.7105099557449073e-01
3                                      6.2562618506321499e-01
4                                     -3.0620507277018660e-01
5                                     -3.7759506661093667e-01
6                                     -6.6785476104094244e-03
7                                     -3.0634587712839068e-01
8                                     -8.9732908885970630e-02
9                                     -3.0972515790220179e-01
10                                    -1.1002869107017688e-01
11                                     6.0779708410040278e-01
12                                    -2.9574628621525179e-01
13                                    -3.9341453931562498e-01
14                                    -7.3112566838045012e-03
15                                    -3.1369520725593247e-01
16                                    -3.6792405351250856e-01
17                                    -2.6824888150939863e-02
18                                    -2.8235884932836264e-01
19                                     1.1995570579197001e-01
20                                     1.1091081105993383e-01
21                                     1.1019839304916101e-01
22                                     1.0210997722672066e-01
23                                     1.1932168097400764e-01
24                                     1.0237014333729721e-01
25                                     1.0996138510331077e-01
26                                     1.0940086859088527e-01
27                                     1.1161409571614822e-01
28                                     1.2448954741003038e-01
29                                     1.8342414687876352e-01
30                                     1.8312179863407807e-01
31                                     9.8583989983033637e-02
32                                     1.2062699426785306e-01
33                                     1.3248603241961554e-01
34                                     1.1145282761163067e-01
35                                     1.1316460416425389e-01
36                                     1.1034682378899840e-01
37                                     1.0737599306399981e-01
38                                     1.0994261411986761e-01
39                                     1.1885345117965262e-01
40                                     1.2288917372294239e-01
$End
$Loewdin_Population_Analysis
   &GeometryIndex 1
   &ListStatus       OUT
   &NATOMS [&Type "Integer"] 41
   &ATNO [&Type "ArrayOfIntegers", &Dim (41,1)] 
                                                         0

0                                                        6
1                                                        6
2                                                        8
3                                                       15
4                                                       16
5                                                        8
6                                                        6
7                                                        6
8                                                       16
9                                                        6
10                                                      16
11                                                      15
12                                                      16
13                                                       8
14                                                       6
15                                                       6
16                                                       8
17                                                       6
18                                                       6
19                                                       1
20                                                       1
21                                                       1
22                                                       1
23                                                       1
24                                                       1
25                                                       1
26                                                       1
27                                                       1
28                                                       1
29                                                       1
30                                                       1
31                                                       1
32                                                       1
33                                                       1
34                                                       1
35                                                       1
36                                                       1
37                                                       1
38                                                       1
39                                                       1
40                                                       1
   &ATOMICCHARGES [&Type "ArrayOfDoubles", &Dim (41,1)] 
                                                         0

0                                      1.2490485826825940e-03
1                                      3.5519622877070917e-02
2                                      3.0457337728318790e-01
3                                      4.3722083938152065e-02
4                                      7.8384140134276769e-05
5                                      5.1037633627427126e-01
6                                      9.6965850791260869e-02
7                                      2.3040952793194529e-03
8                                      1.4856605326530280e-04
9                                      1.9505160330681557e-04
10                                     5.0997900630573456e-05
11                                     7.2474876502042019e-05
12                                     8.1105425636968030e-05
13                                     2.4551351370019504e-03
14                                     6.0889809173206571e-04
15                                     1.8566426903807099e-05
16                                     3.2589371677238963e-05
17                                     6.8558183264381594e-06
18                                     2.1122718880466207e-07
19                                     7.4237271725779085e-05
20                                     3.8220074402164690e-05
21                                     1.3560807412036738e-04
22                                     2.7262492954680808e-04
23                                     4.6405553515661081e-05
24                                     5.9928909698347109e-04
25                                     1.7039463810604414e-04
26                                     2.4046416638843488e-06
27                                     1.3547423524043641e-04
28                                     2.3258788889057381e-05
29                                     4.2221652201867314e-06
30                                     3.1096369764558702e-05
31                                     5.3571952341145430e-06
32                                     8.8338584893980518e-07
33                                     3.4336802411035782e-07
34                                     9.4028929138769747e-08
35                                     5.3118846960913801e-07
36                                     1.8239792541674551e-07
37                                     9.3450685721063494e-08
38                                     6.4043303015404717e-09
39                                     1.7634798337937404e-08
40                                     4.0083198455955416e-09
$End
$Mayer_Population_Analysis
   &GeometryIndex 1
   &ListStatus       OUT
   &NATOMS [&Type "Integer"] 41 "Total number of atoms"
   &BONDTHRESH [&Type "Double"]       1.0000000000000001e-01  "The threshold for printing"
   &NBONDORDERSPRINT [&Type "Integer"] 41 "The number of bond orders larger than threshold"
   &BONDORDERS [&Type "ArrayOfDoubles", &Dim (41,1)] "The bond orders"
                                                         0

0                                      1.1602870086932437e+00
1                                      9.3498754295952169e-01
2                                      9.4532884932247752e-01
3                                      9.3960262651594961e-01
4                                      8.9581169413609985e-01
5                                      9.3329297527939403e-01
6                                      9.1809106748105318e-01
7                                      1.1214272847110573e+00
8                                      1.6407317241520545e+00
9                                      1.0678088352301793e+00
10                                     9.4413101356927764e-01
11                                     9.1729889055887615e-01
12                                     1.1649082347698276e+00
13                                     9.3412393367486446e-01
14                                     9.1279868441429013e-01
15                                     9.4620979683077078e-01
16                                     9.3870915420793444e-01
17                                     9.3644643498635671e-01
18                                     1.0127481698854781e+00
19                                     9.6521697141238394e-01
20                                     9.1078934457603811e-01
21                                     9.0264499852535773e-01
22                                     9.8548827989534360e-01
23                                     1.1153451411308360e-01
24                                     1.6285437317852915e+00
25                                     1.0542551352524065e+00
26                                     1.1170858803037353e+00
27                                     9.0161158592829482e-01
28                                     1.1645017793707746e+00
29                                     9.3455621793690336e-01
30                                     9.0955664954882387e-01
31                                     9.3371783515738660e-01
32                                     9.4390091868361792e-01
33                                     9.3925051180510788e-01
34                                     8.9754009684850755e-01
35                                     1.1635807421442248e+00
36                                     9.3152291400561893e-01
37                                     9.1527654099937350e-01
38                                     9.4093026817301861e-01
39                                     9.4759685503893287e-01
40                                     9.4848754371221122e-01
   &COMPONENTS [&Type "ArrayOfIntegers", &Dim (41,4)] "The indices and atomic numbers of the bonding atoms"
                                                         0                           1                           2                           3

0                                                        0                           6                           1                           6
1                                                        0                           6                          19                           1
2                                                        0                           6                          20                           1
3                                                        0                           6                          21                           1
4                                                        1                           6                           2                           8
5                                                        1                           6                          22                           1
6                                                        1                           6                          23                           1
7                                                        2                           8                           3                          15
8                                                        3                          15                           4                          16
9                                                        3                          15                           5                           8
10                                                       3                          15                           8                          16
11                                                       5                           8                           6                           6
12                                                       6                           6                           7                           6
13                                                       6                           6                          24                           1
14                                                       6                           6                          25                           1
15                                                       7                           6                          26                           1
16                                                       7                           6                          27                           1
17                                                       7                           6                          28                           1
18                                                       8                          16                           9                           6
19                                                       9                           6                          10                          16
20                                                       9                           6                          29                           1
21                                                       9                           6                          30                           1
22                                                      10                          16                          11                          15
23                                                      10                          16                          12                          16
24                                                      11                          15                          12                          16
25                                                      11                          15                          13                           8
26                                                      11                          15                          16                           8
27                                                      13                           8                          14                           6
28                                                      14                           6                          15                           6
29                                                      14                           6                          31                           1
30                                                      14                           6                          32                           1
31                                                      15                           6                          33                           1
32                                                      15                           6                          34                           1
33                                                      15                           6                          35                           1
34                                                      16                           8                          17                           6
35                                                      17                           6                          18                           6
36                                                      17                           6                          36                           1
37                                                      17                           6                          37                           1
38                                                      18                           6                          38                           1
39                                                      18                           6                          39                           1
40                                                      18                           6                          40                           1
   &ATNO [&Type "ArrayOfIntegers", &Dim (41,1)] "Atomic number of the elements"
                                                         0

0                                                        6
1                                                        6
2                                                        8
3                                                       15
4                                                       16
5                                                        8
6                                                        6
7                                                        6
8                                                       16
9                                                        6
10                                                      16
11                                                      15
12                                                      16
13                                                       8
14                                                       6
15                                                       6
16                                                       8
17                                                       6
18                                                       6
19                                                       1
20                                                       1
21                                                       1
22                                                       1
23                                                       1
24                                                       1
25                                                       1
26                                                       1
27                                                       1
28                                                       1
29                                                       1
30                                                       1
31                                                       1
32                                                       1
33                                                       1
34                                                       1
35                                                       1
36                                                       1
37                                                       1
38                                                       1
39                                                       1
40                                                       1
   &NA [&Type "ArrayOfDoubles", &Dim (41,1)] "Mulliken gross atomic population"
                                                         0

0                                      6.3029366889905818e+00
1                                      5.9984502402518638e+00
2                                      8.3710509955744978e+00
3                                      1.4374373814936764e+01
4                                      1.6306205072770151e+01
5                                      8.3775950666109171e+00
6                                      6.0066785476103934e+00
7                                      6.3063458771283871e+00
8                                      1.6089732908886010e+01
9                                      6.3097251579021778e+00
10                                     1.6110028691070109e+01
11                                     1.4392202915899572e+01
12                                     1.6295746286215245e+01
13                                     8.3934145393156019e+00
14                                     6.0073112566837956e+00
15                                     6.3136952072559325e+00
16                                     8.3679240535124926e+00
17                                     6.0268248881509372e+00
18                                     6.2823588493283484e+00
19                                     8.8004429420803032e-01
20                                     8.8908918894006672e-01
21                                     8.8980160695083943e-01
22                                     8.9789002277327856e-01
23                                     8.8067831902599203e-01
24                                     8.9762985666270290e-01
25                                     8.9003861489668823e-01
26                                     8.9059913140911440e-01
27                                     8.8838590428385122e-01
28                                     8.7551045258996973e-01
29                                     8.1657585312123715e-01
30                                     8.1687820136592193e-01
31                                     9.0141601001696681e-01
32                                     8.7937300573214638e-01
33                                     8.6751396758038490e-01
34                                     8.8854717238836900e-01
35                                     8.8683539583574622e-01
36                                     8.8965317621100115e-01
37                                     8.9262400693600019e-01
38                                     8.9005738588013172e-01
39                                     8.8114654882034860e-01
40                                     8.7711082627705750e-01
   &ZA [&Type "ArrayOfDoubles", &Dim (41,1)] "Total nuclear charge"
                                                         0

0                                      6.0000000000000000e+00
1                                      6.0000000000000000e+00
2                                      8.0000000000000000e+00
3                                      1.5000000000000000e+01
4                                      1.6000000000000000e+01
5                                      8.0000000000000000e+00
6                                      6.0000000000000000e+00
7                                      6.0000000000000000e+00
8                                      1.6000000000000000e+01
9                                      6.0000000000000000e+00
10                                     1.6000000000000000e+01
11                                     1.5000000000000000e+01
12                                     1.6000000000000000e+01
13                                     8.0000000000000000e+00
14                                     6.0000000000000000e+00
15                                     6.0000000000000000e+00
16                                     8.0000000000000000e+00
17                                     6.0000000000000000e+00
18                                     6.0000000000000000e+00
19                                     1.0000000000000000e+00
20                                     1.0000000000000000e+00
21                                     1.0000000000000000e+00
22                                     1.0000000000000000e+00
23                                     1.0000000000000000e+00
24                                     1.0000000000000000e+00
25                                     1.0000000000000000e+00
26                                     1.0000000000000000e+00
27                                     1.0000000000000000e+00
28                                     1.0000000000000000e+00
29                                     1.0000000000000000e+00
30                                     1.0000000000000000e+00
31                                     1.0000000000000000e+00
32                                     1.0000000000000000e+00
33                                     1.0000000000000000e+00
34                                     1.0000000000000000e+00
35                                     1.0000000000000000e+00
36                                     1.0000000000000000e+00
37                                     1.0000000000000000e+00
38                                     1.0000000000000000e+00
39                                     1.0000000000000000e+00
40                                     1.0000000000000000e+00
   &QA [&Type "ArrayOfDoubles", &Dim (41,1)] "Mulliken gross atomic charge"
                                                         0

0                                     -3.0293668899058179e-01
1                                      1.5497597481362035e-03
2                                     -3.7105099557449783e-01
3                                      6.2562618506323631e-01
4                                     -3.0620507277015108e-01
5                                     -3.7759506661091713e-01
6                                     -6.6785476103934371e-03
7                                     -3.0634587712838712e-01
8                                     -8.9732908886009710e-02
9                                     -3.0972515790217781e-01
10                                    -1.1002869107010937e-01
11                                     6.0779708410042765e-01
12                                    -2.9574628621524468e-01
13                                    -3.9341453931560189e-01
14                                    -7.3112566837956194e-03
15                                    -3.1369520725593247e-01
16                                    -3.6792405351249258e-01
17                                    -2.6824888150937198e-02
18                                    -2.8235884932834843e-01
19                                     1.1995570579196968e-01
20                                     1.1091081105993328e-01
21                                     1.1019839304916057e-01
22                                     1.0210997722672144e-01
23                                     1.1932168097400797e-01
24                                     1.0237014333729710e-01
25                                     1.0996138510331177e-01
26                                     1.0940086859088560e-01
27                                     1.1161409571614878e-01
28                                     1.2448954741003027e-01
29                                     1.8342414687876285e-01
30                                     1.8312179863407807e-01
31                                     9.8583989983033193e-02
32                                     1.2062699426785362e-01
33                                     1.3248603241961510e-01
34                                     1.1145282761163100e-01
35                                     1.1316460416425378e-01
36                                     1.1034682378899885e-01
37                                     1.0737599306399981e-01
38                                     1.0994261411986828e-01
39                                     1.1885345117965140e-01
40                                     1.2288917372294250e-01
   &VA [&Type "ArrayOfDoubles", &Dim (41,1)] "Mayer's total valence"
                                                         0

0                                      3.9917171128828248e+00
1                                      3.9924315018930834e+00
2                                      2.1847471878206211e+00
3                                      4.9486258117597695e+00
4                                      2.0518185152314414e+00
5                                      2.1683464528195322e+00
6                                      4.0081700439108516e+00
7                                      3.9960881040766627e+00
8                                      2.2888448547720652e+00
9                                      3.8673597125656212e+00
10                                     2.2521078003457604e+00
11                                     4.9643855025829753e+00
12                                     2.0493410157223311e+00
13                                     2.1459625562218263e+00
14                                     3.9947779714971254e+00
15                                     3.9918252221544819e+00
16                                     2.1580606300269638e+00
17                                     4.0096677349265386e+00
18                                     4.0010205006634800e+00
19                                     9.8354333849762376e-01
20                                     9.6057158552562427e-01
21                                     9.5425711768431543e-01
22                                     9.5987297421816320e-01
23                                     9.8092554507449325e-01
24                                     9.4934155325860103e-01
25                                     9.8617202047004870e-01
26                                     9.6409128654550846e-01
27                                     9.5464075257275804e-01
28                                     9.7857725399407391e-01
29                                     9.2948051439535295e-01
30                                     9.5231659326966600e-01
31                                     9.5083123245761514e-01
32                                     9.8724929048744559e-01
33                                     9.8379641875647428e-01
34                                     9.5678250080674843e-01
35                                     9.5472871329511366e-01
36                                     9.4891552983153260e-01
37                                     9.7575180241834658e-01
38                                     9.5413762907648847e-01
39                                     9.6615159482674229e-01
40                                     9.5802405318553663e-01
   &BVA [&Type "ArrayOfDoubles", &Dim (41,1)] "Mayer's bonded valence"
                                                         0

0                                      3.9917171128828097e+00
1                                      3.9924315018930789e+00
2                                      2.1847471878206246e+00
3                                      4.9486258117598094e+00
4                                      2.0518185152314845e+00
5                                      2.1683464528195753e+00
6                                      4.0081700439108605e+00
7                                      3.9960881040766325e+00
8                                      2.2888448547718827e+00
9                                      3.8673597125657082e+00
10                                     2.2521078003458705e+00
11                                     4.9643855025830401e+00
12                                     2.0493410157223360e+00
13                                     2.1459625562218236e+00
14                                     3.9947779714971383e+00
15                                     3.9918252221545281e+00
16                                     2.1580606300269203e+00
17                                     4.0096677349265422e+00
18                                     4.0010205006635093e+00
19                                     9.8354333849761921e-01
20                                     9.6057158552562272e-01
21                                     9.5425711768430255e-01
22                                     9.5987297421817441e-01
23                                     9.8092554507449858e-01
24                                     9.4934155325859648e-01
25                                     9.8617202047004593e-01
26                                     9.6409128654549747e-01
27                                     9.5464075257275594e-01
28                                     9.7857725399407103e-01
29                                     9.2948051439536072e-01
30                                     9.5231659326967932e-01
31                                     9.5083123245762191e-01
32                                     9.8724929048744869e-01
33                                     9.8379641875648605e-01
34                                     9.5678250080675609e-01
35                                     9.5472871329512787e-01
36                                     9.4891552983153704e-01
37                                     9.7575180241832704e-01
38                                     9.5413762907649780e-01
39                                     9.6615159482674495e-01
40                                     9.5802405318553763e-01
   &FA [&Type "ArrayOfDoubles", &Dim (41,1)] "Mayer's free valence"
                                                         0

0                                      0.0000000000000000e+00
1                                      0.0000000000000000e+00
2                                      0.0000000000000000e+00
3                                      0.0000000000000000e+00
4                                      0.0000000000000000e+00
5                                      0.0000000000000000e+00
6                                      0.0000000000000000e+00
7                                      0.0000000000000000e+00
8                                      0.0000000000000000e+00
9                                      0.0000000000000000e+00
10                                     0.0000000000000000e+00
11                                     0.0000000000000000e+00
12                                     0.0000000000000000e+00
13                                     0.0000000000000000e+00
14                                     0.0000000000000000e+00
15                                     0.0000000000000000e+00
16                                     0.0000000000000000e+00
17                                     0.0000000000000000e+00
18                                     0.0000000000000000e+00
19                                     0.0000000000000000e+00
20                                     0.0000000000000000e+00
21                                     0.0000000000000000e+00
22                                     0.0000000000000000e+00
23                                     0.0000000000000000e+00
24                                     0.0000000000000000e+00
25                                     0.0000000000000000e+00
26                                     0.0000000000000000e+00
27                                     0.0000000000000000e+00
28                                     0.0000000000000000e+00
29                                     0.0000000000000000e+00
30                                     0.0000000000000000e+00
31                                     0.0000000000000000e+00
32                                     0.0000000000000000e+00
33                                     0.0000000000000000e+00
34                                     0.0000000000000000e+00
35                                     0.0000000000000000e+00
36                                     0.0000000000000000e+00
37                                     0.0000000000000000e+00
38                                     0.0000000000000000e+00
39                                     0.0000000000000000e+00
40                                     0.0000000000000000e+00
$End
$VdW_Correction
   &GeometryIndex 1
   &ListStatus       OUT
   &VDW [&Type "Double"]      -6.8110870799340681e-02
$End
$Calculation_Info
   &GeometryIndex 1
   &ListStatus       OUT
   &MULT [&Type "Integer"] 1
   &CHARGE [&Type "Integer"] 0
   &NUMOFATOMS [&Type "Integer"] 41
   &NUMOFELECTRONS [&Type "Integer"] 202
   &NUMOFFCELECTRONS [&Type "Integer"] 1
   &NUMOFCORRELECTRONS [&Type "Integer"] 0
   &NUMOFBASISFUNCTS [&Type "Integer"] 334
   &NUMOFAUXCBASISFUNCTS [&Type "Integer"] 0
   &NUMOFAUXJBASISFUNCTS [&Type "Integer"] 1185
   &NUMOFAUXJKBASISFUNCTS [&Type "Integer"] 0
   &NUMOFCABSBASISFUNCTS [&Type "Integer"] 0
   &TOTALENERGY [&Type "Double"]      -2.9295122444759800e+03  "Hartrees"
$End
$SCF_Dipole_Moment
   &GeometryIndex 1
   &ListStatus       OUT
   &METHOD [&Type "String"] "SCF"
   &LEVEL [&Type "String"] "Relaxed density"
   &MULT [&Type "Integer"] 1
   &STATE [&Type "Integer"] -1
   &IRREP [&Type "Integer"] 0
   &NATOMS [&Type "Integer"] 41
   &DODIPOLEATOM [&Type "Boolean"] false
   &DIPOLEELECCONTRIB [&Type "ArrayOfDoubles", &Dim (3,1)] "Electronic contribution"
                                                         0

0                                      6.4677164883523730e+00
1                                      3.1001019623439681e+00
2                                     -1.1260161813361997e+00
   &DIPOLENUCCONTRIB [&Type "ArrayOfDoubles", &Dim (3,1)] "Nuclear contribution"
                                                         0

0                                     -7.1202020352396005e+00
1                                     -4.5860138265568517e+00
2                                      1.9383721719605784e+00
   &DIPOLETOTAL [&Type "ArrayOfDoubles", &Dim (3,1)] "Total"
                                                         0

0                                     -6.5248554688722749e-01
1                                     -1.4859118642128837e+00
2                                      8.1235599062437869e-01
   &DIPOLEMAGNITUDE [&Type "Double", &Units "a.u."]       1.8148260832952141e+00
$End
