*************************************************
******************* ORCA 6.0.0 ******************
*************************************************
$Calculation_Status
   &GeometryIndex 1
   &ListStatus       OUT
   &VERSION [&Type "String"] "6.0.0"
   &PROGNAME [&Type "String"] "LeanSCF"
   &STATUS [&Type "String"] "NORMAL TERMINATION"
$End
$Geometry
   &GeometryIndex 1
   &ListStatus       OUT
   &NATOMS [&Type "Integer"] 41
   &NCORELESSECP [&Type "Integer"] 0
   &NGHOSTATOMS [&Type "Integer"] 0
   &CartesianCoordinates [&Type "Coordinates", &Dim(41,4), &Units "Bohr"] 
              C      1.448451081373   -2.767850931459    5.990538379164
              C      3.831952209382   -1.658886524649    4.858468966869
              O      3.142829736267   -0.023822514466    2.769234657342
              P      4.616389284315   -0.025532241540    0.173771810950
              S      6.046879354800   -3.273889931816   -0.907629004172
              O      6.618108842879    2.166255483078    0.613366595177
              C      8.750214267117    2.582050614178   -1.033398468647
              C     11.148890903962    2.575601131951    0.534172355246
              S      1.924621765310    1.614452152701   -2.274231155885
              C      0.272079039010   -1.306454930705   -2.988753970680
              S     -1.822714807954   -2.270847935346   -0.478692726419
              P     -4.570890201735    0.626102353622   -1.074524890682
              S     -5.087896707134    1.576330501799   -4.611995121711
              O     -3.810772088954    2.976724195776    0.571664816162
              C     -2.789283443143    2.987315315371    3.112367371208
              C     -4.450596617088    1.604781918572    4.984625005816
              O     -7.003019758929   -0.445512835024    0.311926097366
              C     -8.470625083231   -2.466568132239   -0.778417196998
              C    -11.011496253249   -2.514399726841    0.540504202966
              H      0.237662619492   -1.272640884825    6.702339435015
              H      0.424457959219   -3.839205690522    4.566991847710
              H      1.964267387175   -4.016302882219    7.533446548476
              H      5.082391162953   -3.146724681793    4.148416296409
              H      4.853558912053   -0.492419622790    6.218531728287
              H      8.803334513717    1.092692224704   -2.467403679562
              H      8.443191740161    4.406439662983   -1.946448024867
              H     12.745145558643    3.018228674910   -0.674461428803
              H     11.014906351174    3.976673513699    2.028078399574
              H     11.434931156690    0.723544724517    1.376703683895
              H      1.644433104735   -2.818739659805   -3.265713102519
              H     -0.831786939982   -0.960515611836   -4.694762050280
              H     -0.891702067661    2.171195802614    3.048993895605
              H     -2.659137018997    4.999217884683    3.545945570158
              H     -4.453982930353   -0.412255302342    4.588036395595
              H     -3.729226820520    1.920526106491    6.879848766155
              H     -6.376845694358    2.308464683739    4.871311781324
              H     -8.673781859286   -2.114585804054   -2.807566683518
              H     -7.439126011958   -4.234680063223   -0.499590858702
              H    -11.981920078851   -0.726972438658    0.263234910565
              H    -12.147831380628   -4.029490493270   -0.244980107168
              H    -10.754373847435   -2.828937660995    2.551819771184
$End
$SCF_Energy
   &GeometryIndex 1
   &ListStatus       OUT
   &SCF_ENERGY [&Type "Double"]      -2.9296448227306532e+03
$End
$DFT_Energy
   &GeometryIndex 1
   &ListStatus       OUT
   &NALPHAEL [&Type "Integer"] 101
   &NBETAEL [&Type "Integer"] 101
   &NTOTALEL [&Type "Integer"] 202
   &EEXCHANGE [&Type "Double"]      -2.3180805020571466e+02
   &ECORR [&Type "Double"]      -7.2913922861590112e+00
   &ECNL [&Type "Double"]       0.0000000000000000e+00
   &EXC [&Type "Double"]      -2.3909944249187367e+02
   &EEMBED [&Type "Double"]       0.0000000000000000e+00
   &FINALEN [&Type "Double"]      -2.9296448227306532e+03  "No Van der Waals correction"
$End
$Mulliken_Population_Analysis
   &GeometryIndex 1
   &ListStatus       OUT
   &NATOMS [&Type "Integer"] 41
   &ATNO [&Type "ArrayOfIntegers", &Dim (41,1)] 
                                                         0

0                                                        6
1                                                        6
2                                                        8
3                                                       15
4                                                       16
5                                                        8
6                                                        6
7                                                        6
8                                                       16
9                                                        6
10                                                      16
11                                                      15
12                                                      16
13                                                       8
14                                                       6
15                                                       6
16                                                       8
17                                                       6
18                                                       6
19                                                       1
20                                                       1
21                                                       1
22                                                       1
23                                                       1
24                                                       1
25                                                       1
26                                                       1
27                                                       1
28                                                       1
29                                                       1
30                                                       1
31                                                       1
32                                                       1
33                                                       1
34                                                       1
35                                                       1
36                                                       1
37                                                       1
38                                                       1
39                                                       1
40                                                       1
   &ATOMICCHARGES [&Type "ArrayOfDoubles", &Dim (41,1)] 
                                                         0

0                                     -3.0174143325699365e-01
1                                     -1.1013670056843949e-02
2                                     -3.6005790479964084e-01
3                                      6.1275222932181528e-01
4                                     -3.3687099635651663e-01
5                                     -3.7733338309713460e-01
6                                     -7.2405216606554745e-03
7                                     -2.8543145574033169e-01
8                                     -6.3499337034670589e-02
9                                     -3.7887335745855744e-01
10                                    -1.1080112191913827e-01
11                                     6.0650928736970933e-01
12                                    -3.1890684289825799e-01
13                                    -3.5184348989494474e-01
14                                    -3.3965967284330212e-02
15                                    -3.1208299151992591e-01
16                                    -3.7916738783412107e-01
17                                    -1.0882238369957165e-02
18                                    -2.8077262384894652e-01
19                                     1.2025033810674546e-01
20                                     1.3150651157084348e-01
21                                     1.1185335031476928e-01
22                                     1.1054884655746811e-01
23                                     1.0551965501158322e-01
24                                     1.0822841446549836e-01
25                                     1.0861417096661885e-01
26                                     1.1268485132587414e-01
27                                     1.1583152457080903e-01
28                                     1.1721882774559744e-01
29                                     1.9322989647962974e-01
30                                     1.9852181941705571e-01
31                                     1.4267548497397509e-01
32                                     1.0767897594055265e-01
33                                     1.1786257354359519e-01
34                                     1.1655025705654798e-01
35                                     1.2255538668225507e-01
36                                     1.0832642009172089e-01
37                                     1.0185900668690706e-01
38                                     1.2227042764087837e-01
39                                     1.1315668309556315e-01
40                                     1.1427978409492545e-01
$End
$Loewdin_Population_Analysis
   &GeometryIndex 1
   &ListStatus       OUT
   &NATOMS [&Type "Integer"] 41
   &ATNO [&Type "ArrayOfIntegers", &Dim (41,1)] 
                                                         0

0                                                        6
1                                                        6
2                                                        8
3                                                       15
4                                                       16
5                                                        8
6                                                        6
7                                                        6
8                                                       16
9                                                        6
10                                                      16
11                                                      15
12                                                      16
13                                                       8
14                                                       6
15                                                       6
16                                                       8
17                                                       6
18                                                       6
19                                                       1
20                                                       1
21                                                       1
22                                                       1
23                                                       1
24                                                       1
25                                                       1
26                                                       1
27                                                       1
28                                                       1
29                                                       1
30                                                       1
31                                                       1
32                                                       1
33                                                       1
34                                                       1
35                                                       1
36                                                       1
37                                                       1
38                                                       1
39                                                       1
40                                                       1
   &ATOMICCHARGES [&Type "ArrayOfDoubles", &Dim (41,1)] 
                                                         0

0                                      9.0209531741678822e-06
1                                      1.2024266066592655e-04
2                                      1.9169271499648636e-03
3                                      3.3902013031599583e-04
4                                      2.3676305846241891e-06
5                                      1.6723568116647526e-03
6                                      2.5025772100572451e-04
7                                      7.8041289814522499e-06
8                                      7.8995864771759178e-05
9                                      9.1073004759916379e-05
10                                     1.9763213442167423e-04
11                                     5.7884510299199179e-02
12                                     7.6072852612093679e-05
13                                     1.9093871077796054e-01
14                                     3.1799278316385470e-03
15                                     8.0046849658408389e-04
16                                     6.2590251811670161e-01
17                                     1.0770430398634814e-01
18                                     8.2706435657694220e-03
19                                     4.2367050371233105e-07
20                                     5.5040686924292872e-07
21                                     3.6616870665849333e-07
22                                     2.9340185089375058e-07
23                                     1.9941339475477239e-08
24                                     1.6240389611491966e-06
25                                     1.0743161540309285e-06
26                                     1.7840590345453329e-07
27                                     2.4032539739633891e-08
28                                     1.3964488544007132e-07
29                                     6.1197712997060176e-06
30                                     8.1719931179969614e-06
31                                     2.2200213798782576e-05
32                                     9.1901039936952505e-06
33                                     7.2107125317949447e-06
34                                     2.9548783614527253e-05
35                                     2.1980349156675241e-05
36                                     2.1042314607387980e-04
37                                     8.9626503566378414e-05
38                                     2.2788807183677607e-05
39                                     1.1795110014635631e-04
40                                     7.2403706788438582e-06
$End
$Mayer_Population_Analysis
   &GeometryIndex 1
   &ListStatus       OUT
   &NATOMS [&Type "Integer"] 41 "Total number of atoms"
   &BONDTHRESH [&Type "Double"]       1.0000000000000001e-01  "The threshold for printing"
   &NBONDORDERSPRINT [&Type "Integer"] 42 "The number of bond orders larger than threshold"
   &BONDORDERS [&Type "ArrayOfDoubles", &Dim (42,1)] "The bond orders"
                                                         0

0                                      1.1665797984047750e+00
1                                      9.4282552405602460e-01
2                                      9.4206856673546513e-01
3                                      9.3877136688835827e-01
4                                      8.9099382104427460e-01
5                                      9.0201712544484813e-01
6                                      9.3280153773754160e-01
7                                      1.1240847986520215e+00
8                                      1.5925017342605612e+00
9                                      1.1217641163142706e+00
10                                     9.7875273922751338e-01
11                                     1.0731554277843335e-01
12                                     8.9794976999004239e-01
13                                     1.1653327823807782e+00
14                                     9.0564914583129374e-01
15                                     9.3339366192259576e-01
16                                     9.4117564758622363e-01
17                                     9.5009186748299379e-01
18                                     9.4832838298999023e-01
19                                     1.0018338625158620e+00
20                                     1.0072210444606484e+00
21                                     8.6749764115640915e-01
22                                     8.6575924418041150e-01
23                                     9.3470276656284657e-01
24                                     1.0934767131518792e-01
25                                     1.6375056434970283e+00
26                                     1.1620362667190853e+00
27                                     1.0901874500461004e+00
28                                     8.9124997803571526e-01
29                                     1.1729020328012196e+00
30                                     9.0047590869921890e-01
31                                     9.3369797895403117e-01
32                                     9.3714306963712357e-01
33                                     9.3034564783485607e-01
34                                     9.4072121707072842e-01
35                                     9.0126358512621840e-01
36                                     1.1600710926405071e+00
37                                     9.0882272584500401e-01
38                                     9.2857288338517063e-01
39                                     9.5064579861528420e-01
40                                     9.4170910052732837e-01
41                                     9.5161759975073246e-01
   &COMPONENTS [&Type "ArrayOfIntegers", &Dim (42,4)] "The indices and atomic numbers of the bonding atoms"
                                                         0                           1                           2                           3

0                                                        0                           6                           1                           6
1                                                        0                           6                          19                           1
2                                                        0                           6                          20                           1
3                                                        0                           6                          21                           1
4                                                        1                           6                           2                           8
5                                                        1                           6                          22                           1
6                                                        1                           6                          23                           1
7                                                        2                           8                           3                          15
8                                                        3                          15                           4                          16
9                                                        3                          15                           5                           8
10                                                       3                          15                           8                          16
11                                                       4                          16                           8                          16
12                                                       5                           8                           6                           6
13                                                       6                           6                           7                           6
14                                                       6                           6                          24                           1
15                                                       6                           6                          25                           1
16                                                       7                           6                          26                           1
17                                                       7                           6                          27                           1
18                                                       7                           6                          28                           1
19                                                       8                          16                           9                           6
20                                                       9                           6                          10                          16
21                                                       9                           6                          29                           1
22                                                       9                           6                          30                           1
23                                                      10                          16                          11                          15
24                                                      10                          16                          12                          16
25                                                      11                          15                          12                          16
26                                                      11                          15                          13                           8
27                                                      11                          15                          16                           8
28                                                      13                           8                          14                           6
29                                                      14                           6                          15                           6
30                                                      14                           6                          31                           1
31                                                      14                           6                          32                           1
32                                                      15                           6                          33                           1
33                                                      15                           6                          34                           1
34                                                      15                           6                          35                           1
35                                                      16                           8                          17                           6
36                                                      17                           6                          18                           6
37                                                      17                           6                          36                           1
38                                                      17                           6                          37                           1
39                                                      18                           6                          38                           1
40                                                      18                           6                          39                           1
41                                                      18                           6                          40                           1
   &ATNO [&Type "ArrayOfIntegers", &Dim (41,1)] "Atomic number of the elements"
                                                         0

0                                                        6
1                                                        6
2                                                        8
3                                                       15
4                                                       16
5                                                        8
6                                                        6
7                                                        6
8                                                       16
9                                                        6
10                                                      16
11                                                      15
12                                                      16
13                                                       8
14                                                       6
15                                                       6
16                                                       8
17                                                       6
18                                                       6
19                                                       1
20                                                       1
21                                                       1
22                                                       1
23                                                       1
24                                                       1
25                                                       1
26                                                       1
27                                                       1
28                                                       1
29                                                       1
30                                                       1
31                                                       1
32                                                       1
33                                                       1
34                                                       1
35                                                       1
36                                                       1
37                                                       1
38                                                       1
39                                                       1
40                                                       1
   &NA [&Type "ArrayOfDoubles", &Dim (41,1)] "Mulliken gross atomic population"
                                                         0

0                                      6.3017414332569874e+00
1                                      6.0110136700568564e+00
2                                      8.3600579047996568e+00
3                                      1.4387247770678174e+01
4                                      1.6336870996356470e+01
5                                      8.3773333830971453e+00
6                                      6.0072405216606546e+00
7                                      6.2854314557403326e+00
8                                      1.6063499337034731e+01
9                                      6.3788733574585370e+00
10                                     1.6110801121919167e+01
11                                     1.4393490712630284e+01
12                                     1.6318906842898294e+01
13                                     8.3518434898949483e+00
14                                     6.0339659672843382e+00
15                                     6.3120829915199215e+00
16                                     8.3791673878341530e+00
17                                     6.0108822383699545e+00
18                                     6.2807726238489296e+00
19                                     8.7974966189325432e-01
20                                     8.6849348842915575e-01
21                                     8.8814664968523160e-01
22                                     8.8945115344253256e-01
23                                     8.9448034498841633e-01
24                                     8.9177158553450186e-01
25                                     8.9138582903338226e-01
26                                     8.8731514867412620e-01
27                                     8.8416847542919119e-01
28                                     8.8278117225440322e-01
29                                     8.0677010352037071e-01
30                                     8.0147818058294440e-01
31                                     8.5732451502602536e-01
32                                     8.9232102405944747e-01
33                                     8.8213742645640436e-01
34                                     8.8344974294345180e-01
35                                     8.7744461331774548e-01
36                                     8.9167357990827889e-01
37                                     8.9814099331309416e-01
38                                     8.7772957235912119e-01
39                                     8.8684331690443707e-01
40                                     8.8572021590507433e-01
   &ZA [&Type "ArrayOfDoubles", &Dim (41,1)] "Total nuclear charge"
                                                         0

0                                      6.0000000000000000e+00
1                                      6.0000000000000000e+00
2                                      8.0000000000000000e+00
3                                      1.5000000000000000e+01
4                                      1.6000000000000000e+01
5                                      8.0000000000000000e+00
6                                      6.0000000000000000e+00
7                                      6.0000000000000000e+00
8                                      1.6000000000000000e+01
9                                      6.0000000000000000e+00
10                                     1.6000000000000000e+01
11                                     1.5000000000000000e+01
12                                     1.6000000000000000e+01
13                                     8.0000000000000000e+00
14                                     6.0000000000000000e+00
15                                     6.0000000000000000e+00
16                                     8.0000000000000000e+00
17                                     6.0000000000000000e+00
18                                     6.0000000000000000e+00
19                                     1.0000000000000000e+00
20                                     1.0000000000000000e+00
21                                     1.0000000000000000e+00
22                                     1.0000000000000000e+00
23                                     1.0000000000000000e+00
24                                     1.0000000000000000e+00
25                                     1.0000000000000000e+00
26                                     1.0000000000000000e+00
27                                     1.0000000000000000e+00
28                                     1.0000000000000000e+00
29                                     1.0000000000000000e+00
30                                     1.0000000000000000e+00
31                                     1.0000000000000000e+00
32                                     1.0000000000000000e+00
33                                     1.0000000000000000e+00
34                                     1.0000000000000000e+00
35                                     1.0000000000000000e+00
36                                     1.0000000000000000e+00
37                                     1.0000000000000000e+00
38                                     1.0000000000000000e+00
39                                     1.0000000000000000e+00
40                                     1.0000000000000000e+00
   &QA [&Type "ArrayOfDoubles", &Dim (41,1)] "Mulliken gross atomic charge"
                                                         0

0                                     -3.0174143325698743e-01
1                                     -1.1013670056856384e-02
2                                     -3.6005790479965682e-01
3                                      6.1275222932182594e-01
4                                     -3.3687099635647044e-01
5                                     -3.7733338309714526e-01
6                                     -7.2405216606545864e-03
7                                     -2.8543145574033257e-01
8                                     -6.3499337034730985e-02
9                                     -3.7887335745853701e-01
10                                    -1.1080112191916669e-01
11                                     6.0650928736971643e-01
12                                    -3.1890684289829352e-01
13                                    -3.5184348989494829e-01
14                                    -3.3965967284338205e-02
15                                    -3.1208299151992147e-01
16                                    -3.7916738783415305e-01
17                                    -1.0882238369954500e-02
18                                    -2.8077262384892965e-01
19                                     1.2025033810674568e-01
20                                     1.3150651157084425e-01
21                                     1.1185335031476840e-01
22                                     1.1054884655746744e-01
23                                     1.0551965501158367e-01
24                                     1.0822841446549814e-01
25                                     1.0861417096661774e-01
26                                     1.1268485132587380e-01
27                                     1.1583152457080881e-01
28                                     1.1721882774559678e-01
29                                     1.9322989647962929e-01
30                                     1.9852181941705560e-01
31                                     1.4267548497397464e-01
32                                     1.0767897594055253e-01
33                                     1.1786257354359564e-01
34                                     1.1655025705654820e-01
35                                     1.2255538668225452e-01
36                                     1.0832642009172111e-01
37                                     1.0185900668690584e-01
38                                     1.2227042764087881e-01
39                                     1.1315668309556293e-01
40                                     1.1427978409492567e-01
   &VA [&Type "ArrayOfDoubles", &Dim (41,1)] "Mayer's total valence"
                                                         0

0                                      4.0005482789964182e+00
1                                      3.9679977109321971e+00
2                                      2.1885856625445812e+00
3                                      4.9703161309907546e+00
4                                      2.0585357255193597e+00
5                                      2.1694966178101112e+00
6                                      3.9779171974024914e+00
7                                      3.9994832009699608e+00
8                                      2.2635897593400847e+00
9                                      3.7880703002409040e+00
10                                     2.2748056615203254e+00
11                                     4.9671659958526764e+00
12                                     2.0391376976168680e+00
13                                     2.1922957383798907e+00
14                                     3.9897342304860848e+00
15                                     4.0072502959621579e+00
16                                     2.1642394475905409e+00
17                                     3.9600359061301424e+00
18                                     4.0051143649631697e+00
19                                     9.6756693402026106e-01
20                                     9.7085233131070447e-01
21                                     9.5316896542031060e-01
22                                     9.9918104462477941e-01
23                                     9.4763735794838388e-01
24                                     9.9261923487642789e-01
25                                     9.4819483959173645e-01
26                                     9.5497528966644896e-01
27                                     9.5824368138668803e-01
28                                     9.6875739101029512e-01
29                                     9.8136203018692292e-01
30                                     9.8000664183960906e-01
31                                     9.9228159156360041e-01
32                                     9.4977013185847214e-01
33                                     9.7189298453263206e-01
34                                     9.5194024776557484e-01
35                                     9.6083681936355558e-01
36                                     9.9359808456302789e-01
37                                     9.6016278174903580e-01
38                                     9.5946758408334143e-01
39                                     9.5440861708576441e-01
40                                     9.5811804945832624e-01
   &BVA [&Type "ArrayOfDoubles", &Dim (41,1)] "Mayer's bonded valence"
                                                         0

0                                      4.0005482789964235e+00
1                                      3.9679977109321629e+00
2                                      2.1885856625445088e+00
3                                      4.9703161309906925e+00
4                                      2.0585357255194916e+00
5                                      2.1694966178101422e+00
6                                      3.9779171974025083e+00
7                                      3.9994832009699914e+00
8                                      2.2635897593400043e+00
9                                      3.7880703002408866e+00
10                                     2.2748056615202836e+00
11                                     4.9671659958526817e+00
12                                     2.0391376976167623e+00
13                                     2.1922957383799040e+00
14                                     3.9897342304860799e+00
15                                     4.0072502959621792e+00
16                                     2.1642394475904987e+00
17                                     3.9600359061301806e+00
18                                     4.0051143649632426e+00
19                                     9.6756693402026628e-01
20                                     9.7085233131071047e-01
21                                     9.5316896542030538e-01
22                                     9.9918104462477986e-01
23                                     9.4763735794838322e-01
24                                     9.9261923487643577e-01
25                                     9.4819483959173290e-01
26                                     9.5497528966644640e-01
27                                     9.5824368138668747e-01
28                                     9.6875739101029734e-01
29                                     9.8136203018691881e-01
30                                     9.8000664183960429e-01
31                                     9.9228159156359874e-01
32                                     9.4977013185847192e-01
33                                     9.7189298453263895e-01
34                                     9.5194024776558306e-01
35                                     9.6083681936355436e-01
36                                     9.9359808456302701e-01
37                                     9.6016278174903358e-01
38                                     9.5946758408335520e-01
39                                     9.5440861708576252e-01
40                                     9.5811804945833301e-01
   &FA [&Type "ArrayOfDoubles", &Dim (41,1)] "Mayer's free valence"
                                                         0

0                                      0.0000000000000000e+00
1                                      0.0000000000000000e+00
2                                      0.0000000000000000e+00
3                                      0.0000000000000000e+00
4                                      0.0000000000000000e+00
5                                      0.0000000000000000e+00
6                                      0.0000000000000000e+00
7                                      0.0000000000000000e+00
8                                      0.0000000000000000e+00
9                                      0.0000000000000000e+00
10                                     0.0000000000000000e+00
11                                     0.0000000000000000e+00
12                                     0.0000000000000000e+00
13                                     0.0000000000000000e+00
14                                     0.0000000000000000e+00
15                                     0.0000000000000000e+00
16                                     0.0000000000000000e+00
17                                     0.0000000000000000e+00
18                                     0.0000000000000000e+00
19                                     0.0000000000000000e+00
20                                     0.0000000000000000e+00
21                                     0.0000000000000000e+00
22                                     0.0000000000000000e+00
23                                     0.0000000000000000e+00
24                                     0.0000000000000000e+00
25                                     0.0000000000000000e+00
26                                     0.0000000000000000e+00
27                                     0.0000000000000000e+00
28                                     0.0000000000000000e+00
29                                     0.0000000000000000e+00
30                                     0.0000000000000000e+00
31                                     0.0000000000000000e+00
32                                     0.0000000000000000e+00
33                                     0.0000000000000000e+00
34                                     0.0000000000000000e+00
35                                     0.0000000000000000e+00
36                                     0.0000000000000000e+00
37                                     0.0000000000000000e+00
38                                     0.0000000000000000e+00
39                                     0.0000000000000000e+00
40                                     0.0000000000000000e+00
$End
$VdW_Correction
   &GeometryIndex 1
   &ListStatus       OUT
   &VDW [&Type "Double"]      -6.3736900846401962e-02
$End
$Calculation_Info
   &GeometryIndex 1
   &ListStatus       OUT
   &MULT [&Type "Integer"] 1
   &CHARGE [&Type "Integer"] 0
   &NUMOFATOMS [&Type "Integer"] 41
   &NUMOFELECTRONS [&Type "Integer"] 202
   &NUMOFFCELECTRONS [&Type "Integer"] 1
   &NUMOFCORRELECTRONS [&Type "Integer"] 0
   &NUMOFBASISFUNCTS [&Type "Integer"] 334
   &NUMOFAUXCBASISFUNCTS [&Type "Integer"] 0
   &NUMOFAUXJBASISFUNCTS [&Type "Integer"] 1185
   &NUMOFAUXJKBASISFUNCTS [&Type "Integer"] 0
   &NUMOFCABSBASISFUNCTS [&Type "Integer"] 0
   &TOTALENERGY [&Type "Double"]      -2.9295239186397998e+03  "Hartrees"
$End
$SCF_Dipole_Moment
   &GeometryIndex 1
   &ListStatus       OUT
   &METHOD [&Type "String"] "SCF"
   &LEVEL [&Type "String"] "Relaxed density"
   &MULT [&Type "Integer"] 1
   &STATE [&Type "Integer"] -1
   &IRREP [&Type "Integer"] 0
   &NATOMS [&Type "Integer"] 41
   &DODIPOLEATOM [&Type "Boolean"] false
   &DIPOLEELECCONTRIB [&Type "ArrayOfDoubles", &Dim (3,1)] "Electronic contribution"
                                                         0

0                                      1.9438930683815798e+00
1                                      3.1510032204172278e+00
2                                     -1.9600333731801427e+01
   &DIPOLENUCCONTRIB [&Type "ArrayOfDoubles", &Dim (3,1)] "Nuclear contribution"
                                                         0

0                                     -1.6800778622533379e+00
1                                     -3.3272959154141475e+00
2                                      2.1299703983425562e+01
   &DIPOLETOTAL [&Type "ArrayOfDoubles", &Dim (3,1)] "Total"
                                                         0

0                                      2.6381520612824194e-01
1                                     -1.7629269499691969e-01
2                                      1.6993702516241349e+00
   &DIPOLEMAGNITUDE [&Type "Double", &Units "a.u."]       1.7287385081031890e+00
$End
