*************************************************
******************* ORCA 6.0.0 ******************
*************************************************
$Calculation_Status
   &GeometryIndex 1
   &ListStatus       OUT
   &VERSION [&Type "String"] "6.0.0"
   &PROGNAME [&Type "String"] "LeanSCF"
   &STATUS [&Type "String"] "NORMAL TERMINATION"
$End
$Geometry
   &GeometryIndex 1
   &ListStatus       OUT
   &NATOMS [&Type "Integer"] 41
   &NCORELESSECP [&Type "Integer"] 0
   &NGHOSTATOMS [&Type "Integer"] 0
   &CartesianCoordinates [&Type "Coordinates", &Dim(41,4), &Units "Bohr"] 
              C      8.309468357729   -0.276056423838   -4.109533525615
              C      8.329455977819    1.798334541764   -2.136386596339
              O      6.943283957757    1.119041716484    0.099826572406
              P      3.967171955391    0.681858080697    0.117593785265
              S      2.000805032971    3.049867198712   -1.940634218165
              O      3.351352008899    0.931858742337    3.024104098967
              C      4.682003973413   -0.523465511846    4.944626719669
              C      2.896481133464   -2.376982317211    6.198541068761
              S      3.620965599890   -3.224301980392   -0.759552216527
              C      0.292401615892   -3.274527587397   -1.515510649592
              S     -1.679272459513   -2.268505057987    1.114654697988
              P     -4.049403272458    0.454131631958   -0.666086501027
              S     -3.882082748234    0.444463891133   -4.363871265391
              O     -3.538864608731    3.173149071545    0.427699654577
              C     -4.229842809918    4.073823630699    2.916884726685
              C     -2.871194746805    2.668331283836    5.006398297483
              O     -6.719980079686   -0.140504180705    0.592241606185
              C     -7.994558172849   -2.540433960712    0.476006642102
              C     -9.323347564136   -2.939433181178   -2.030116506815
              H      9.587401251083    0.228928268829   -5.632111310641
              H      8.901888022225   -2.060597748159   -3.282020472082
              H      6.414487453087   -0.495035369799   -4.882490150323
              H      7.514299370100    3.537627823228   -2.902917658406
              H     10.233304864162    2.164723863070   -1.435123354121
              H      6.276198199408   -1.492908445241    4.064162550026
              H      5.380201153497    0.879309538472    6.284130692595
              H      1.291103400872   -1.386347690137    7.006401568977
              H      2.200265414946   -3.747980206993    4.835539963863
              H      3.906428608936   -3.361178244267    7.687520389944
              H     -0.152966492000   -5.228381390779   -1.968498863824
              H     -0.100613660348   -2.031635286512   -3.120366174508
              H     -3.678041484728    6.060382768945    2.857191333423
              H     -6.277331230065    3.914817621407    3.113474577624
              H     -0.842475206240    2.701670311525    4.670676448897
              H     -3.277226323619    3.578798966955    6.799438391459
              H     -3.503387110824    0.711286230957    5.084243410148
              H     -6.621713190288   -4.042580382803    0.837494615884
              H     -9.348305280932   -2.451286214815    2.030717863591
              H    -10.626807555574   -1.394836149446   -2.395906494675
              H     -7.958539714190   -3.013614847327   -3.565525942928
              H    -10.363866630648   -4.705452985587   -1.967472718156
$End
$SCF_Energy
   &GeometryIndex 1
   &ListStatus       OUT
   &SCF_ENERGY [&Type "Double"]      -2.9296325647958497e+03
$End
$DFT_Energy
   &GeometryIndex 1
   &ListStatus       OUT
   &NALPHAEL [&Type "Integer"] 101
   &NBETAEL [&Type "Integer"] 101
   &NTOTALEL [&Type "Integer"] 202
   &EEXCHANGE [&Type "Double"]      -2.3180235911091768e+02
   &ECORR [&Type "Double"]      -7.2982582587741565e+00
   &ECNL [&Type "Double"]       0.0000000000000000e+00
   &EXC [&Type "Double"]      -2.3910061736969183e+02
   &EEMBED [&Type "Double"]       0.0000000000000000e+00
   &FINALEN [&Type "Double"]      -2.9296325647958497e+03  "No Van der Waals correction"
$End
$Mulliken_Population_Analysis
   &GeometryIndex 1
   &ListStatus       OUT
   &NATOMS [&Type "Integer"] 41
   &ATNO [&Type "ArrayOfIntegers", &Dim (41,1)] 
                                                         0

0                                                        6
1                                                        6
2                                                        8
3                                                       15
4                                                       16
5                                                        8
6                                                        6
7                                                        6
8                                                       16
9                                                        6
10                                                      16
11                                                      15
12                                                      16
13                                                       8
14                                                       6
15                                                       6
16                                                       8
17                                                       6
18                                                       6
19                                                       1
20                                                       1
21                                                       1
22                                                       1
23                                                       1
24                                                       1
25                                                       1
26                                                       1
27                                                       1
28                                                       1
29                                                       1
30                                                       1
31                                                       1
32                                                       1
33                                                       1
34                                                       1
35                                                       1
36                                                       1
37                                                       1
38                                                       1
39                                                       1
40                                                       1
   &ATOMICCHARGES [&Type "ArrayOfDoubles", &Dim (41,1)] 
                                                         0

0                                     -3.2032169585966752e-01
1                                      2.9995414920716001e-03
2                                     -3.8195634181583848e-01
3                                      5.8503053183462761e-01
4                                     -2.7783757331478753e-01
5                                     -3.5444790837780715e-01
6                                     -1.2787790121731035e-02
7                                     -2.8775554098538603e-01
8                                     -1.1665832966319911e-01
9                                     -3.2787532017674081e-01
10                                    -1.4314063901028717e-01
11                                     6.3363831412137728e-01
12                                    -2.9712969305034065e-01
13                                    -3.4766523479620304e-01
14                                     1.5028074550567538e-02
15                                    -3.5797932739113847e-01
16                                    -3.8477092366284538e-01
17                                    -8.4000795569867392e-03
18                                    -2.9827047192607825e-01
19                                     1.1390064559471558e-01
20                                     1.1530900439723368e-01
21                                     1.3307808320495462e-01
22                                     1.1253453397133928e-01
23                                     1.0313587508562150e-01
24                                     1.0692855394120793e-01
25                                     1.1066280547800944e-01
26                                     1.2359482984137604e-01
27                                     1.2103714847440916e-01
28                                     1.0763819526884344e-01
29                                     1.7491245099826802e-01
30                                     2.0768036488710995e-01
31                                     1.1062944935561891e-01
32                                     1.0646157687434821e-01
33                                     1.5379915031338243e-01
34                                     1.0939534733857181e-01
35                                     1.1932939047817093e-01
36                                     1.0003308791565058e-01
37                                     1.0175403961037000e-01
38                                     1.1590377589937573e-01
39                                     1.2784157311168332e-01
40                                     1.0474052567005188e-01
$End
$Loewdin_Population_Analysis
   &GeometryIndex 1
   &ListStatus       OUT
   &NATOMS [&Type "Integer"] 41
   &ATNO [&Type "ArrayOfIntegers", &Dim (41,1)] 
                                                         0

0                                                        6
1                                                        6
2                                                        8
3                                                       15
4                                                       16
5                                                        8
6                                                        6
7                                                        6
8                                                       16
9                                                        6
10                                                      16
11                                                      15
12                                                      16
13                                                       8
14                                                       6
15                                                       6
16                                                       8
17                                                       6
18                                                       6
19                                                       1
20                                                       1
21                                                       1
22                                                       1
23                                                       1
24                                                       1
25                                                       1
26                                                       1
27                                                       1
28                                                       1
29                                                       1
30                                                       1
31                                                       1
32                                                       1
33                                                       1
34                                                       1
35                                                       1
36                                                       1
37                                                       1
38                                                       1
39                                                       1
40                                                       1
   &ATOMICCHARGES [&Type "ArrayOfDoubles", &Dim (41,1)] 
                                                         0

0                                      1.9376302842587958e-03
1                                      8.3515164897043193e-02
2                                      4.6349559936116441e-01
3                                      4.7012192236640715e-02
4                                      8.1460629042697687e-05
5                                      2.8235650050618188e-01
6                                      2.5917888268558162e-02
7                                      9.4847951725135905e-04
8                                      1.5304680019434202e-04
9                                      7.0994574363549795e-05
10                                     7.8948518339611728e-05
11                                     4.5925917793253031e-03
12                                     1.0375845508895414e-05
13                                     2.8841976650313794e-02
14                                     2.5869878356845027e-03
15                                     7.0243040700810098e-05
16                                     4.7635667145920130e-02
17                                     9.1985655376905298e-03
18                                     1.5974720246367575e-04
19                                     1.2150617292723868e-04
20                                     3.4893778647307787e-06
21                                     1.3452246323997176e-05
22                                     1.4665017380960426e-04
23                                     5.8335969534265995e-04
24                                     2.0868906552113566e-04
25                                     5.1677259253330230e-05
26                                     4.3783006091518671e-06
27                                     5.2169147646003894e-06
28                                     3.1544674536010857e-05
29                                     3.1543230833148760e-06
30                                     5.9043571532127142e-06
31                                     2.3646307666490572e-05
32                                     3.3374792892988751e-06
33                                     2.6655724646813493e-05
34                                     4.3809018342616742e-06
35                                     3.2781991981719342e-06
36                                     1.0875922797946787e-05
37                                     7.1801296525505524e-05
38                                     7.5449920440110569e-07
39                                     8.5958420820974832e-07
40                                     1.1326892795446587e-05
$End
$Mayer_Population_Analysis
   &GeometryIndex 1
   &ListStatus       OUT
   &NATOMS [&Type "Integer"] 41 "Total number of atoms"
   &BONDTHRESH [&Type "Double"]       1.0000000000000001e-01  "The threshold for printing"
   &NBONDORDERSPRINT [&Type "Integer"] 43 "The number of bond orders larger than threshold"
   &BONDORDERS [&Type "ArrayOfDoubles", &Dim (43,1)] "The bond orders"
                                                         0

0                                      1.1664286673491719e+00
1                                      9.3710990202804334e-01
2                                      9.4359554828505732e-01
3                                      9.3461819874845320e-01
4                                      9.0720657164211238e-01
5                                      9.1752711619017402e-01
6                                      9.3464974287581115e-01
7                                      1.0823720530039065e+00
8                                      1.6704870162272767e+00
9                                      1.1154499215651952e+00
10                                     9.3261144273836083e-01
11                                     1.0814820526334340e-01
12                                     8.8352001074896747e-01
13                                     1.1657767426917545e+00
14                                     9.1680838437221879e-01
15                                     9.3484499173187685e-01
16                                     9.4460139655783615e-01
17                                     9.3321219896547214e-01
18                                     9.3859755589370941e-01
19                                     1.0024648731394612e+00
20                                     9.9810234213654170e-01
21                                     9.1036229528765067e-01
22                                     8.4270329516713260e-01
23                                     9.3269903973273083e-01
24                                     1.1800024698192424e-01
25                                     1.6424104138397748e+00
26                                     1.1423451903164579e+00
27                                     1.0643761420160875e+00
28                                     1.0854625448632602e-01
29                                     9.0233221875741265e-01
30                                     1.1688098402975464e+00
31                                     9.3187650233093899e-01
32                                     9.2704962199064911e-01
33                                     9.2489189374376513e-01
34                                     9.3539048221745102e-01
35                                     9.3575845919804523e-01
36                                     9.1686140741365563e-01
37                                     1.1652315381803378e+00
38                                     9.1288821501860096e-01
39                                     9.3573046310188401e-01
40                                     9.4729457904119652e-01
41                                     9.2940677728072374e-01
42                                     9.3794352429810546e-01
   &COMPONENTS [&Type "ArrayOfIntegers", &Dim (43,4)] "The indices and atomic numbers of the bonding atoms"
                                                         0                           1                           2                           3

0                                                        0                           6                           1                           6
1                                                        0                           6                          19                           1
2                                                        0                           6                          20                           1
3                                                        0                           6                          21                           1
4                                                        1                           6                           2                           8
5                                                        1                           6                          22                           1
6                                                        1                           6                          23                           1
7                                                        2                           8                           3                          15
8                                                        3                          15                           4                          16
9                                                        3                          15                           5                           8
10                                                       3                          15                           8                          16
11                                                       4                          16                           8                          16
12                                                       5                           8                           6                           6
13                                                       6                           6                           7                           6
14                                                       6                           6                          24                           1
15                                                       6                           6                          25                           1
16                                                       7                           6                          26                           1
17                                                       7                           6                          27                           1
18                                                       7                           6                          28                           1
19                                                       8                          16                           9                           6
20                                                       9                           6                          10                          16
21                                                       9                           6                          29                           1
22                                                       9                           6                          30                           1
23                                                      10                          16                          11                          15
24                                                      10                          16                          12                          16
25                                                      11                          15                          12                          16
26                                                      11                          15                          13                           8
27                                                      11                          15                          16                           8
28                                                      12                          16                          30                           1
29                                                      13                           8                          14                           6
30                                                      14                           6                          15                           6
31                                                      14                           6                          31                           1
32                                                      14                           6                          32                           1
33                                                      15                           6                          33                           1
34                                                      15                           6                          34                           1
35                                                      15                           6                          35                           1
36                                                      16                           8                          17                           6
37                                                      17                           6                          18                           6
38                                                      17                           6                          36                           1
39                                                      17                           6                          37                           1
40                                                      18                           6                          38                           1
41                                                      18                           6                          39                           1
42                                                      18                           6                          40                           1
   &ATNO [&Type "ArrayOfIntegers", &Dim (41,1)] "Atomic number of the elements"
                                                         0

0                                                        6
1                                                        6
2                                                        8
3                                                       15
4                                                       16
5                                                        8
6                                                        6
7                                                        6
8                                                       16
9                                                        6
10                                                      16
11                                                      15
12                                                      16
13                                                       8
14                                                       6
15                                                       6
16                                                       8
17                                                       6
18                                                       6
19                                                       1
20                                                       1
21                                                       1
22                                                       1
23                                                       1
24                                                       1
25                                                       1
26                                                       1
27                                                       1
28                                                       1
29                                                       1
30                                                       1
31                                                       1
32                                                       1
33                                                       1
34                                                       1
35                                                       1
36                                                       1
37                                                       1
38                                                       1
39                                                       1
40                                                       1
   &NA [&Type "ArrayOfDoubles", &Dim (41,1)] "Mulliken gross atomic population"
                                                         0

0                                      6.3203216958596791e+00
1                                      5.9970004585079257e+00
2                                      8.3819563418158562e+00
3                                      1.4414969468165364e+01
4                                      1.6277837573314795e+01
5                                      8.3544479083777947e+00
6                                      6.0127877901217319e+00
7                                      6.2877555409853692e+00
8                                      1.6116658329663156e+01
9                                      6.3278753201767399e+00
10                                     1.6143140639010372e+01
11                                     1.4366361685878626e+01
12                                     1.6297129693050319e+01
13                                     8.3476652347961657e+00
14                                     5.9849719254494138e+00
15                                     6.3579793273911367e+00
16                                     8.3847709236628614e+00
17                                     6.0084000795569672e+00
18                                     6.2982704719260738e+00
19                                     8.8609935440528320e-01
20                                     8.8469099560276598e-01
21                                     8.6692191679504482e-01
22                                     8.8746546602865994e-01
23                                     8.9686412491437739e-01
24                                     8.9307144605879163e-01
25                                     8.8933719452199111e-01
26                                     8.7640517015862385e-01
27                                     8.7896285152559162e-01
28                                     8.9236180473115578e-01
29                                     8.2508754900173231e-01
30                                     7.9231963511289005e-01
31                                     8.8937055064438031e-01
32                                     8.9353842312565224e-01
33                                     8.4620084968661768e-01
34                                     8.9060465266142919e-01
35                                     8.8067060952182918e-01
36                                     8.9996691208434976e-01
37                                     8.9824596038963067e-01
38                                     8.8409622410062449e-01
39                                     8.7215842688831724e-01
40                                     8.9525947432994801e-01
   &ZA [&Type "ArrayOfDoubles", &Dim (41,1)] "Total nuclear charge"
                                                         0

0                                      6.0000000000000000e+00
1                                      6.0000000000000000e+00
2                                      8.0000000000000000e+00
3                                      1.5000000000000000e+01
4                                      1.6000000000000000e+01
5                                      8.0000000000000000e+00
6                                      6.0000000000000000e+00
7                                      6.0000000000000000e+00
8                                      1.6000000000000000e+01
9                                      6.0000000000000000e+00
10                                     1.6000000000000000e+01
11                                     1.5000000000000000e+01
12                                     1.6000000000000000e+01
13                                     8.0000000000000000e+00
14                                     6.0000000000000000e+00
15                                     6.0000000000000000e+00
16                                     8.0000000000000000e+00
17                                     6.0000000000000000e+00
18                                     6.0000000000000000e+00
19                                     1.0000000000000000e+00
20                                     1.0000000000000000e+00
21                                     1.0000000000000000e+00
22                                     1.0000000000000000e+00
23                                     1.0000000000000000e+00
24                                     1.0000000000000000e+00
25                                     1.0000000000000000e+00
26                                     1.0000000000000000e+00
27                                     1.0000000000000000e+00
28                                     1.0000000000000000e+00
29                                     1.0000000000000000e+00
30                                     1.0000000000000000e+00
31                                     1.0000000000000000e+00
32                                     1.0000000000000000e+00
33                                     1.0000000000000000e+00
34                                     1.0000000000000000e+00
35                                     1.0000000000000000e+00
36                                     1.0000000000000000e+00
37                                     1.0000000000000000e+00
38                                     1.0000000000000000e+00
39                                     1.0000000000000000e+00
40                                     1.0000000000000000e+00
   &QA [&Type "ArrayOfDoubles", &Dim (41,1)] "Mulliken gross atomic charge"
                                                         0

0                                     -3.2032169585967907e-01
1                                      2.9995414920742647e-03
2                                     -3.8195634181585625e-01
3                                      5.8503053183463649e-01
4                                     -2.7783757331479464e-01
5                                     -3.5444790837779472e-01
6                                     -1.2787790121731923e-02
7                                     -2.8775554098536915e-01
8                                     -1.1665832966315648e-01
9                                     -3.2787532017673993e-01
10                                    -1.4314063901037244e-01
11                                     6.3363831412137372e-01
12                                    -2.9712969305031933e-01
13                                    -3.4766523479616573e-01
14                                     1.5028074550586190e-02
15                                    -3.5797932739113669e-01
16                                    -3.8477092366286136e-01
17                                    -8.4000795569671993e-03
18                                    -2.9827047192607381e-01
19                                     1.1390064559471680e-01
20                                     1.1530900439723402e-01
21                                     1.3307808320495518e-01
22                                     1.1253453397134006e-01
23                                     1.0313587508562261e-01
24                                     1.0692855394120837e-01
25                                     1.1066280547800889e-01
26                                     1.2359482984137615e-01
27                                     1.2103714847440838e-01
28                                     1.0763819526884422e-01
29                                     1.7491245099826769e-01
30                                     2.0768036488710995e-01
31                                     1.1062944935561969e-01
32                                     1.0646157687434776e-01
33                                     1.5379915031338232e-01
34                                     1.0939534733857081e-01
35                                     1.1932939047817082e-01
36                                     1.0003308791565024e-01
37                                     1.0175403961036933e-01
38                                     1.1590377589937551e-01
39                                     1.2784157311168276e-01
40                                     1.0474052567005199e-01
   &VA [&Type "ArrayOfDoubles", &Dim (41,1)] "Mayer's total valence"
                                                         0

0                                      3.9885432512241694e+00
1                                      4.0054173878263484e+00
2                                      2.1667202131678147e+00
3                                      4.9644328472496664e+00
4                                      2.0819195054956934e+00
5                                      2.1731420883184103e+00
6                                      4.0040179123330555e+00
7                                      3.9907768476492502e+00
8                                      2.2690309459344991e+00
9                                      3.8112547351775272e+00
10                                     2.3006372458046243e+00
11                                     4.9507471591588752e+00
12                                     2.0721331971391992e+00
13                                     2.1919622437359161e+00
14                                     4.0275332619507385e+00
15                                     3.9898015941167313e+00
16                                     2.1700654538277169e+00
17                                     4.0044628997202629e+00
18                                     3.9777239751290718e+00
19                                     9.5462691002250721e-01
20                                     9.6193959025810816e-01
21                                     9.8028094599199433e-01
22                                     9.8069813554211549e-01
23                                     9.4942623306357310e-01
24                                     9.7376794853347814e-01
25                                     9.4832241651362503e-01
26                                     9.6177246375407721e-01
27                                     9.8416293229568319e-01
28                                     9.5355217821109983e-01
29                                     9.3596742117230491e-01
30                                     1.0026952707802206e+00
31                                     9.4986408540783129e-01
32                                     9.6056173989601523e-01
33                                     9.8569958313566597e-01
34                                     9.5335103476818106e-01
35                                     9.6148608627424137e-01
36                                     9.8285398313711714e-01
37                                     9.4779369874429464e-01
38                                     9.6076484792643291e-01
39                                     1.0002916528079131e+00
40                                     9.5409779077891477e-01
   &BVA [&Type "ArrayOfDoubles", &Dim (41,1)] "Mayer's bonded valence"
                                                         0

0                                      3.9885432512241432e+00
1                                      4.0054173878263608e+00
2                                      2.1667202131678365e+00
3                                      4.9644328472496868e+00
4                                      2.0819195054956685e+00
5                                      2.1731420883184915e+00
6                                      4.0040179123330786e+00
7                                      3.9907768476492822e+00
8                                      2.2690309459345070e+00
9                                      3.8112547351775006e+00
10                                     2.3006372458044253e+00
11                                     4.9507471591588805e+00
12                                     2.0721331971392223e+00
13                                     2.1919622437359885e+00
14                                     4.0275332619507607e+00
15                                     3.9898015941167553e+00
16                                     2.1700654538277120e+00
17                                     4.0044628997203322e+00
18                                     3.9777239751290892e+00
19                                     9.5462691002251021e-01
20                                     9.6193959025810516e-01
21                                     9.8028094599199345e-01
22                                     9.8069813554211038e-01
23                                     9.4942623306357543e-01
24                                     9.7376794853347726e-01
25                                     9.4832241651363236e-01
26                                     9.6177246375407732e-01
27                                     9.8416293229568230e-01
28                                     9.5355217821110039e-01
29                                     9.3596742117229459e-01
30                                     1.0026952707802208e+00
31                                     9.4986408540782796e-01
32                                     9.6056173989601246e-01
33                                     9.8569958313566930e-01
34                                     9.5335103476818184e-01
35                                     9.6148608627424803e-01
36                                     9.8285398313712391e-01
37                                     9.4779369874429276e-01
38                                     9.6076484792643346e-01
39                                     1.0002916528079093e+00
40                                     9.5409779077891410e-01
   &FA [&Type "ArrayOfDoubles", &Dim (41,1)] "Mayer's free valence"
                                                         0

0                                      0.0000000000000000e+00
1                                      0.0000000000000000e+00
2                                      0.0000000000000000e+00
3                                      0.0000000000000000e+00
4                                      0.0000000000000000e+00
5                                      0.0000000000000000e+00
6                                      0.0000000000000000e+00
7                                      0.0000000000000000e+00
8                                      0.0000000000000000e+00
9                                      0.0000000000000000e+00
10                                     0.0000000000000000e+00
11                                     0.0000000000000000e+00
12                                     0.0000000000000000e+00
13                                     0.0000000000000000e+00
14                                     0.0000000000000000e+00
15                                     0.0000000000000000e+00
16                                     0.0000000000000000e+00
17                                     0.0000000000000000e+00
18                                     0.0000000000000000e+00
19                                     0.0000000000000000e+00
20                                     0.0000000000000000e+00
21                                     0.0000000000000000e+00
22                                     0.0000000000000000e+00
23                                     0.0000000000000000e+00
24                                     0.0000000000000000e+00
25                                     0.0000000000000000e+00
26                                     0.0000000000000000e+00
27                                     0.0000000000000000e+00
28                                     0.0000000000000000e+00
29                                     0.0000000000000000e+00
30                                     0.0000000000000000e+00
31                                     0.0000000000000000e+00
32                                     0.0000000000000000e+00
33                                     0.0000000000000000e+00
34                                     0.0000000000000000e+00
35                                     0.0000000000000000e+00
36                                     0.0000000000000000e+00
37                                     0.0000000000000000e+00
38                                     0.0000000000000000e+00
39                                     0.0000000000000000e+00
40                                     0.0000000000000000e+00
$End
$VdW_Correction
   &GeometryIndex 1
   &ListStatus       OUT
   &VDW [&Type "Double"]      -6.8104377508446126e-02
$End
$Calculation_Info
   &GeometryIndex 1
   &ListStatus       OUT
   &MULT [&Type "Integer"] 1
   &CHARGE [&Type "Integer"] 0
   &NUMOFATOMS [&Type "Integer"] 41
   &NUMOFELECTRONS [&Type "Integer"] 202
   &NUMOFFCELECTRONS [&Type "Integer"] 1
   &NUMOFCORRELECTRONS [&Type "Integer"] 0
   &NUMOFBASISFUNCTS [&Type "Integer"] 334
   &NUMOFAUXCBASISFUNCTS [&Type "Integer"] 0
   &NUMOFAUXJBASISFUNCTS [&Type "Integer"] 1185
   &NUMOFAUXJKBASISFUNCTS [&Type "Integer"] 0
   &NUMOFCABSBASISFUNCTS [&Type "Integer"] 0
   &TOTALENERGY [&Type "Double"]      -2.9295146539078582e+03  "Hartrees"
$End
$SCF_Dipole_Moment
   &GeometryIndex 1
   &ListStatus       OUT
   &METHOD [&Type "String"] "SCF"
   &LEVEL [&Type "String"] "Relaxed density"
   &MULT [&Type "Integer"] 1
   &STATE [&Type "Integer"] -1
   &IRREP [&Type "Integer"] 0
   &NATOMS [&Type "Integer"] 41
   &DODIPOLEATOM [&Type "Boolean"] false
   &DIPOLEELECCONTRIB [&Type "ArrayOfDoubles", &Dim (3,1)] "Electronic contribution"
                                                         0

0                                      9.3305415809771031e-01
1                                      5.3302180455816206e+00
2                                     -1.0726178530328772e+01
   &DIPOLENUCCONTRIB [&Type "ArrayOfDoubles", &Dim (3,1)] "Nuclear contribution"
                                                         0

0                                     -4.8090945171186128e-01
1                                     -6.2426169979205666e+00
2                                      1.2356829246760638e+01
   &DIPOLETOTAL [&Type "ArrayOfDoubles", &Dim (3,1)] "Total"
                                                         0

0                                      4.5214470638584903e-01
1                                     -9.1239895233894597e-01
2                                      1.6306507164318660e+00
   &DIPOLEMAGNITUDE [&Type "Double", &Units "a.u."]       1.9224797639355555e+00
$End
