*************************************************
******************* ORCA 6.0.0 ******************
*************************************************
$Calculation_Status
   &GeometryIndex 1
   &ListStatus       OUT
   &VERSION [&Type "String"] "6.0.0"
   &PROGNAME [&Type "String"] "LeanSCF"
   &STATUS [&Type "String"] "NORMAL TERMINATION"
$End
$Geometry
   &GeometryIndex 1
   &ListStatus       OUT
   &NATOMS [&Type "Integer"] 41
   &NCORELESSECP [&Type "Integer"] 0
   &NGHOSTATOMS [&Type "Integer"] 0
   &CartesianCoordinates [&Type "Coordinates", &Dim(41,4), &Units "Bohr"] 
              C      6.698628922413   -4.424171451981   -2.141692527048
              C      7.631994534070   -1.726062777409   -1.911295714812
              O      6.366322818254   -0.373752930961    0.067300616960
              P      3.482365512717    0.513683279318   -0.042714522367
              S      2.316975066706    1.081620185304   -3.518709823089
              O      3.530129919052    2.850655147727    1.820065541927
              C      3.809921353145    5.413632357492    0.956588059275
              C      6.411381467466    5.900055432527   -0.133486422491
              S      1.653120840201   -1.878567904112    2.598027316249
              C      0.231175540218   -4.370151427022    0.708591024365
              S     -1.985350669911   -3.309068733942   -1.706826495233
              P     -3.897475777775   -0.403411952087    0.226120026379
              S     -2.519815573848    3.016948677228    0.754436580673
              O     -4.639697870563   -1.928204235171    2.685355213361
              C     -5.643904176816   -0.718687000942    4.921786373164
              C     -3.573659771507   -0.290481805885    6.854427145781
              O     -6.519994873899   -0.282655595997   -1.247613940179
              C     -6.935295135613    1.371612495428   -3.358666036109
              C     -5.371705041742    0.603204894681   -5.631167188536
              H      7.898792814467   -5.450322041014   -3.450636042633
              H      6.744503975834   -5.350326231161   -0.307885005523
              H      4.774342990539   -4.425957589376   -2.875602573264
              H      7.348478241140   -0.712786298775   -3.692277981844
              H      9.618184982590   -1.650560931008   -1.365193595395
              H      2.330223841766    5.796963080959   -0.439351102529
              H      3.457660639010    6.541584659363    2.646159012590
              H      7.856489720062    5.357397611298    1.221610901340
              H      6.664365158563    4.803854890815   -1.857854558510
              H      6.597402977947    7.894016828918   -0.576927615006
              H     -0.775063281198   -5.544238471315    2.063704058246
              H      1.666804424993   -5.459258053046   -0.279773250582
              H     -6.538204293255    1.065884892156    4.388021482179
              H     -7.072392241010   -2.032202018970    5.617793965183
              H     -2.187718280648    1.043399763141    6.127156404026
              H     -4.399344632356    0.472519041406    8.569432011571
              H     -2.617601919875   -2.056979833838    7.278062509670
              H     -8.956484082952    1.209924522745   -3.728559459578
              H     -6.474446638786    3.304331320159   -2.778280960027
              H     -3.364757849493    0.848940331809   -5.224830000109
              H     -5.708267216391   -1.369101072640   -6.097485226859
              H     -5.865185151248    1.781691927793   -7.235211914549
$End
$SCF_Energy
   &GeometryIndex 1
   &ListStatus       OUT
   &SCF_ENERGY [&Type "Double"]      -2.9296246857570386e+03
$End
$DFT_Energy
   &GeometryIndex 1
   &ListStatus       OUT
   &NALPHAEL [&Type "Integer"] 100
   &NBETAEL [&Type "Integer"] 100
   &NTOTALEL [&Type "Integer"] 201
   &EEXCHANGE [&Type "Double"]      -2.3180618614964467e+02
   &ECORR [&Type "Double"]      -7.3009434992695352e+00
   &ECNL [&Type "Double"]       0.0000000000000000e+00
   &EXC [&Type "Double"]      -2.3910712964891420e+02
   &EEMBED [&Type "Double"]       0.0000000000000000e+00
   &FINALEN [&Type "Double"]      -2.9296246857570386e+03  "No Van der Waals correction"
$End
$Mulliken_Population_Analysis
   &GeometryIndex 1
   &ListStatus       OUT
   &NATOMS [&Type "Integer"] 41
   &ATNO [&Type "ArrayOfIntegers", &Dim (41,1)] 
                                                         0

0                                                        6
1                                                        6
2                                                        8
3                                                       15
4                                                       16
5                                                        8
6                                                        6
7                                                        6
8                                                       16
9                                                        6
10                                                      16
11                                                      15
12                                                      16
13                                                       8
14                                                       6
15                                                       6
16                                                       8
17                                                       6
18                                                       6
19                                                       1
20                                                       1
21                                                       1
22                                                       1
23                                                       1
24                                                       1
25                                                       1
26                                                       1
27                                                       1
28                                                       1
29                                                       1
30                                                       1
31                                                       1
32                                                       1
33                                                       1
34                                                       1
35                                                       1
36                                                       1
37                                                       1
38                                                       1
39                                                       1
40                                                       1
   &ATOMICCHARGES [&Type "ArrayOfDoubles", &Dim (41,1)] 
                                                         0

0                                     -3.2934055515841454e-01
1                                      9.7273872485992285e-04
2                                     -3.7237439804289174e-01
3                                      6.2842405885285935e-01
4                                     -3.0289461002769258e-01
5                                     -3.7338370495180406e-01
6                                     -1.8331490481715562e-03
7                                     -3.0468107408786160e-01
8                                     -9.6344414658826594e-02
9                                     -3.2548941016471122e-01
10                                    -9.2551708459087223e-02
11                                     6.1300131524443380e-01
12                                    -3.2343710674634352e-01
13                                    -3.7510001756052702e-01
14                                    -1.0605527452298702e-03
15                                    -2.9203960564881992e-01
16                                    -3.7130731031635023e-01
17                                     1.0934126620103513e-03
18                                    -3.4153420120416556e-01
19                                     1.1349397643232306e-01
20                                     1.2086591934252411e-01
21                                     1.2650814140604716e-01
22                                     1.0966151055541173e-01
23                                     1.0322882123207389e-01
24                                     1.2085594986598192e-01
25                                     1.0414637009143057e-01
26                                     1.1472938208692329e-01
27                                     1.2090152110504249e-01
28                                     1.0963262335647728e-01
29                                     1.8725349611553310e-01
30                                     1.8225569191451751e-01
31                                     1.0350754852389654e-01
32                                     1.0432588680286925e-01
33                                     1.3735660565660268e-01
34                                     1.0524268857327068e-01
35                                     1.0657660308929684e-01
36                                     1.0115333314286046e-01
37                                     1.0845761374379936e-01
38                                     1.4962157226500250e-01
39                                     1.1789607484986775e-01
40                                     1.1220896318493612e-01
$End
$Loewdin_Population_Analysis
   &GeometryIndex 1
   &ListStatus       OUT
   &NATOMS [&Type "Integer"] 41
   &ATNO [&Type "ArrayOfIntegers", &Dim (41,1)] 
                                                         0

0                                                        6
1                                                        6
2                                                        8
3                                                       15
4                                                       16
5                                                        8
6                                                        6
7                                                        6
8                                                       16
9                                                        6
10                                                      16
11                                                      15
12                                                      16
13                                                       8
14                                                       6
15                                                       6
16                                                       8
17                                                       6
18                                                       6
19                                                       1
20                                                       1
21                                                       1
22                                                       1
23                                                       1
24                                                       1
25                                                       1
26                                                       1
27                                                       1
28                                                       1
29                                                       1
30                                                       1
31                                                       1
32                                                       1
33                                                       1
34                                                       1
35                                                       1
36                                                       1
37                                                       1
38                                                       1
39                                                       1
40                                                       1
   &ATOMICCHARGES [&Type "ArrayOfDoubles", &Dim (41,1)] 
                                                         0

0                                      7.0708464864983585e-05
1                                      2.9626084401256580e-03
2                                      1.6017018715950571e-02
3                                      1.7980556816405862e-03
4                                      3.0419952399560768e-05
5                                      1.3808417637251092e-02
6                                      1.5546869487296235e-03
7                                      6.4383127325663112e-05
8                                      2.2310363632781246e-04
9                                      2.5346005576703937e-04
10                                     1.5358913459979760e-04
11                                     4.7137438344813959e-02
12                                     1.1579875737689885e-04
13                                     2.6819920330056823e-01
14                                     2.4196616400554347e-02
15                                     6.1061490515707786e-04
16                                     5.2308532653284401e-01
17                                     9.6010612255902780e-02
18                                     2.4394189451192208e-03
19                                     3.6028184472674919e-06
20                                     6.7864487775913438e-08
21                                     1.1316709873489229e-07
22                                     6.6346211268092457e-06
23                                     1.6543995572264051e-05
24                                     2.3530739082815616e-06
25                                     7.0832002475450961e-06
26                                     1.5066001658280069e-06
27                                     2.1276911600367977e-06
28                                     5.8301447694437330e-06
29                                     2.4173474354157920e-05
30                                     2.4275710676992207e-05
31                                     1.1250632118628930e-04
32                                     6.0435463690704641e-05
33                                     3.6660271556633527e-06
34                                     4.1796100006173384e-05
35                                     4.3609513061328864e-06
36                                     6.1346830925330627e-04
37                                     1.6845410965079800e-04
38                                     1.3397693872269038e-05
39                                     5.1215216390610781e-06
40                                     1.5099990290431259e-04
$End
$Mayer_Population_Analysis
   &GeometryIndex 1
   &ListStatus       OUT
   &NATOMS [&Type "Integer"] 41 "Total number of atoms"
   &BONDTHRESH [&Type "Double"]       1.0000000000000001e-01  "The threshold for printing"
   &NBONDORDERSPRINT [&Type "Integer"] 42 "The number of bond orders larger than threshold"
   &BONDORDERS [&Type "ArrayOfDoubles", &Dim (42,1)] "The bond orders"
                                                         0

0                                      1.1614671702477741e+00
1                                      9.3622843956041968e-01
2                                      9.4370147517216429e-01
3                                      9.2193109374295523e-01
4                                      9.2478241436261677e-01
5                                      9.1191586594762064e-01
6                                      9.3297129790709155e-01
7                                      1.0839574093458177e+00
8                                      1.6047325113867148e+00
9                                      1.1273455146145761e+00
10                                     9.3019630847964174e-01
11                                     1.1918514379433083e-01
12                                     9.0430689926883523e-01
13                                     1.1618100725641760e+00
14                                     9.1616665794205754e-01
15                                     9.3579759027159504e-01
16                                     9.4552424874550145e-01
17                                     9.3578943791478697e-01
18                                     9.3918611932457163e-01
19                                     1.0141253402855224e+00
20                                     9.9440553907689178e-01
21                                     9.0735046122594076e-01
22                                     8.9493145687859110e-01
23                                     9.7011894657359266e-01
24                                     1.1625396468282911e-01
25                                     1.5903714519860885e+00
26                                     1.1175280991966006e+00
27                                     1.1051158664822360e+00
28                                     8.9072286718361504e-01
29                                     1.1725260881330108e+00
30                                     9.1376793990469163e-01
31                                     9.3436928685319476e-01
32                                     9.3360615742011499e-01
33                                     9.3949135868115929e-01
34                                     9.4606557259495916e-01
35                                     9.1265646918260457e-01
36                                     1.1629164639751635e+00
37                                     9.3257622970865350e-01
38                                     9.1101208976961046e-01
39                                     9.2632578311683667e-01
40                                     9.4371887975865376e-01
41                                     9.3805997568947097e-01
   &COMPONENTS [&Type "ArrayOfIntegers", &Dim (42,4)] "The indices and atomic numbers of the bonding atoms"
                                                         0                           1                           2                           3

0                                                        0                           6                           1                           6
1                                                        0                           6                          19                           1
2                                                        0                           6                          20                           1
3                                                        0                           6                          21                           1
4                                                        1                           6                           2                           8
5                                                        1                           6                          22                           1
6                                                        1                           6                          23                           1
7                                                        2                           8                           3                          15
8                                                        3                          15                           4                          16
9                                                        3                          15                           5                           8
10                                                       3                          15                           8                          16
11                                                       4                          16                           8                          16
12                                                       5                           8                           6                           6
13                                                       6                           6                           7                           6
14                                                       6                           6                          24                           1
15                                                       6                           6                          25                           1
16                                                       7                           6                          26                           1
17                                                       7                           6                          27                           1
18                                                       7                           6                          28                           1
19                                                       8                          16                           9                           6
20                                                       9                           6                          10                          16
21                                                       9                           6                          29                           1
22                                                       9                           6                          30                           1
23                                                      10                          16                          11                          15
24                                                      10                          16                          12                          16
25                                                      11                          15                          12                          16
26                                                      11                          15                          13                           8
27                                                      11                          15                          16                           8
28                                                      13                           8                          14                           6
29                                                      14                           6                          15                           6
30                                                      14                           6                          31                           1
31                                                      14                           6                          32                           1
32                                                      15                           6                          33                           1
33                                                      15                           6                          34                           1
34                                                      15                           6                          35                           1
35                                                      16                           8                          17                           6
36                                                      17                           6                          18                           6
37                                                      17                           6                          36                           1
38                                                      17                           6                          37                           1
39                                                      18                           6                          38                           1
40                                                      18                           6                          39                           1
41                                                      18                           6                          40                           1
   &ATNO [&Type "ArrayOfIntegers", &Dim (41,1)] "Atomic number of the elements"
                                                         0

0                                                        6
1                                                        6
2                                                        8
3                                                       15
4                                                       16
5                                                        8
6                                                        6
7                                                        6
8                                                       16
9                                                        6
10                                                      16
11                                                      15
12                                                      16
13                                                       8
14                                                       6
15                                                       6
16                                                       8
17                                                       6
18                                                       6
19                                                       1
20                                                       1
21                                                       1
22                                                       1
23                                                       1
24                                                       1
25                                                       1
26                                                       1
27                                                       1
28                                                       1
29                                                       1
30                                                       1
31                                                       1
32                                                       1
33                                                       1
34                                                       1
35                                                       1
36                                                       1
37                                                       1
38                                                       1
39                                                       1
40                                                       1
   &NA [&Type "ArrayOfDoubles", &Dim (41,1)] "Mulliken gross atomic population"
                                                         0

0                                      6.3293405551584190e+00
1                                      5.9990272612751561e+00
2                                      8.3723743980429131e+00
3                                      1.4371575941147141e+01
4                                      1.6302894610027671e+01
5                                      8.3733837049517614e+00
6                                      6.0018331490481573e+00
7                                      6.3046810740878589e+00
8                                      1.6096344414658812e+01
9                                      6.3254894101646935e+00
10                                     1.6092551708459172e+01
11                                     1.4386998684755621e+01
12                                     1.6323437106746333e+01
13                                     8.3751000175605324e+00
14                                     6.0010605527452299e+00
15                                     6.2920396056488208e+00
16                                     8.3713073103163733e+00
17                                     5.9989065873379959e+00
18                                     6.3415342012041709e+00
19                                     8.8650602356767738e-01
20                                     8.7913408065747589e-01
21                                     8.7349185859395195e-01
22                                     8.9033848944458793e-01
23                                     8.9677117876792745e-01
24                                     8.7914405013401742e-01
25                                     8.9585362990856821e-01
26                                     8.8527061791307649e-01
27                                     8.7909847889495696e-01
28                                     8.9036737664352394e-01
29                                     8.1274650388446767e-01
30                                     8.1774430808548237e-01
31                                     8.9649245147610368e-01
32                                     8.9567411319712953e-01
33                                     8.6264339434339721e-01
34                                     8.9475731142672887e-01
35                                     8.9342339691070205e-01
36                                     8.9884666685713899e-01
37                                     8.9154238625620064e-01
38                                     8.5037842773499694e-01
39                                     8.8210392515013214e-01
40                                     8.8779103681506444e-01
   &ZA [&Type "ArrayOfDoubles", &Dim (41,1)] "Total nuclear charge"
                                                         0

0                                      6.0000000000000000e+00
1                                      6.0000000000000000e+00
2                                      8.0000000000000000e+00
3                                      1.5000000000000000e+01
4                                      1.6000000000000000e+01
5                                      8.0000000000000000e+00
6                                      6.0000000000000000e+00
7                                      6.0000000000000000e+00
8                                      1.6000000000000000e+01
9                                      6.0000000000000000e+00
10                                     1.6000000000000000e+01
11                                     1.5000000000000000e+01
12                                     1.6000000000000000e+01
13                                     8.0000000000000000e+00
14                                     6.0000000000000000e+00
15                                     6.0000000000000000e+00
16                                     8.0000000000000000e+00
17                                     6.0000000000000000e+00
18                                     6.0000000000000000e+00
19                                     1.0000000000000000e+00
20                                     1.0000000000000000e+00
21                                     1.0000000000000000e+00
22                                     1.0000000000000000e+00
23                                     1.0000000000000000e+00
24                                     1.0000000000000000e+00
25                                     1.0000000000000000e+00
26                                     1.0000000000000000e+00
27                                     1.0000000000000000e+00
28                                     1.0000000000000000e+00
29                                     1.0000000000000000e+00
30                                     1.0000000000000000e+00
31                                     1.0000000000000000e+00
32                                     1.0000000000000000e+00
33                                     1.0000000000000000e+00
34                                     1.0000000000000000e+00
35                                     1.0000000000000000e+00
36                                     1.0000000000000000e+00
37                                     1.0000000000000000e+00
38                                     1.0000000000000000e+00
39                                     1.0000000000000000e+00
40                                     1.0000000000000000e+00
   &QA [&Type "ArrayOfDoubles", &Dim (41,1)] "Mulliken gross atomic charge"
                                                         0

0                                     -3.2934055515841898e-01
1                                      9.7273872484393564e-04
2                                     -3.7237439804291306e-01
3                                      6.2842405885285935e-01
4                                     -3.0289461002767126e-01
5                                     -3.7338370495176143e-01
6                                     -1.8331490481573454e-03
7                                     -3.0468107408785894e-01
8                                     -9.6344414658812383e-02
9                                     -3.2548941016469346e-01
10                                    -9.2551708459172488e-02
11                                     6.1300131524437873e-01
12                                    -3.2343710674633286e-01
13                                    -3.7510001756053235e-01
14                                    -1.0605527452298702e-03
15                                    -2.9203960564882081e-01
16                                    -3.7130731031637332e-01
17                                     1.0934126620041340e-03
18                                    -3.4153420120417088e-01
19                                     1.1349397643232262e-01
20                                     1.2086591934252411e-01
21                                     1.2650814140604805e-01
22                                     1.0966151055541207e-01
23                                     1.0322882123207255e-01
24                                     1.2085594986598258e-01
25                                     1.0414637009143179e-01
26                                     1.1472938208692351e-01
27                                     1.2090152110504304e-01
28                                     1.0963262335647606e-01
29                                     1.8725349611553233e-01
30                                     1.8225569191451763e-01
31                                     1.0350754852389632e-01
32                                     1.0432588680287047e-01
33                                     1.3735660565660279e-01
34                                     1.0524268857327113e-01
35                                     1.0657660308929795e-01
36                                     1.0115333314286101e-01
37                                     1.0845761374379936e-01
38                                     1.4962157226500306e-01
39                                     1.1789607484986786e-01
40                                     1.1220896318493556e-01
   &VA [&Type "ArrayOfDoubles", &Dim (41,1)] "Mayer's total valence"
                                                         0

0                                      3.9837205974889933e+00
1                                      4.0117738275802184e+00
2                                      2.1713931937285991e+00
3                                      4.9342214848906485e+00
4                                      2.0923082596272677e+00
5                                      2.1842865055681364e+00
6                                      3.9978763743212533e+00
7                                      3.9924928345801511e+00
8                                      2.2897482740230135e+00
9                                      3.8843083883700755e+00
10                                     2.2663990182444533e+00
11                                     4.9693245218105222e+00
12                                     2.0747255484509797e+00
13                                     2.1600285464338471e+00
14                                     4.0081927922070593e+00
15                                     3.9943529421695279e+00
16                                     2.1775200281244129e+00
17                                     3.9975159033245946e+00
18                                     3.9851892499231547e+00
19                                     9.5460518174974984e-01
20                                     9.5918511571409559e-01
21                                     9.8623695295250058e-01
22                                     9.8356755886990643e-01
23                                     9.5024708999464191e-01
24                                     9.7670803188263944e-01
25                                     9.5116091076862586e-01
26                                     9.6003161958793160e-01
27                                     9.8380019503855565e-01
28                                     9.5401352236830184e-01
29                                     9.3451415340073984e-01
30                                     9.4192814425162685e-01
31                                     9.8114805804562544e-01
32                                     9.4809387409150259e-01
33                                     9.8464857640854997e-01
34                                     9.5419920496571375e-01
35                                     9.6181868597160380e-01
36                                     9.4943215320365471e-01
37                                     9.8886052967057902e-01
38                                     9.7957390106010367e-01
39                                     9.5850985113658183e-01
40                                     9.5592252479965090e-01
   &BVA [&Type "ArrayOfDoubles", &Dim (41,1)] "Mayer's bonded valence"
                                                         0

0                                      3.9837205974889751e+00
1                                      4.0117738275802166e+00
2                                      2.1713931937285560e+00
3                                      4.9342214848906734e+00
4                                      2.0923082596274059e+00
5                                      2.1842865055682288e+00
6                                      3.9978763743212844e+00
7                                      3.9924928345801556e+00
8                                      2.2897482740230299e+00
9                                      3.8843083883701168e+00
10                                     2.2663990182442677e+00
11                                     4.9693245218104032e+00
12                                     2.0747255484510356e+00
13                                     2.1600285464337872e+00
14                                     4.0081927922071152e+00
15                                     3.9943529421695723e+00
16                                     2.1775200281243681e+00
17                                     3.9975159033245351e+00
18                                     3.9851892499230477e+00
19                                     9.5460518174975306e-01
20                                     9.5918511571410481e-01
21                                     9.8623695295249569e-01
22                                     9.8356755886990643e-01
23                                     9.5024708999463925e-01
24                                     9.7670803188264510e-01
25                                     9.5116091076863141e-01
26                                     9.6003161958793226e-01
27                                     9.8380019503855554e-01
28                                     9.5401352236830439e-01
29                                     9.3451415340073940e-01
30                                     9.4192814425162874e-01
31                                     9.8114805804563243e-01
32                                     9.4809387409151047e-01
33                                     9.8464857640856429e-01
34                                     9.5419920496572430e-01
35                                     9.6181868597161413e-01
36                                     9.4943215320364149e-01
37                                     9.8886052967058180e-01
38                                     9.7957390106009556e-01
39                                     9.5850985113657605e-01
40                                     9.5592252479963746e-01
   &FA [&Type "ArrayOfDoubles", &Dim (41,1)] "Mayer's free valence"
                                                         0

0                                      0.0000000000000000e+00
1                                      0.0000000000000000e+00
2                                      0.0000000000000000e+00
3                                      0.0000000000000000e+00
4                                      0.0000000000000000e+00
5                                      0.0000000000000000e+00
6                                      0.0000000000000000e+00
7                                      0.0000000000000000e+00
8                                      0.0000000000000000e+00
9                                      0.0000000000000000e+00
10                                     0.0000000000000000e+00
11                                     0.0000000000000000e+00
12                                     0.0000000000000000e+00
13                                     0.0000000000000000e+00
14                                     0.0000000000000000e+00
15                                     0.0000000000000000e+00
16                                     0.0000000000000000e+00
17                                     0.0000000000000000e+00
18                                     0.0000000000000000e+00
19                                     0.0000000000000000e+00
20                                     0.0000000000000000e+00
21                                     0.0000000000000000e+00
22                                     0.0000000000000000e+00
23                                     0.0000000000000000e+00
24                                     0.0000000000000000e+00
25                                     0.0000000000000000e+00
26                                     0.0000000000000000e+00
27                                     0.0000000000000000e+00
28                                     0.0000000000000000e+00
29                                     0.0000000000000000e+00
30                                     0.0000000000000000e+00
31                                     0.0000000000000000e+00
32                                     0.0000000000000000e+00
33                                     0.0000000000000000e+00
34                                     0.0000000000000000e+00
35                                     0.0000000000000000e+00
36                                     0.0000000000000000e+00
37                                     0.0000000000000000e+00
38                                     0.0000000000000000e+00
39                                     0.0000000000000000e+00
40                                     0.0000000000000000e+00
$End
$VdW_Correction
   &GeometryIndex 1
   &ListStatus       OUT
   &VDW [&Type "Double"]      -7.0086575809282556e-02
$End
$Calculation_Info
   &GeometryIndex 1
   &ListStatus       OUT
   &MULT [&Type "Integer"] 1
   &CHARGE [&Type "Integer"] 0
   &NUMOFATOMS [&Type "Integer"] 41
   &NUMOFELECTRONS [&Type "Integer"] 202
   &NUMOFFCELECTRONS [&Type "Integer"] 1
   &NUMOFCORRELECTRONS [&Type "Integer"] 0
   &NUMOFBASISFUNCTS [&Type "Integer"] 334
   &NUMOFAUXCBASISFUNCTS [&Type "Integer"] 0
   &NUMOFAUXJBASISFUNCTS [&Type "Integer"] 1185
   &NUMOFAUXJKBASISFUNCTS [&Type "Integer"] 0
   &NUMOFCABSBASISFUNCTS [&Type "Integer"] 0
   &TOTALENERGY [&Type "Double"]      -2.9295109850528479e+03  "Hartrees"
$End
$SCF_Dipole_Moment
   &GeometryIndex 1
   &ListStatus       OUT
   &METHOD [&Type "String"] "SCF"
   &LEVEL [&Type "String"] "Relaxed density"
   &MULT [&Type "Integer"] 1
   &STATE [&Type "Integer"] -1
   &IRREP [&Type "Integer"] 0
   &NATOMS [&Type "Integer"] 41
   &DODIPOLEATOM [&Type "Boolean"] false
   &DIPOLEELECCONTRIB [&Type "ArrayOfDoubles", &Dim (3,1)] "Electronic contribution"
                                                         0

0                                     -5.4239797900922664e+00
1                                     -3.4265230970460343e+00
2                                      1.2349203721329671e+00
   &DIPOLENUCCONTRIB [&Type "ArrayOfDoubles", &Dim (3,1)] "Nuclear contribution"
                                                         0

0                                      5.6545199262249222e+00
1                                      2.9795283572341269e+00
2                                     -1.0238567149374473e+00
   &DIPOLETOTAL [&Type "ArrayOfDoubles", &Dim (3,1)] "Total"
                                                         0

0                                      2.3054013613265578e-01
1                                     -4.4699473981190740e-01
2                                      2.1106365719551978e-01
   &DIPOLEMAGNITUDE [&Type "Double", &Units "a.u."]       5.4543644833869154e-01
$End
