*************************************************
******************* ORCA 6.0.0 ******************
*************************************************
$Calculation_Status
   &GeometryIndex 1
   &ListStatus       OUT
   &VERSION [&Type "String"] "6.0.0"
   &PROGNAME [&Type "String"] "LeanSCF"
   &STATUS [&Type "String"] "NORMAL TERMINATION"
$End
$Geometry
   &GeometryIndex 1
   &ListStatus       OUT
   &NATOMS [&Type "Integer"] 41
   &NCORELESSECP [&Type "Integer"] 0
   &NGHOSTATOMS [&Type "Integer"] 0
   &CartesianCoordinates [&Type "Coordinates", &Dim(41,4), &Units "Bohr"] 
              C     10.909447464954   -2.346795049412    0.032714231695
              C      8.966795102993   -0.312766086113   -0.499527883956
              O      6.533307879806   -1.256605462159    0.290781908001
              P      3.993068725292    0.088676954646   -0.583075961815
              S      3.692953815184    0.637544850966   -4.235902207506
              O      3.931793489527    2.564549665243    1.129192472064
              C      3.445910552645    5.083408429554    0.240299503277
              C      5.909959159139    6.505867251842   -0.085235783765
              S      1.603335132149   -2.517105631739    1.213125421373
              C     -0.431570343390   -3.422647284675   -1.441814367348
              S     -3.703010337303   -3.583479200837   -0.513920918616
              P     -4.113429380477    0.242956365247    0.660866764507
              S     -2.265807941827    2.763240828337   -1.326254020944
              O     -3.318729076488    0.367581711852    3.526082325417
              C     -3.687782981563   -1.579899716554    5.416140510676
              C     -6.417430185079   -2.397926976251    5.644350395958
              O     -7.077887616008    0.682364399177    0.778876012299
              C     -8.545013480317    1.493312144222   -1.360696958989
              C     -8.612091009816   -0.466794038983   -3.446544740578
              H     10.910552432611   -2.803531783362    2.033640272901
              H     10.461748412569   -4.042115990353   -1.034294004003
              H     12.764740807149   -1.667188580616   -0.515721622397
              H      8.869863022406    0.135459209648   -2.518942157925
              H      9.369411333168    1.414600724972    0.560879366958
              H      2.405954390572    4.990515461510   -1.545118553625
              H      2.240445787166    5.942381365785    1.676396954906
              H      7.033378184515    5.631128982998   -1.570187966843
              H      5.498292647083    8.443942912346   -0.613726008615
              H      6.975090465740    6.489338953830    1.670408158242
              H      0.087252321483   -5.308613771414   -2.068585749784
              H     -0.184544019410   -2.036663791629   -2.954641473549
              H     -2.462000916452   -3.173866540843    4.934773273568
              H     -3.008308343086   -0.683961187147    7.143989685884
              H     -6.588526618334   -3.716145732008    7.206864739227
              H     -7.620973453403   -0.770099735605    5.989996367914
              H     -7.030743687832   -3.325371329867    3.914600854891
              H    -10.418692884208    1.825064001722   -0.567611389132
              H     -7.752770820345    3.271435462161   -2.060206399672
              H     -9.177194801343   -2.293571725432   -2.696948574911
              H     -9.948640601912    0.124466197461   -4.885439180393
              H     -6.751164824496   -0.647240540084   -4.306144319821
$End
$SCF_Energy
   &GeometryIndex 1
   &ListStatus       OUT
   &SCF_ENERGY [&Type "Double"]      -2.9296351095656260e+03
$End
$DFT_Energy
   &GeometryIndex 1
   &ListStatus       OUT
   &NALPHAEL [&Type "Integer"] 101
   &NBETAEL [&Type "Integer"] 101
   &NTOTALEL [&Type "Integer"] 202
   &EEXCHANGE [&Type "Double"]      -2.3180797547066922e+02
   &ECORR [&Type "Double"]      -7.2970520895716033e+00
   &ECNL [&Type "Double"]       0.0000000000000000e+00
   &EXC [&Type "Double"]      -2.3910502756024081e+02
   &EEMBED [&Type "Double"]       0.0000000000000000e+00
   &FINALEN [&Type "Double"]      -2.9296351095656260e+03  "No Van der Waals correction"
$End
$Mulliken_Population_Analysis
   &GeometryIndex 1
   &ListStatus       OUT
   &NATOMS [&Type "Integer"] 41
   &ATNO [&Type "ArrayOfIntegers", &Dim (41,1)] 
                                                         0

0                                                        6
1                                                        6
2                                                        8
3                                                       15
4                                                       16
5                                                        8
6                                                        6
7                                                        6
8                                                       16
9                                                        6
10                                                      16
11                                                      15
12                                                      16
13                                                       8
14                                                       6
15                                                       6
16                                                       8
17                                                       6
18                                                       6
19                                                       1
20                                                       1
21                                                       1
22                                                       1
23                                                       1
24                                                       1
25                                                       1
26                                                       1
27                                                       1
28                                                       1
29                                                       1
30                                                       1
31                                                       1
32                                                       1
33                                                       1
34                                                       1
35                                                       1
36                                                       1
37                                                       1
38                                                       1
39                                                       1
40                                                       1
   &ATOMICCHARGES [&Type "ArrayOfDoubles", &Dim (41,1)] 
                                                         0

0                                     -2.7044172361439855e-01
1                                     -2.5948417272686264e-02
2                                     -3.7570360917313650e-01
3                                      6.4484433746880931e-01
4                                     -3.2698140311509860e-01
5                                     -3.8308088321403133e-01
6                                     -1.6495354212018754e-02
7                                     -2.8820401298588116e-01
8                                     -9.9502858156839125e-02
9                                     -3.4348095406177670e-01
10                                    -1.1815319453619111e-01
11                                     5.9944432602408781e-01
12                                    -3.1609636599887381e-01
13                                    -3.5077560193201762e-01
14                                    -1.5539409987130881e-04
15                                    -3.0634322638587985e-01
16                                    -3.7232106727506498e-01
17                                     6.2432264266476523e-04
18                                    -3.2009567844475217e-01
19                                     1.1596799774027344e-01
20                                     1.1889431820506169e-01
21                                     1.0845473264421068e-01
22                                     1.0461528167341605e-01
23                                     1.0299089980983278e-01
24                                     1.2816456899185513e-01
25                                     1.0659509373136400e-01
26                                     1.1213298047003106e-01
27                                     1.1024813587881566e-01
28                                     1.1161881721140987e-01
29                                     1.8209422601376446e-01
30                                     2.1169895202967659e-01
31                                     1.1068887924446924e-01
32                                     1.1013798902303162e-01
33                                     1.1345057274375037e-01
34                                     1.2220523196253896e-01
35                                     1.1828133405544983e-01
36                                     1.0447232956260200e-01
37                                     1.1398996564984953e-01
38                                     1.1560090752723584e-01
39                                     1.1442817752480505e-01
40                                     1.3213536664938297e-01
$End
$Loewdin_Population_Analysis
   &GeometryIndex 1
   &ListStatus       OUT
   &NATOMS [&Type "Integer"] 41
   &ATNO [&Type "ArrayOfIntegers", &Dim (41,1)] 
                                                         0

0                                                        6
1                                                        6
2                                                        8
3                                                       15
4                                                       16
5                                                        8
6                                                        6
7                                                        6
8                                                       16
9                                                        6
10                                                      16
11                                                      15
12                                                      16
13                                                       8
14                                                       6
15                                                       6
16                                                       8
17                                                       6
18                                                       6
19                                                       1
20                                                       1
21                                                       1
22                                                       1
23                                                       1
24                                                       1
25                                                       1
26                                                       1
27                                                       1
28                                                       1
29                                                       1
30                                                       1
31                                                       1
32                                                       1
33                                                       1
34                                                       1
35                                                       1
36                                                       1
37                                                       1
38                                                       1
39                                                       1
40                                                       1
   &ATOMICCHARGES [&Type "ArrayOfDoubles", &Dim (41,1)] 
                                                         0

0                                      2.1105458723404847e-03
1                                      2.9304931161894220e-02
2                                      1.6400864128718923e-01
3                                      1.1630129549613547e-02
4                                      4.4999487758364759e-05
5                                      9.7611220674516608e-02
6                                      1.9124073532981487e-02
7                                      6.4722752595882001e-04
8                                      1.4541199006381467e-04
9                                      9.0509919590977961e-05
10                                     8.3044950350589212e-05
11                                     3.7610998237628313e-02
12                                     9.1706277782107015e-05
13                                     1.4319385076258087e-01
14                                     3.0529473290675409e-03
15                                     6.3073010699017966e-04
16                                     4.1597943736531695e-01
17                                     7.1824209546961365e-02
18                                     1.7274100532694760e-03
19                                     3.4039701712952065e-06
20                                     1.9727349953303299e-06
21                                     3.3081465050996231e-05
22                                     3.9462246915848312e-05
23                                     2.7068222598284063e-05
24                                     6.0512194215363104e-05
25                                     7.1494018978466046e-05
26                                     1.6842248704074288e-07
27                                     1.9231989216848503e-05
28                                     2.7496643801240493e-06
29                                     1.1248145558597927e-05
30                                     1.1537125198779309e-05
31                                     4.3631476013000013e-06
32                                     1.5714185145672891e-05
33                                     3.7608231787610850e-05
34                                     1.7961024825174160e-05
35                                     8.5177300513268002e-06
36                                     4.6978500668446978e-04
37                                     1.3706469244737798e-04
38                                     2.7818816738105647e-06
39                                     1.0720731337295186e-04
40                                     5.0409547882259558e-06
$End
$Mayer_Population_Analysis
   &GeometryIndex 1
   &ListStatus       OUT
   &NATOMS [&Type "Integer"] 41 "Total number of atoms"
   &BONDTHRESH [&Type "Double"]       1.0000000000000001e-01  "The threshold for printing"
   &NBONDORDERSPRINT [&Type "Integer"] 42 "The number of bond orders larger than threshold"
   &BONDORDERS [&Type "ArrayOfDoubles", &Dim (42,1)] "The bond orders"
                                                         0

0                                      1.1606942829078044e+00
1                                      9.5044387242285600e-01
2                                      9.5072328634105707e-01
3                                      9.4210987477334629e-01
4                                      9.1246355677689439e-01
5                                      9.1242378249927913e-01
6                                      9.2551210976412157e-01
7                                      1.1123740661343429e+00
8                                      1.6078746243241218e+00
9                                      1.1152328371016564e+00
10                                     9.5821466241866038e-01
11                                     1.1163388654062210e-01
12                                     9.0113383874868658e-01
13                                     1.1582984370301785e+00
14                                     9.0266392250173499e-01
15                                     9.3404866452895363e-01
16                                     9.4077883468169443e-01
17                                     9.4056516362753317e-01
18                                     9.4577337995077182e-01
19                                     1.0011514329116216e+00
20                                     1.0035877555691233e+00
21                                     9.0950973948778246e-01
22                                     8.5067578775253572e-01
23                                     9.3364761042555633e-01
24                                     1.0528294894124572e-01
25                                     1.6241367994619094e+00
26                                     1.1475546292398962e+00
27                                     1.0973347261641744e+00
28                                     9.0032940033117848e-01
29                                     1.1687311357373453e+00
30                                     9.1395655966319844e-01
31                                     9.3422779563453406e-01
32                                     9.3635446229680475e-01
33                                     9.4296794057988087e-01
34                                     9.3781291793496457e-01
35                                     9.0504911662276333e-01
36                                     1.1657823166956229e+00
37                                     9.3422042323958920e-01
38                                     9.1656958360448815e-01
39                                     9.4446313638946400e-01
40                                     9.3724981772880600e-01
41                                     9.3467864737774231e-01
   &COMPONENTS [&Type "ArrayOfIntegers", &Dim (42,4)] "The indices and atomic numbers of the bonding atoms"
                                                         0                           1                           2                           3

0                                                        0                           6                           1                           6
1                                                        0                           6                          19                           1
2                                                        0                           6                          20                           1
3                                                        0                           6                          21                           1
4                                                        1                           6                           2                           8
5                                                        1                           6                          22                           1
6                                                        1                           6                          23                           1
7                                                        2                           8                           3                          15
8                                                        3                          15                           4                          16
9                                                        3                          15                           5                           8
10                                                       3                          15                           8                          16
11                                                       4                          16                           8                          16
12                                                       5                           8                           6                           6
13                                                       6                           6                           7                           6
14                                                       6                           6                          24                           1
15                                                       6                           6                          25                           1
16                                                       7                           6                          26                           1
17                                                       7                           6                          27                           1
18                                                       7                           6                          28                           1
19                                                       8                          16                           9                           6
20                                                       9                           6                          10                          16
21                                                       9                           6                          29                           1
22                                                       9                           6                          30                           1
23                                                      10                          16                          11                          15
24                                                      10                          16                          12                          16
25                                                      11                          15                          12                          16
26                                                      11                          15                          13                           8
27                                                      11                          15                          16                           8
28                                                      13                           8                          14                           6
29                                                      14                           6                          15                           6
30                                                      14                           6                          31                           1
31                                                      14                           6                          32                           1
32                                                      15                           6                          33                           1
33                                                      15                           6                          34                           1
34                                                      15                           6                          35                           1
35                                                      16                           8                          17                           6
36                                                      17                           6                          18                           6
37                                                      17                           6                          36                           1
38                                                      17                           6                          37                           1
39                                                      18                           6                          38                           1
40                                                      18                           6                          39                           1
41                                                      18                           6                          40                           1
   &ATNO [&Type "ArrayOfIntegers", &Dim (41,1)] "Atomic number of the elements"
                                                         0

0                                                        6
1                                                        6
2                                                        8
3                                                       15
4                                                       16
5                                                        8
6                                                        6
7                                                        6
8                                                       16
9                                                        6
10                                                      16
11                                                      15
12                                                      16
13                                                       8
14                                                       6
15                                                       6
16                                                       8
17                                                       6
18                                                       6
19                                                       1
20                                                       1
21                                                       1
22                                                       1
23                                                       1
24                                                       1
25                                                       1
26                                                       1
27                                                       1
28                                                       1
29                                                       1
30                                                       1
31                                                       1
32                                                       1
33                                                       1
34                                                       1
35                                                       1
36                                                       1
37                                                       1
38                                                       1
39                                                       1
40                                                       1
   &NA [&Type "ArrayOfDoubles", &Dim (41,1)] "Mulliken gross atomic population"
                                                         0

0                                      6.2704417236143950e+00
1                                      6.0259484172726818e+00
2                                      8.3757036091731401e+00
3                                      1.4355155662531187e+01
4                                      1.6326981403115134e+01
5                                      8.3830808832140473e+00
6                                      6.0164953542120267e+00
7                                      6.2882040129858749e+00
8                                      1.6099502858156804e+01
9                                      6.3434809540617891e+00
10                                     1.6118153194536159e+01
11                                     1.4400555673975909e+01
12                                     1.6316096365998899e+01
13                                     8.3507756019320283e+00
14                                     6.0001553940998837e+00
15                                     6.3063432263858692e+00
16                                     8.3723210672750650e+00
17                                     5.9993756773573281e+00
18                                     6.3200956784447344e+00
19                                     8.8403200225972645e-01
20                                     8.8110568179493887e-01
21                                     8.9154526735578976e-01
22                                     8.9538471832658451e-01
23                                     8.9700910019016700e-01
24                                     8.7183543100814387e-01
25                                     8.9340490626863589e-01
26                                     8.8786701952996816e-01
27                                     8.8975186412118479e-01
28                                     8.8838118278858891e-01
29                                     8.1790577398623499e-01
30                                     7.8830104797032330e-01
31                                     8.8931112075553087e-01
32                                     8.8986201097696715e-01
33                                     8.8654942725625030e-01
34                                     8.7779476803746048e-01
35                                     8.8171866594454940e-01
36                                     8.9552767043739878e-01
37                                     8.8601003435015069e-01
38                                     8.8439909247276505e-01
39                                     8.8557182247519484e-01
40                                     8.6786463335061736e-01
   &ZA [&Type "ArrayOfDoubles", &Dim (41,1)] "Total nuclear charge"
                                                         0

0                                      6.0000000000000000e+00
1                                      6.0000000000000000e+00
2                                      8.0000000000000000e+00
3                                      1.5000000000000000e+01
4                                      1.6000000000000000e+01
5                                      8.0000000000000000e+00
6                                      6.0000000000000000e+00
7                                      6.0000000000000000e+00
8                                      1.6000000000000000e+01
9                                      6.0000000000000000e+00
10                                     1.6000000000000000e+01
11                                     1.5000000000000000e+01
12                                     1.6000000000000000e+01
13                                     8.0000000000000000e+00
14                                     6.0000000000000000e+00
15                                     6.0000000000000000e+00
16                                     8.0000000000000000e+00
17                                     6.0000000000000000e+00
18                                     6.0000000000000000e+00
19                                     1.0000000000000000e+00
20                                     1.0000000000000000e+00
21                                     1.0000000000000000e+00
22                                     1.0000000000000000e+00
23                                     1.0000000000000000e+00
24                                     1.0000000000000000e+00
25                                     1.0000000000000000e+00
26                                     1.0000000000000000e+00
27                                     1.0000000000000000e+00
28                                     1.0000000000000000e+00
29                                     1.0000000000000000e+00
30                                     1.0000000000000000e+00
31                                     1.0000000000000000e+00
32                                     1.0000000000000000e+00
33                                     1.0000000000000000e+00
34                                     1.0000000000000000e+00
35                                     1.0000000000000000e+00
36                                     1.0000000000000000e+00
37                                     1.0000000000000000e+00
38                                     1.0000000000000000e+00
39                                     1.0000000000000000e+00
40                                     1.0000000000000000e+00
   &QA [&Type "ArrayOfDoubles", &Dim (41,1)] "Mulliken gross atomic charge"
                                                         0

0                                     -2.7044172361439500e-01
1                                     -2.5948417272681823e-02
2                                     -3.7570360917314005e-01
3                                      6.4484433746881287e-01
4                                     -3.2698140311513413e-01
5                                     -3.8308088321404732e-01
6                                     -1.6495354212026747e-02
7                                     -2.8820401298587495e-01
8                                     -9.9502858156803597e-02
9                                     -3.4348095406178913e-01
10                                    -1.1815319453615913e-01
11                                     5.9944432602409137e-01
12                                    -3.1609636599889868e-01
13                                    -3.5077560193202828e-01
14                                    -1.5539409988374331e-04
15                                    -3.0634322638586919e-01
16                                    -3.7232106727506498e-01
17                                     6.2432264267187065e-04
18                                    -3.2009567844473441e-01
19                                     1.1596799774027355e-01
20                                     1.1889431820506113e-01
21                                     1.0845473264421024e-01
22                                     1.0461528167341549e-01
23                                     1.0299089980983300e-01
24                                     1.2816456899185613e-01
25                                     1.0659509373136411e-01
26                                     1.1213298047003184e-01
27                                     1.1024813587881521e-01
28                                     1.1161881721141109e-01
29                                     1.8209422601376501e-01
30                                     2.1169895202967670e-01
31                                     1.1068887924446913e-01
32                                     1.1013798902303285e-01
33                                     1.1345057274374970e-01
34                                     1.2220523196253952e-01
35                                     1.1828133405545060e-01
36                                     1.0447232956260122e-01
37                                     1.1398996564984931e-01
38                                     1.1560090752723495e-01
39                                     1.1442817752480516e-01
40                                     1.3213536664938264e-01
   &VA [&Type "ArrayOfDoubles", &Dim (41,1)] "Mayer's total valence"
                                                         0

0                                      3.9979143228581582e+00
1                                      3.9909644854379045e+00
2                                      2.1514161719128926e+00
3                                      4.9667199748294308e+00
4                                      2.0803689247553314e+00
5                                      2.1807752193216894e+00
6                                      3.9875789457242106e+00
7                                      3.9848294781952487e+00
8                                      2.2527697484529572e+00
9                                      3.8250876164606824e+00
10                                     2.2702886748913746e+00
11                                     4.9673637744262411e+00
12                                     2.0605175123002826e+00
13                                     2.1890311938650440e+00
14                                     4.0034071645553677e+00
15                                     4.0057050844180297e+00
16                                     2.1787013005365683e+00
17                                     4.0023724866734094e+00
18                                     3.9894534506716570e+00
19                                     9.5920901702624795e-01
20                                     9.6019598727189315e-01
21                                     9.5513610960479445e-01
22                                     9.8710692427129010e-01
23                                     9.5400222548677438e-01
24                                     9.8231221245558287e-01
25                                     9.5761065299195525e-01
26                                     9.7468014461012231e-01
27                                     9.5616718711887472e-01
28                                     9.5713144658532079e-01
29                                     9.3242220312745261e-01
30                                     9.8767128688795036e-01
31                                     9.7028435959919601e-01
32                                     9.4995070202280762e-01
33                                     9.5305354097069184e-01
34                                     9.6155603042636473e-01
35                                     9.7401619553524965e-01
36                                     9.4911216622008487e-01
37                                     9.8051217045971961e-01
38                                     9.6211437154486956e-01
39                                     9.5470877276210064e-01
40                                     9.7983989153563866e-01
   &BVA [&Type "ArrayOfDoubles", &Dim (41,1)] "Mayer's bonded valence"
                                                         0

0                                      3.9979143228582301e+00
1                                      3.9909644854378628e+00
2                                      2.1514161719128686e+00
3                                      4.9667199748294273e+00
4                                      2.0803689247553350e+00
5                                      2.1807752193216499e+00
6                                      3.9875789457242181e+00
7                                      3.9848294781952962e+00
8                                      2.2527697484530256e+00
9                                      3.8250876164607024e+00
10                                     2.2702886748915123e+00
11                                     4.9673637744263086e+00
12                                     2.0605175123002506e+00
13                                     2.1890311938650178e+00
14                                     4.0034071645553784e+00
15                                     4.0057050844180733e+00
16                                     2.1787013005365594e+00
17                                     4.0023724866734645e+00
18                                     3.9894534506716566e+00
19                                     9.5920901702625172e-01
20                                     9.6019598727189082e-01
21                                     9.5513610960480699e-01
22                                     9.8710692427127522e-01
23                                     9.5400222548676405e-01
24                                     9.8231221245559031e-01
25                                     9.5761065299195902e-01
26                                     9.7468014461012598e-01
27                                     9.5616718711887050e-01
28                                     9.5713144658533356e-01
29                                     9.3242220312745472e-01
30                                     9.8767128688796624e-01
31                                     9.7028435959920134e-01
32                                     9.4995070202281373e-01
33                                     9.5305354097068495e-01
34                                     9.6155603042636373e-01
35                                     9.7401619553525065e-01
36                                     9.4911216622008798e-01
37                                     9.8051217045972505e-01
38                                     9.6211437154485624e-01
39                                     9.5470877276209454e-01
40                                     9.7983989153564088e-01
   &FA [&Type "ArrayOfDoubles", &Dim (41,1)] "Mayer's free valence"
                                                         0

0                                      0.0000000000000000e+00
1                                      0.0000000000000000e+00
2                                      0.0000000000000000e+00
3                                      0.0000000000000000e+00
4                                      0.0000000000000000e+00
5                                      0.0000000000000000e+00
6                                      0.0000000000000000e+00
7                                      0.0000000000000000e+00
8                                      0.0000000000000000e+00
9                                      0.0000000000000000e+00
10                                     0.0000000000000000e+00
11                                     0.0000000000000000e+00
12                                     0.0000000000000000e+00
13                                     0.0000000000000000e+00
14                                     0.0000000000000000e+00
15                                     0.0000000000000000e+00
16                                     0.0000000000000000e+00
17                                     0.0000000000000000e+00
18                                     0.0000000000000000e+00
19                                     0.0000000000000000e+00
20                                     0.0000000000000000e+00
21                                     0.0000000000000000e+00
22                                     0.0000000000000000e+00
23                                     0.0000000000000000e+00
24                                     0.0000000000000000e+00
25                                     0.0000000000000000e+00
26                                     0.0000000000000000e+00
27                                     0.0000000000000000e+00
28                                     0.0000000000000000e+00
29                                     0.0000000000000000e+00
30                                     0.0000000000000000e+00
31                                     0.0000000000000000e+00
32                                     0.0000000000000000e+00
33                                     0.0000000000000000e+00
34                                     0.0000000000000000e+00
35                                     0.0000000000000000e+00
36                                     0.0000000000000000e+00
37                                     0.0000000000000000e+00
38                                     0.0000000000000000e+00
39                                     0.0000000000000000e+00
40                                     0.0000000000000000e+00
$End
$VdW_Correction
   &GeometryIndex 1
   &ListStatus       OUT
   &VDW [&Type "Double"]      -6.5743641404855988e-02
$End
$Calculation_Info
   &GeometryIndex 1
   &ListStatus       OUT
   &MULT [&Type "Integer"] 1
   &CHARGE [&Type "Integer"] 0
   &NUMOFATOMS [&Type "Integer"] 41
   &NUMOFELECTRONS [&Type "Integer"] 202
   &NUMOFFCELECTRONS [&Type "Integer"] 1
   &NUMOFCORRELECTRONS [&Type "Integer"] 0
   &NUMOFBASISFUNCTS [&Type "Integer"] 334
   &NUMOFAUXCBASISFUNCTS [&Type "Integer"] 0
   &NUMOFAUXJBASISFUNCTS [&Type "Integer"] 1185
   &NUMOFAUXJKBASISFUNCTS [&Type "Integer"] 0
   &NUMOFCABSBASISFUNCTS [&Type "Integer"] 0
   &TOTALENERGY [&Type "Double"]      -2.9295166905383307e+03  "Hartrees"
$End
$SCF_Dipole_Moment
   &GeometryIndex 1
   &ListStatus       OUT
   &METHOD [&Type "String"] "SCF"
   &LEVEL [&Type "String"] "Relaxed density"
   &MULT [&Type "Integer"] 1
   &STATE [&Type "Integer"] -1
   &IRREP [&Type "Integer"] 0
   &NATOMS [&Type "Integer"] 41
   &DODIPOLEATOM [&Type "Boolean"] false
   &DIPOLEELECCONTRIB [&Type "ArrayOfDoubles", &Dim (3,1)] "Electronic contribution"
                                                         0

0                                     -3.2252509977262549e+00
1                                     -4.0499659316057564e+00
2                                     -3.1741170934455396e+00
   &DIPOLENUCCONTRIB [&Type "ArrayOfDoubles", &Dim (3,1)] "Nuclear contribution"
                                                         0

0                                      2.8842442819365948e+00
1                                      3.7753943759743733e+00
2                                      3.9519717526901266e+00
   &DIPOLETOTAL [&Type "ArrayOfDoubles", &Dim (3,1)] "Total"
                                                         0

0                                     -3.4100671578966013e-01
1                                     -2.7457155563138302e-01
2                                      7.7785465924458697e-01
   &DIPOLEMAGNITUDE [&Type "Double", &Units "a.u."]       8.9259900867298758e-01
$End
