*************************************************
******************* ORCA 6.0.0 ******************
*************************************************
$Calculation_Status
   &GeometryIndex 1
   &ListStatus       OUT
   &VERSION [&Type "String"] "6.0.0"
   &PROGNAME [&Type "String"] "LeanSCF"
   &STATUS [&Type "String"] "NORMAL TERMINATION"
$End
$Geometry
   &GeometryIndex 1
   &ListStatus       OUT
   &NATOMS [&Type "Integer"] 41
   &NCORELESSECP [&Type "Integer"] 0
   &NGHOSTATOMS [&Type "Integer"] 0
   &CartesianCoordinates [&Type "Coordinates", &Dim(41,4), &Units "Bohr"] 
              C      3.262836635098   -1.531633891799   -5.608471087095
              C      5.948127489677   -1.161941686369   -4.686831203989
              O      6.251535443349   -1.883772820833   -2.084028249899
              P      5.072706076332   -0.332058778692    0.205015541294
              S      5.285525345442    3.351980952276   -0.007051188036
              O      6.649174687065   -1.349699325098    2.521936246437
              C      6.918141637205   -4.021589271459    3.105485586916
              C      5.444697143242   -4.670547650266    5.474731568480
              S      1.421754326527   -1.924946938611    0.669085679894
              C      0.243149570280    0.544866344728    2.771982724676
              S     -3.119044815445    0.327824596145    3.182070402861
              P     -4.274776027046    1.669600916559   -0.467417389715
              S     -1.637909317154    3.121789756983   -2.612646852727
              O     -6.399777665368    3.649697652899    0.157929240317
              C     -8.520007217023    3.154374244806    1.823948857890
              C    -10.777273859019    2.171423187313    0.364256694689
              O     -5.831734696802   -0.580793287540   -1.710178945173
              C     -4.680941047060   -2.709960449179   -2.954971617586
              C     -4.419282379173   -4.935608325972   -1.169446101218
              H      2.606227960253   -3.424328116892   -5.151808993736
              H      2.012836261830   -0.149870868314   -4.731345453904
              H      3.202468128293   -1.259638492635   -7.640214679291
              H      6.524160067458    0.813632828374   -4.893043161322
              H      7.270741010484   -2.388073849892   -5.686469831282
              H      6.281218713818   -5.134409803530    1.489537117693
              H      8.942598237937   -4.294185767373    3.381629861665
              H      5.864210502129   -6.605666017306    6.009550478215
              H      5.988637658792   -3.414768333854    7.005680525451
              H      3.424296444515   -4.494844727424    5.145367992411
              H      0.737910576600    2.371759209041    1.945733575729
              H      1.078794450604    0.322773636734    4.637276519492
              H     -7.922222056705    1.815274693493    3.280056215717
              H     -8.919865392283    4.986168165625    2.683501948359
              H    -11.277345665683    3.490368002117   -1.127972178578
              H    -10.347788065724    0.350315976373   -0.479068492225
              H    -12.364023925405    1.968576216740    1.648469890460
              H     -5.962154250248   -3.145976123288   -4.511734609981
              H     -2.847405853968   -2.132554577559   -3.717833607234
              H     -6.232261557891   -5.363586932661   -0.307521170881
              H     -3.770081562298   -6.566211074476   -2.228984224565
              H     -3.052815977071   -4.523098411002    0.309687525898
$End
$SCF_Energy
   &GeometryIndex 1
   &ListStatus       OUT
   &SCF_ENERGY [&Type "Double"]      -2.9296343815144446e+03
$End
$DFT_Energy
   &GeometryIndex 1
   &ListStatus       OUT
   &NALPHAEL [&Type "Integer"] 101
   &NBETAEL [&Type "Integer"] 101
   &NTOTALEL [&Type "Integer"] 202
   &EEXCHANGE [&Type "Double"]      -2.3180757312067178e+02
   &ECORR [&Type "Double"]      -7.2943552200625934e+00
   &ECNL [&Type "Double"]       0.0000000000000000e+00
   &EXC [&Type "Double"]      -2.3910192834073436e+02
   &EEMBED [&Type "Double"]       0.0000000000000000e+00
   &FINALEN [&Type "Double"]      -2.9296343815144446e+03  "No Van der Waals correction"
$End
$Mulliken_Population_Analysis
   &GeometryIndex 1
   &ListStatus       OUT
   &NATOMS [&Type "Integer"] 41
   &ATNO [&Type "ArrayOfIntegers", &Dim (41,1)] 
                                                         0

0                                                        6
1                                                        6
2                                                        8
3                                                       15
4                                                       16
5                                                        8
6                                                        6
7                                                        6
8                                                       16
9                                                        6
10                                                      16
11                                                      15
12                                                      16
13                                                       8
14                                                       6
15                                                       6
16                                                       8
17                                                       6
18                                                       6
19                                                       1
20                                                       1
21                                                       1
22                                                       1
23                                                       1
24                                                       1
25                                                       1
26                                                       1
27                                                       1
28                                                       1
29                                                       1
30                                                       1
31                                                       1
32                                                       1
33                                                       1
34                                                       1
35                                                       1
36                                                       1
37                                                       1
38                                                       1
39                                                       1
40                                                       1
   &ATOMICCHARGES [&Type "ArrayOfDoubles", &Dim (41,1)] 
                                                         0

0                                     -3.5977346931396248e-01
1                                      8.1194823773484970e-03
2                                     -3.8114394827137410e-01
3                                      6.0736575485180566e-01
4                                     -2.9673702204931729e-01
5                                     -3.6266933646889932e-01
6                                     -9.1079365857016370e-03
7                                     -2.9254088310760640e-01
8                                     -1.3496076874946539e-01
9                                     -3.3210723386829599e-01
10                                    -1.3576169402826110e-01
11                                     5.9915398602388947e-01
12                                    -2.7790636392995438e-01
13                                    -3.5225741929858856e-01
14                                    -2.3812193981296303e-02
15                                    -2.9105581282005843e-01
16                                    -3.7884846741265221e-01
17                                    -1.4326621668815598e-02
18                                    -3.0350298690895450e-01
19                                     1.0928913965358600e-01
20                                     1.7435441235819771e-01
21                                     1.1224646885614997e-01
22                                     1.1292660869111204e-01
23                                     1.0225655626828312e-01
24                                     1.0459438344522642e-01
25                                     1.1203492283236627e-01
26                                     1.0930424464262345e-01
27                                     1.1984905702459847e-01
28                                     1.1843788640448016e-01
29                                     2.1398218041270112e-01
30                                     1.7956722132882097e-01
31                                     1.1233212872308784e-01
32                                     1.1656203811964105e-01
33                                     1.2284278228088463e-01
34                                     1.2450856548833356e-01
35                                     1.1051623163737245e-01
36                                     1.0604893315492725e-01
37                                     1.1956203857975978e-01
38                                     1.0954320680121621e-01
39                                     1.0804653061549452e-01
40                                     1.3306739789116939e-01
$End
$Loewdin_Population_Analysis
   &GeometryIndex 1
   &ListStatus       OUT
   &NATOMS [&Type "Integer"] 41
   &ATNO [&Type "ArrayOfIntegers", &Dim (41,1)] 
                                                         0

0                                                        6
1                                                        6
2                                                        8
3                                                       15
4                                                       16
5                                                        8
6                                                        6
7                                                        6
8                                                       16
9                                                        6
10                                                      16
11                                                      15
12                                                      16
13                                                       8
14                                                       6
15                                                       6
16                                                       8
17                                                       6
18                                                       6
19                                                       1
20                                                       1
21                                                       1
22                                                       1
23                                                       1
24                                                       1
25                                                       1
26                                                       1
27                                                       1
28                                                       1
29                                                       1
30                                                       1
31                                                       1
32                                                       1
33                                                       1
34                                                       1
35                                                       1
36                                                       1
37                                                       1
38                                                       1
39                                                       1
40                                                       1
   &ATOMICCHARGES [&Type "ArrayOfDoubles", &Dim (41,1)] 
                                                         0

0                                      2.0287207644533196e-03
1                                      9.3118976320954033e-02
2                                      5.0450741231850227e-01
3                                      4.9038410171078683e-02
4                                      6.9747991127583984e-05
5                                      3.1402737439471823e-01
6                                      3.1779930835565511e-02
7                                      9.8257500414857977e-04
8                                      3.6408322282155658e-04
9                                      2.0588342841252366e-04
10                                     1.4905412845543546e-05
11                                     6.3003896577917194e-05
12                                     1.3344431754013937e-05
13                                     3.0193399146113346e-04
14                                     3.7735211199381819e-05
15                                     2.5968420822240358e-06
16                                     1.6947302920031545e-03
17                                     3.9471508937151249e-04
18                                     5.1141042134311091e-06
19                                     3.3741160836248113e-06
20                                     1.1296069389153357e-05
21                                     1.2688937044209441e-04
22                                     1.7385297256246069e-04
23                                     6.4814997307635820e-04
24                                     2.3867288989130571e-04
25                                     8.0743497644875716e-05
26                                     4.0737135793807161e-05
27                                     5.9556449395401646e-06
28                                     4.1358412843432191e-06
29                                     1.7199347962352853e-06
30                                     6.0149793612435211e-06
31                                     8.8101380854544824e-09
32                                     1.3464974055164346e-07
33                                     6.2052932210848412e-09
34                                     4.7672648980334449e-09
35                                     1.0988717738196821e-07
36                                     3.2239869441358341e-06
37                                     3.2717928984898798e-06
38                                     5.5661673260913508e-08
39                                     1.4317600731337938e-07
40                                     3.0491430743110038e-07
$End
$Mayer_Population_Analysis
   &GeometryIndex 1
   &ListStatus       OUT
   &NATOMS [&Type "Integer"] 41 "Total number of atoms"
   &BONDTHRESH [&Type "Double"]       1.0000000000000001e-01  "The threshold for printing"
   &NBONDORDERSPRINT [&Type "Integer"] 42 "The number of bond orders larger than threshold"
   &BONDORDERS [&Type "ArrayOfDoubles", &Dim (42,1)] "The bond orders"
                                                         0

0                                      1.1638503057681813e+00
1                                      9.4345783338031786e-01
2                                      9.1539490017433867e-01
3                                      9.3637057704606019e-01
4                                      9.0554589384952366e-01
5                                      9.1709986790621589e-01
6                                      9.3431823272580827e-01
7                                      1.0943322130327451e+00
8                                      1.6586537899719758e+00
9                                      1.1296442404430014e+00
10                                     9.4079943085815632e-01
11                                     1.1069534192703383e-01
12                                     8.9128930082827473e-01
13                                     1.1636524618021145e+00
14                                     9.1745056633347322e-01
15                                     9.3442079919400467e-01
16                                     9.3977127135968985e-01
17                                     9.4611820332026719e-01
18                                     9.3574633981296440e-01
19                                     9.7311647866268769e-01
20                                     1.0263154770297045e+00
21                                     8.5340628638939620e-01
22                                     9.0300855056676765e-01
23                                     9.1777652269342735e-01
24                                     1.1374427658647966e-01
25                                     1.6739173198265120e+00
26                                     1.1480166562934853e+00
27                                     1.0799551958801572e+00
28                                     8.9560908197092115e-01
29                                     1.1634143310517138e+00
30                                     9.1493483118028485e-01
31                                     9.3564403310968869e-01
32                                     9.4645906737495245e-01
33                                     9.3940212040569770e-01
34                                     9.3868473522237672e-01
35                                     9.0209013186720133e-01
36                                     1.1702310575919896e+00
37                                     9.3521644386599745e-01
38                                     9.0425327372414976e-01
39                                     9.4631330896397237e-01
40                                     9.3970150899090776e-01
41                                     9.2660978132395200e-01
   &COMPONENTS [&Type "ArrayOfIntegers", &Dim (42,4)] "The indices and atomic numbers of the bonding atoms"
                                                         0                           1                           2                           3

0                                                        0                           6                           1                           6
1                                                        0                           6                          19                           1
2                                                        0                           6                          20                           1
3                                                        0                           6                          21                           1
4                                                        1                           6                           2                           8
5                                                        1                           6                          22                           1
6                                                        1                           6                          23                           1
7                                                        2                           8                           3                          15
8                                                        3                          15                           4                          16
9                                                        3                          15                           5                           8
10                                                       3                          15                           8                          16
11                                                       4                          16                           8                          16
12                                                       5                           8                           6                           6
13                                                       6                           6                           7                           6
14                                                       6                           6                          24                           1
15                                                       6                           6                          25                           1
16                                                       7                           6                          26                           1
17                                                       7                           6                          27                           1
18                                                       7                           6                          28                           1
19                                                       8                          16                           9                           6
20                                                       9                           6                          10                          16
21                                                       9                           6                          29                           1
22                                                       9                           6                          30                           1
23                                                      10                          16                          11                          15
24                                                      10                          16                          12                          16
25                                                      11                          15                          12                          16
26                                                      11                          15                          13                           8
27                                                      11                          15                          16                           8
28                                                      13                           8                          14                           6
29                                                      14                           6                          15                           6
30                                                      14                           6                          31                           1
31                                                      14                           6                          32                           1
32                                                      15                           6                          33                           1
33                                                      15                           6                          34                           1
34                                                      15                           6                          35                           1
35                                                      16                           8                          17                           6
36                                                      17                           6                          18                           6
37                                                      17                           6                          36                           1
38                                                      17                           6                          37                           1
39                                                      18                           6                          38                           1
40                                                      18                           6                          39                           1
41                                                      18                           6                          40                           1
   &ATNO [&Type "ArrayOfIntegers", &Dim (41,1)] "Atomic number of the elements"
                                                         0

0                                                        6
1                                                        6
2                                                        8
3                                                       15
4                                                       16
5                                                        8
6                                                        6
7                                                        6
8                                                       16
9                                                        6
10                                                      16
11                                                      15
12                                                      16
13                                                       8
14                                                       6
15                                                       6
16                                                       8
17                                                       6
18                                                       6
19                                                       1
20                                                       1
21                                                       1
22                                                       1
23                                                       1
24                                                       1
25                                                       1
26                                                       1
27                                                       1
28                                                       1
29                                                       1
30                                                       1
31                                                       1
32                                                       1
33                                                       1
34                                                       1
35                                                       1
36                                                       1
37                                                       1
38                                                       1
39                                                       1
40                                                       1
   &NA [&Type "ArrayOfDoubles", &Dim (41,1)] "Mulliken gross atomic population"
                                                         0

0                                      6.3597734693139625e+00
1                                      5.9918805176226746e+00
2                                      8.3811439482713936e+00
3                                      1.4392634245148187e+01
4                                      1.6296737022049303e+01
5                                      8.3626693364688993e+00
6                                      6.0091079365857061e+00
7                                      6.2925408831075957e+00
8                                      1.6134960768749504e+01
9                                      6.3321072338683217e+00
10                                     1.6135761694028254e+01
11                                     1.4400846013976055e+01
12                                     1.6277906363929873e+01
13                                     8.3522574192985868e+00
14                                     6.0238121939812812e+00
15                                     6.2910558128200496e+00
16                                     8.3788484674126629e+00
17                                     6.0143266216688263e+00
18                                     6.3035029869089723e+00
19                                     8.9071086034641400e-01
20                                     8.2564558764180307e-01
21                                     8.8775353114384825e-01
22                                     8.8707339130888807e-01
23                                     8.9774344373171711e-01
24                                     8.9540561655477358e-01
25                                     8.8796507716763440e-01
26                                     8.9069575535737744e-01
27                                     8.8015094297540242e-01
28                                     8.8156211359552050e-01
29                                     7.8601781958729799e-01
30                                     8.2043277867118003e-01
31                                     8.8766787127691271e-01
32                                     8.8343796188035950e-01
33                                     8.7715721771911515e-01
34                                     8.7549143451166600e-01
35                                     8.8948376836262832e-01
36                                     8.9395106684507364e-01
37                                     8.8043796142024000e-01
38                                     8.9045679319878446e-01
39                                     8.9195346938450693e-01
40                                     8.6693260210883150e-01
   &ZA [&Type "ArrayOfDoubles", &Dim (41,1)] "Total nuclear charge"
                                                         0

0                                      6.0000000000000000e+00
1                                      6.0000000000000000e+00
2                                      8.0000000000000000e+00
3                                      1.5000000000000000e+01
4                                      1.6000000000000000e+01
5                                      8.0000000000000000e+00
6                                      6.0000000000000000e+00
7                                      6.0000000000000000e+00
8                                      1.6000000000000000e+01
9                                      6.0000000000000000e+00
10                                     1.6000000000000000e+01
11                                     1.5000000000000000e+01
12                                     1.6000000000000000e+01
13                                     8.0000000000000000e+00
14                                     6.0000000000000000e+00
15                                     6.0000000000000000e+00
16                                     8.0000000000000000e+00
17                                     6.0000000000000000e+00
18                                     6.0000000000000000e+00
19                                     1.0000000000000000e+00
20                                     1.0000000000000000e+00
21                                     1.0000000000000000e+00
22                                     1.0000000000000000e+00
23                                     1.0000000000000000e+00
24                                     1.0000000000000000e+00
25                                     1.0000000000000000e+00
26                                     1.0000000000000000e+00
27                                     1.0000000000000000e+00
28                                     1.0000000000000000e+00
29                                     1.0000000000000000e+00
30                                     1.0000000000000000e+00
31                                     1.0000000000000000e+00
32                                     1.0000000000000000e+00
33                                     1.0000000000000000e+00
34                                     1.0000000000000000e+00
35                                     1.0000000000000000e+00
36                                     1.0000000000000000e+00
37                                     1.0000000000000000e+00
38                                     1.0000000000000000e+00
39                                     1.0000000000000000e+00
40                                     1.0000000000000000e+00
   &QA [&Type "ArrayOfDoubles", &Dim (41,1)] "Mulliken gross atomic charge"
                                                         0

0                                     -3.5977346931396248e-01
1                                      8.1194823773254043e-03
2                                     -3.8114394827139364e-01
3                                      6.0736575485181277e-01
4                                     -2.9673702204930308e-01
5                                     -3.6266933646889932e-01
6                                     -9.1079365857060779e-03
7                                     -2.9254088310759574e-01
8                                     -1.3496076874950447e-01
9                                     -3.3210723386832175e-01
10                                    -1.3576169402825400e-01
11                                     5.9915398602394454e-01
12                                    -2.7790636392987267e-01
13                                    -3.5225741929858678e-01
14                                    -2.3812193981281204e-02
15                                    -2.9105581282004955e-01
16                                    -3.7884846741266287e-01
17                                    -1.4326621668826256e-02
18                                    -3.0350298690897226e-01
19                                     1.0928913965358600e-01
20                                     1.7435441235819693e-01
21                                     1.1224646885615175e-01
22                                     1.1292660869111193e-01
23                                     1.0225655626828289e-01
24                                     1.0459438344522642e-01
25                                     1.1203492283236560e-01
26                                     1.0930424464262256e-01
27                                     1.1984905702459758e-01
28                                     1.1843788640447950e-01
29                                     2.1398218041270201e-01
30                                     1.7956722132881997e-01
31                                     1.1233212872308729e-01
32                                     1.1656203811964050e-01
33                                     1.2284278228088485e-01
34                                     1.2450856548833400e-01
35                                     1.1051623163737168e-01
36                                     1.0604893315492636e-01
37                                     1.1956203857976000e-01
38                                     1.0954320680121554e-01
39                                     1.0804653061549307e-01
40                                     1.3306739789116850e-01
   &VA [&Type "ArrayOfDoubles", &Dim (41,1)] "Mayer's total valence"
                                                         0

0                                      3.9834905704556585e+00
1                                      3.9952379833709868e+00
2                                      2.1786081728872082e+00
3                                      4.9780162110673531e+00
4                                      2.0578595062692968e+00
5                                      2.1557966281933214e+00
6                                      4.0092755792717325e+00
7                                      3.9859509951624639e+00
8                                      2.2749092187260516e+00
9                                      3.8189806287904862e+00
10                                     2.2768805053053107e+00
11                                     4.9675000179666569e+00
12                                     2.0911648941329726e+00
13                                     2.1709211293888280e+00
14                                     4.0205242982428846e+00
15                                     3.9848770595340048e+00
16                                     2.1670028830098333e+00
17                                     3.9920968740500955e+00
18                                     3.9943986838474581e+00
19                                     9.5975218845889765e-01
20                                     9.7797444200567762e-01
21                                     9.5464086521868163e-01
22                                     9.8069790123656564e-01
23                                     9.4919415202097557e-01
24                                     9.7369512304711303e-01
25                                     9.4835933497293801e-01
26                                     9.5501891027089136e-01
27                                     9.5792705739050632e-01
28                                     9.8357333905854083e-01
29                                     9.8688679481706276e-01
30                                     9.3494464228105345e-01
31                                     9.5386911274714936e-01
32                                     9.4737612980907859e-01
33                                     9.5819744737677703e-01
34                                     9.8354558677953086e-01
35                                     9.5383410913355327e-01
36                                     9.4758293799018856e-01
37                                     9.9215268774313659e-01
38                                     9.6059199966909914e-01
39                                     9.5596041692598888e-01
40                                     9.8246129681137173e-01
   &BVA [&Type "ArrayOfDoubles", &Dim (41,1)] "Mayer's bonded valence"
                                                         0

0                                      3.9834905704556940e+00
1                                      3.9952379833709770e+00
2                                      2.1786081728871398e+00
3                                      4.9780162110673674e+00
4                                      2.0578595062693323e+00
5                                      2.1557966281933409e+00
6                                      4.0092755792717494e+00
7                                      3.9859509951624923e+00
8                                      2.2749092187259632e+00
9                                      3.8189806287905181e+00
10                                     2.2768805053052730e+00
11                                     4.9675000179667421e+00
12                                     2.0911648941332039e+00
13                                     2.1709211293888009e+00
14                                     4.0205242982428935e+00
15                                     3.9848770595340515e+00
16                                     2.1670028830098040e+00
17                                     3.9920968740500591e+00
18                                     3.9943986838474439e+00
19                                     9.5975218845889987e-01
20                                     9.7797444200567929e-01
21                                     9.5464086521868285e-01
22                                     9.8069790123656153e-01
23                                     9.4919415202097701e-01
24                                     9.7369512304711292e-01
25                                     9.4835933497295100e-01
26                                     9.5501891027089170e-01
27                                     9.5792705739050210e-01
28                                     9.8357333905853472e-01
29                                     9.8688679481707398e-01
30                                     9.3494464228106278e-01
31                                     9.5386911274715047e-01
32                                     9.4737612980906982e-01
33                                     9.5819744737678747e-01
34                                     9.8354558677953485e-01
35                                     9.5383410913355626e-01
36                                     9.4758293799017435e-01
37                                     9.9215268774314735e-01
38                                     9.6059199966910425e-01
39                                     9.5596041692599465e-01
40                                     9.8246129681137273e-01
   &FA [&Type "ArrayOfDoubles", &Dim (41,1)] "Mayer's free valence"
                                                         0

0                                      0.0000000000000000e+00
1                                      0.0000000000000000e+00
2                                      0.0000000000000000e+00
3                                      0.0000000000000000e+00
4                                      0.0000000000000000e+00
5                                      0.0000000000000000e+00
6                                      0.0000000000000000e+00
7                                      0.0000000000000000e+00
8                                      0.0000000000000000e+00
9                                      0.0000000000000000e+00
10                                     0.0000000000000000e+00
11                                     0.0000000000000000e+00
12                                     0.0000000000000000e+00
13                                     0.0000000000000000e+00
14                                     0.0000000000000000e+00
15                                     0.0000000000000000e+00
16                                     0.0000000000000000e+00
17                                     0.0000000000000000e+00
18                                     0.0000000000000000e+00
19                                     0.0000000000000000e+00
20                                     0.0000000000000000e+00
21                                     0.0000000000000000e+00
22                                     0.0000000000000000e+00
23                                     0.0000000000000000e+00
24                                     0.0000000000000000e+00
25                                     0.0000000000000000e+00
26                                     0.0000000000000000e+00
27                                     0.0000000000000000e+00
28                                     0.0000000000000000e+00
29                                     0.0000000000000000e+00
30                                     0.0000000000000000e+00
31                                     0.0000000000000000e+00
32                                     0.0000000000000000e+00
33                                     0.0000000000000000e+00
34                                     0.0000000000000000e+00
35                                     0.0000000000000000e+00
36                                     0.0000000000000000e+00
37                                     0.0000000000000000e+00
38                                     0.0000000000000000e+00
39                                     0.0000000000000000e+00
40                                     0.0000000000000000e+00
$End
$VdW_Correction
   &GeometryIndex 1
   &ListStatus       OUT
   &VDW [&Type "Double"]      -6.4937132237492853e-02
$End
$Calculation_Info
   &GeometryIndex 1
   &ListStatus       OUT
   &MULT [&Type "Integer"] 1
   &CHARGE [&Type "Integer"] 0
   &NUMOFATOMS [&Type "Integer"] 41
   &NUMOFELECTRONS [&Type "Integer"] 202
   &NUMOFFCELECTRONS [&Type "Integer"] 1
   &NUMOFCORRELECTRONS [&Type "Integer"] 0
   &NUMOFBASISFUNCTS [&Type "Integer"] 334
   &NUMOFAUXCBASISFUNCTS [&Type "Integer"] 0
   &NUMOFAUXJBASISFUNCTS [&Type "Integer"] 1185
   &NUMOFAUXJKBASISFUNCTS [&Type "Integer"] 0
   &NUMOFCABSBASISFUNCTS [&Type "Integer"] 0
   &TOTALENERGY [&Type "Double"]      -2.9295144902854822e+03  "Hartrees"
$End
$SCF_Dipole_Moment
   &GeometryIndex 1
   &ListStatus       OUT
   &METHOD [&Type "String"] "SCF"
   &LEVEL [&Type "String"] "Relaxed density"
   &MULT [&Type "Integer"] 1
   &STATE [&Type "Integer"] -1
   &IRREP [&Type "Integer"] 0
   &NATOMS [&Type "Integer"] 41
   &DODIPOLEATOM [&Type "Boolean"] false
   &DIPOLEELECCONTRIB [&Type "ArrayOfDoubles", &Dim (3,1)] "Electronic contribution"
                                                         0

0                                      8.7917983088473832e+00
1                                      1.6998083640634583e+01
2                                      1.6603224008064739e+00
   &DIPOLENUCCONTRIB [&Type "ArrayOfDoubles", &Dim (3,1)] "Nuclear contribution"
                                                         0

0                                     -9.7164091384511178e+00
1                                     -1.8967356529982773e+01
2                                     -1.3628715955581860e+00
   &DIPOLETOTAL [&Type "ArrayOfDoubles", &Dim (3,1)] "Total"
                                                         0

0                                     -9.2461082960373453e-01
1                                     -1.9692728893481899e+00
2                                      2.9745080524828782e-01
   &DIPOLEMAGNITUDE [&Type "Double", &Units "a.u."]       2.1957727296979370e+00
$End
