*************************************************
******************* ORCA 6.0.0 ******************
*************************************************
$Calculation_Status
   &GeometryIndex 1
   &ListStatus       OUT
   &VERSION [&Type "String"] "6.0.0"
   &PROGNAME [&Type "String"] "LeanSCF"
   &STATUS [&Type "String"] "NORMAL TERMINATION"
$End
$Geometry
   &GeometryIndex 1
   &ListStatus       OUT
   &NATOMS [&Type "Integer"] 33
   &NCORELESSECP [&Type "Integer"] 0
   &NGHOSTATOMS [&Type "Integer"] 0
   &CartesianCoordinates [&Type "Coordinates", &Dim(33,4), &Units "Bohr"] 
              C     10.587149422210    0.776583918684   -2.055227819229
              C      9.893351124888    0.265600869606    0.694195917810
              C      7.385173570031   -1.138464695476    0.994988228785
              C      5.092082065395    0.431449998826    0.214874308297
              C      2.615818052797   -0.957486456244    0.731447770858
              C      0.315635769795    0.599793628716   -0.050411005957
              C     -2.160376745765   -0.788308620547    0.467877760638
              C     -4.459339206201    0.775066706893   -0.306462294022
              C     -6.931227959124   -0.620284349839    0.204984358923
              C     -9.224628442109    0.964751830375   -0.552238525803
              O    -11.538617927472   -0.331415366817   -0.250830795654
              H     10.618914423681   -0.978831155567   -3.124287191074
              H     12.448340294289    1.640025603499   -2.170714798338
              H      9.235968681647    2.050057352971   -2.932102410617
              H     11.387288841404   -0.869215120352    1.556164466806
              H      9.797781487899    2.053963017780    1.720665850718
              H      7.438288785235   -2.871888705075   -0.125182426531
              H      7.168175385493   -1.683992962514    2.975124181477
              H      5.201184473802    0.876264242161   -1.795534127126
              H      5.102957175867    2.214579314111    1.256095166561
              H      2.610744755879   -2.746197500963   -0.299536100977
              H      2.487434990121   -1.399313247407    2.744308400139
              H      0.441732068830    1.039351139606   -2.063488318985
              H      0.322902320659    2.389260599416    0.979080113190
              H     -2.281970108613   -1.233243679554    2.479852605549
              H     -2.169984983648   -2.573652463180   -0.567719491860
              H     -4.334237585304    1.226355175017   -2.316234692604
              H     -4.455613730369    2.558026946113    0.733913214909
              H     -6.970369115952   -2.389098811080   -0.856923538254
              H     -7.053833321907   -1.082642495017    2.213901184565
              H     -9.127167679266    1.439896488641   -2.559674944149
              H     -9.251411388687    2.735976742557    0.531837604277
              H    -11.726499881458   -0.813561903928    1.502401393012
$End
$SCF_Energy
   &GeometryIndex 1
   &ListStatus       OUT
   &SCF_ENERGY [&Type "Double"]      -4.6848693436216536e+02
$End
$DFT_Energy
   &GeometryIndex 1
   &ListStatus       OUT
   &NALPHAEL [&Type "Integer"] 45
   &NBETAEL [&Type "Integer"] 45
   &NTOTALEL [&Type "Integer"] 90
   &EEXCHANGE [&Type "Double"]      -6.7508185578170853e+01
   &ECORR [&Type "Double"]      -2.9583074243230607e+00
   &ECNL [&Type "Double"]       0.0000000000000000e+00
   &EXC [&Type "Double"]      -7.0466493002493920e+01
   &EEMBED [&Type "Double"]       0.0000000000000000e+00
   &FINALEN [&Type "Double"]      -4.6848693436216536e+02  "No Van der Waals correction"
$End
$Mulliken_Population_Analysis
   &GeometryIndex 1
   &ListStatus       OUT
   &NATOMS [&Type "Integer"] 33
   &ATNO [&Type "ArrayOfIntegers", &Dim (33,1)] 
                                                         0

0                                                        6
1                                                        6
2                                                        6
3                                                        6
4                                                        6
5                                                        6
6                                                        6
7                                                        6
8                                                        6
9                                                        6
10                                                       8
11                                                       1
12                                                       1
13                                                       1
14                                                       1
15                                                       1
16                                                       1
17                                                       1
18                                                       1
19                                                       1
20                                                       1
21                                                       1
22                                                       1
23                                                       1
24                                                       1
25                                                       1
26                                                       1
27                                                       1
28                                                       1
29                                                       1
30                                                       1
31                                                       1
32                                                       1
   &ATOMICCHARGES [&Type "ArrayOfDoubles", &Dim (33,1)] 
                                                         0

0                                     -2.9448546581788548e-01
1                                     -1.5091649134078100e-01
2                                     -1.5222056075860380e-01
3                                     -1.8115918415235832e-01
4                                     -1.5023797397286387e-01
5                                     -1.4914415377346746e-01
6                                     -1.4609468747132581e-01
7                                     -1.8375766818144257e-01
8                                     -1.8459419908223218e-01
9                                      3.3994743537157035e-02
10                                    -4.3436402504762839e-01
11                                     9.6437256751320310e-02
12                                     1.0199715832262313e-01
13                                     1.0889510838021788e-01
14                                     8.1754004444952622e-02
15                                     7.9905813227346023e-02
16                                     7.6408774083987607e-02
17                                     7.7300151530047767e-02
18                                     8.4393510514957804e-02
19                                     7.4563011928192258e-02
20                                     7.5228813382335780e-02
21                                     7.4543165763932162e-02
22                                     7.5689575500263562e-02
23                                     7.4360568859557219e-02
24                                     7.4849369321301928e-02
25                                     7.7007447940973583e-02
26                                     8.1901443249485339e-02
27                                     7.8298990394243706e-02
28                                     8.8091787429899537e-02
29                                     6.8207629893126898e-02
30                                     8.4158688258342940e-02
31                                     6.7562438815735426e-02
32                                     2.9142495806854884e-01
$End
$Loewdin_Population_Analysis
   &GeometryIndex 1
   &ListStatus       OUT
   &NATOMS [&Type "Integer"] 33
   &ATNO [&Type "ArrayOfIntegers", &Dim (33,1)] 
                                                         0

0                                                        6
1                                                        6
2                                                        6
3                                                        6
4                                                        6
5                                                        6
6                                                        6
7                                                        6
8                                                        6
9                                                        6
10                                                       8
11                                                       1
12                                                       1
13                                                       1
14                                                       1
15                                                       1
16                                                       1
17                                                       1
18                                                       1
19                                                       1
20                                                       1
21                                                       1
22                                                       1
23                                                       1
24                                                       1
25                                                       1
26                                                       1
27                                                       1
28                                                       1
29                                                       1
30                                                       1
31                                                       1
32                                                       1
   &ATOMICCHARGES [&Type "ArrayOfDoubles", &Dim (33,1)] 
                                                         0

0                                      1.7398447491597598e-07
1                                      4.4307874052339934e-07
2                                      1.7906232246696492e-06
3                                      1.6535238364852240e-05
4                                      3.6470988325756943e-05
5                                      7.6322373487622549e-05
6                                      2.6497202312315572e-04
7                                      2.6376348570954248e-03
8                                      6.6496312327534004e-03
9                                      1.8191246977446424e-01
10                                     7.9884111383222223e-01
11                                     6.9169158412223229e-09
12                                     5.6552589705428302e-09
13                                     2.3327229575747959e-08
14                                     9.8643983602810182e-09
15                                     2.4564182528196854e-08
16                                     2.5945345757169190e-08
17                                     7.6103203270004999e-09
18                                     2.6860835763343542e-07
19                                     1.1885956429026463e-07
20                                     6.4084524985490251e-07
21                                     3.3778332934669649e-08
22                                     2.6795412215154473e-06
23                                     3.3831948512936813e-06
24                                     1.4703344564137978e-06
25                                     2.1002743953297521e-06
26                                     7.2335605449807961e-06
27                                     2.1885241245153894e-05
28                                     3.0428565552600676e-05
29                                     4.1378004714811138e-05
30                                     1.0102465988634385e-03
31                                     6.4379883472507227e-04
32                                     7.7966718679885879e-03
$End
$Mayer_Population_Analysis
   &GeometryIndex 1
   &ListStatus       OUT
   &NATOMS [&Type "Integer"] 33 "Total number of atoms"
   &BONDTHRESH [&Type "Double"]       1.0000000000000001e-01  "The threshold for printing"
   &NBONDORDERSPRINT [&Type "Integer"] 32 "The number of bond orders larger than threshold"
   &BONDORDERS [&Type "ArrayOfDoubles", &Dim (32,1)] "The bond orders"
                                                         0

0                                      1.1514802863068938e+00
1                                      9.5527646886125472e-01
2                                      9.5192369295094825e-01
3                                      9.5159055989468022e-01
4                                      1.1244617055846791e+00
5                                      9.2685197335801017e-01
6                                      9.2475993456428074e-01
7                                      1.1374336076006666e+00
8                                      9.1977180483577747e-01
9                                      9.1938859828120889e-01
10                                     1.1423106265253742e+00
11                                     9.1420800942374902e-01
12                                     9.1805754016091656e-01
13                                     1.1443680110431547e+00
14                                     9.1625176478767190e-01
15                                     9.1672527850030938e-01
16                                     1.1434416395247278e+00
17                                     9.1554968274494752e-01
18                                     9.1603702713021340e-01
19                                     1.1392415101894522e+00
20                                     9.1704410929265057e-01
21                                     9.1673689146895565e-01
22                                     1.1173659997001815e+00
23                                     9.1927234858083628e-01
24                                     9.1792440806924180e-01
25                                     1.1120172268123134e+00
26                                     9.1300658957328218e-01
27                                     9.1609259334018112e-01
28                                     1.0704428150279244e+00
29                                     9.2616512511616367e-01
30                                     9.2616260078568946e-01
31                                     8.5639670379744970e-01
   &COMPONENTS [&Type "ArrayOfIntegers", &Dim (32,4)] "The indices and atomic numbers of the bonding atoms"
                                                         0                           1                           2                           3

0                                                        0                           6                           1                           6
1                                                        0                           6                          11                           1
2                                                        0                           6                          12                           1
3                                                        0                           6                          13                           1
4                                                        1                           6                           2                           6
5                                                        1                           6                          14                           1
6                                                        1                           6                          15                           1
7                                                        2                           6                           3                           6
8                                                        2                           6                          16                           1
9                                                        2                           6                          17                           1
10                                                       3                           6                           4                           6
11                                                       3                           6                          18                           1
12                                                       3                           6                          19                           1
13                                                       4                           6                           5                           6
14                                                       4                           6                          20                           1
15                                                       4                           6                          21                           1
16                                                       5                           6                           6                           6
17                                                       5                           6                          22                           1
18                                                       5                           6                          23                           1
19                                                       6                           6                           7                           6
20                                                       6                           6                          24                           1
21                                                       6                           6                          25                           1
22                                                       7                           6                           8                           6
23                                                       7                           6                          26                           1
24                                                       7                           6                          27                           1
25                                                       8                           6                           9                           6
26                                                       8                           6                          28                           1
27                                                       8                           6                          29                           1
28                                                       9                           6                          10                           8
29                                                       9                           6                          30                           1
30                                                       9                           6                          31                           1
31                                                      10                           8                          32                           1
   &ATNO [&Type "ArrayOfIntegers", &Dim (33,1)] "Atomic number of the elements"
                                                         0

0                                                        6
1                                                        6
2                                                        6
3                                                        6
4                                                        6
5                                                        6
6                                                        6
7                                                        6
8                                                        6
9                                                        6
10                                                       8
11                                                       1
12                                                       1
13                                                       1
14                                                       1
15                                                       1
16                                                       1
17                                                       1
18                                                       1
19                                                       1
20                                                       1
21                                                       1
22                                                       1
23                                                       1
24                                                       1
25                                                       1
26                                                       1
27                                                       1
28                                                       1
29                                                       1
30                                                       1
31                                                       1
32                                                       1
   &NA [&Type "ArrayOfDoubles", &Dim (33,1)] "Mulliken gross atomic population"
                                                         0

0                                      6.2944854658178651e+00
1                                      6.1509164913407650e+00
2                                      6.1522205607586038e+00
3                                      6.1811591841523574e+00
4                                      6.1502379739728461e+00
5                                      6.1491441537734719e+00
6                                      6.1460946874713178e+00
7                                      6.1837576681814426e+00
8                                      6.1845941990822153e+00
9                                      5.9660052564628288e+00
10                                     8.4343640250476213e+00
11                                     9.0356274324867936e-01
12                                     8.9800284167737654e-01
13                                     8.9110489161978201e-01
14                                     9.1824599555504671e-01
15                                     9.2009418677265409e-01
16                                     9.2359122591601195e-01
17                                     9.2269984846995190e-01
18                                     9.1560648948504275e-01
19                                     9.2543698807180730e-01
20                                     9.2477118661766433e-01
21                                     9.2545683423606728e-01
22                                     9.2431042449973622e-01
23                                     9.2563943114044300e-01
24                                     9.2515063067869707e-01
25                                     9.2299255205902631e-01
26                                     9.1809855675051477e-01
27                                     9.2170100960575607e-01
28                                     9.1190821257010057e-01
29                                     9.3179237010687332e-01
30                                     9.1584131174165662e-01
31                                     9.3243756118426435e-01
32                                     7.0857504193145049e-01
   &ZA [&Type "ArrayOfDoubles", &Dim (33,1)] "Total nuclear charge"
                                                         0

0                                      6.0000000000000000e+00
1                                      6.0000000000000000e+00
2                                      6.0000000000000000e+00
3                                      6.0000000000000000e+00
4                                      6.0000000000000000e+00
5                                      6.0000000000000000e+00
6                                      6.0000000000000000e+00
7                                      6.0000000000000000e+00
8                                      6.0000000000000000e+00
9                                      6.0000000000000000e+00
10                                     8.0000000000000000e+00
11                                     1.0000000000000000e+00
12                                     1.0000000000000000e+00
13                                     1.0000000000000000e+00
14                                     1.0000000000000000e+00
15                                     1.0000000000000000e+00
16                                     1.0000000000000000e+00
17                                     1.0000000000000000e+00
18                                     1.0000000000000000e+00
19                                     1.0000000000000000e+00
20                                     1.0000000000000000e+00
21                                     1.0000000000000000e+00
22                                     1.0000000000000000e+00
23                                     1.0000000000000000e+00
24                                     1.0000000000000000e+00
25                                     1.0000000000000000e+00
26                                     1.0000000000000000e+00
27                                     1.0000000000000000e+00
28                                     1.0000000000000000e+00
29                                     1.0000000000000000e+00
30                                     1.0000000000000000e+00
31                                     1.0000000000000000e+00
32                                     1.0000000000000000e+00
   &QA [&Type "ArrayOfDoubles", &Dim (33,1)] "Mulliken gross atomic charge"
                                                         0

0                                     -2.9448546581786506e-01
1                                     -1.5091649134076501e-01
2                                     -1.5222056075860380e-01
3                                     -1.8115918415235743e-01
4                                     -1.5023797397284611e-01
5                                     -1.4914415377347190e-01
6                                     -1.4609468747131782e-01
7                                     -1.8375766818144257e-01
8                                     -1.8459419908221530e-01
9                                      3.3994743537171246e-02
10                                    -4.3436402504762128e-01
11                                     9.6437256751320644e-02
12                                     1.0199715832262346e-01
13                                     1.0889510838021799e-01
14                                     8.1754004444953288e-02
15                                     7.9905813227345912e-02
16                                     7.6408774083988051e-02
17                                     7.7300151530048100e-02
18                                     8.4393510514957248e-02
19                                     7.4563011928192702e-02
20                                     7.5228813382335669e-02
21                                     7.4543165763932717e-02
22                                     7.5689575500263784e-02
23                                     7.4360568859556997e-02
24                                     7.4849369321302928e-02
25                                     7.7007447940973695e-02
26                                     8.1901443249485228e-02
27                                     7.8298990394243928e-02
28                                     8.8091787429899426e-02
29                                     6.8207629893126676e-02
30                                     8.4158688258343384e-02
31                                     6.7562438815735648e-02
32                                     2.9142495806854951e-01
   &VA [&Type "ArrayOfDoubles", &Dim (33,1)] "Mayer's total valence"
                                                         0

0                                      4.0217893389119697e+00
1                                      4.1395311255530070e+00
2                                      4.1100568117744851e+00
3                                      4.1195225037220871e+00
4                                      4.1205324509286774e+00
5                                      4.1176397013586552e+00
6                                      4.1138541456584656e+00
7                                      4.1136981493939091e+00
8                                      4.0677234154114847e+00
9                                      4.0475133776177437e+00
10                                     1.9982269749849630e+00
11                                     9.5745307937464652e-01
12                                     9.4923729140629631e-01
13                                     9.5693907865936090e-01
14                                     9.4268284032665350e-01
15                                     9.4971833894400437e-01
16                                     9.5513923660645905e-01
17                                     9.4991833712159091e-01
18                                     9.5827707600075585e-01
19                                     9.5610484992526446e-01
20                                     9.5550564735825716e-01
21                                     9.5635522471664225e-01
22                                     9.5632076927125031e-01
23                                     9.5599517500998055e-01
24                                     9.5567276086096653e-01
25                                     9.5576822827804886e-01
26                                     9.5430916493863849e-01
27                                     9.5520237636059957e-01
28                                     9.6126721789438230e-01
29                                     9.5936306777194902e-01
30                                     9.5452391146833160e-01
31                                     9.4862288800248529e-01
32                                     8.8608864718242919e-01
   &BVA [&Type "ArrayOfDoubles", &Dim (33,1)] "Mayer's bonded valence"
                                                         0

0                                      4.0217893389120478e+00
1                                      4.1395311255530167e+00
2                                      4.1100568117744674e+00
3                                      4.1195225037220577e+00
4                                      4.1205324509287102e+00
5                                      4.1176397013586552e+00
6                                      4.1138541456584790e+00
7                                      4.1136981493939428e+00
8                                      4.0677234154115336e+00
9                                      4.0475133776177721e+00
10                                     1.9982269749849861e+00
11                                     9.5745307937465451e-01
12                                     9.4923729140629631e-01
13                                     9.5693907865936456e-01
14                                     9.4268284032664973e-01
15                                     9.4971833894399982e-01
16                                     9.5513923660645950e-01
17                                     9.4991833712159290e-01
18                                     9.5827707600075540e-01
19                                     9.5610484992525868e-01
20                                     9.5550564735825849e-01
21                                     9.5635522471664336e-01
22                                     9.5632076927125242e-01
23                                     9.5599517500998665e-01
24                                     9.5567276086096176e-01
25                                     9.5576822827804286e-01
26                                     9.5430916493864881e-01
27                                     9.5520237636061056e-01
28                                     9.6126721789438663e-01
29                                     9.5936306777195202e-01
30                                     9.5452391146833182e-01
31                                     9.4862288800248606e-01
32                                     8.8608864718242930e-01
   &FA [&Type "ArrayOfDoubles", &Dim (33,1)] "Mayer's free valence"
                                                         0

0                                      0.0000000000000000e+00
1                                      0.0000000000000000e+00
2                                      0.0000000000000000e+00
3                                      0.0000000000000000e+00
4                                      0.0000000000000000e+00
5                                      0.0000000000000000e+00
6                                      0.0000000000000000e+00
7                                      0.0000000000000000e+00
8                                      0.0000000000000000e+00
9                                      0.0000000000000000e+00
10                                     0.0000000000000000e+00
11                                     0.0000000000000000e+00
12                                     0.0000000000000000e+00
13                                     0.0000000000000000e+00
14                                     0.0000000000000000e+00
15                                     0.0000000000000000e+00
16                                     0.0000000000000000e+00
17                                     0.0000000000000000e+00
18                                     0.0000000000000000e+00
19                                     0.0000000000000000e+00
20                                     0.0000000000000000e+00
21                                     0.0000000000000000e+00
22                                     0.0000000000000000e+00
23                                     0.0000000000000000e+00
24                                     0.0000000000000000e+00
25                                     0.0000000000000000e+00
26                                     0.0000000000000000e+00
27                                     0.0000000000000000e+00
28                                     0.0000000000000000e+00
29                                     0.0000000000000000e+00
30                                     0.0000000000000000e+00
31                                     0.0000000000000000e+00
32                                     0.0000000000000000e+00
$End
$VdW_Correction
   &GeometryIndex 1
   &ListStatus       OUT
   &VDW [&Type "Double"]      -2.5595357710268305e-02
$End
$Calculation_Info
   &GeometryIndex 1
   &ListStatus       OUT
   &MULT [&Type "Integer"] 1
   &CHARGE [&Type "Integer"] 0
   &NUMOFATOMS [&Type "Integer"] 33
   &NUMOFELECTRONS [&Type "Integer"] 90
   &NUMOFFCELECTRONS [&Type "Integer"] 1
   &NUMOFCORRELECTRONS [&Type "Integer"] 0
   &NUMOFBASISFUNCTS [&Type "Integer"] 198
   &NUMOFAUXCBASISFUNCTS [&Type "Integer"] 0
   &NUMOFAUXJBASISFUNCTS [&Type "Integer"] 781
   &NUMOFAUXJKBASISFUNCTS [&Type "Integer"] 0
   &NUMOFCABSBASISFUNCTS [&Type "Integer"] 0
   &TOTALENERGY [&Type "Double"]      -4.6836511632777558e+02  "Hartrees"
$End
$SCF_Dipole_Moment
   &GeometryIndex 1
   &ListStatus       OUT
   &METHOD [&Type "String"] "SCF"
   &LEVEL [&Type "String"] "Relaxed density"
   &MULT [&Type "Integer"] 1
   &STATE [&Type "Integer"] -1
   &IRREP [&Type "Integer"] 0
   &NATOMS [&Type "Integer"] 33
   &DODIPOLEATOM [&Type "Boolean"] false
   &DIPOLEELECCONTRIB [&Type "ArrayOfDoubles", &Dim (3,1)] "Electronic contribution"
                                                         0

0                                     -1.2820333497040981e+01
1                                     -7.2779875951559347e-01
2                                      5.5307284308700189e-01
   &DIPOLENUCCONTRIB [&Type "ArrayOfDoubles", &Dim (3,1)] "Nuclear contribution"
                                                         0

0                                      1.3259355074922411e+01
1                                      7.8284729543738463e-01
2                                     -6.0578360112878649e-02
   &DIPOLETOTAL [&Type "ArrayOfDoubles", &Dim (3,1)] "Total"
                                                         0

0                                      4.3902157788143015e-01
1                                      5.5048535921791153e-02
2                                      4.9249448297412324e-01
   &DIPOLEMAGNITUDE [&Type "Double", &Units "a.u."]       6.6205823226705851e-01
$End
