*************************************************
******************* ORCA 6.0.0 ******************
*************************************************
$Calculation_Status
   &GeometryIndex 1
   &ListStatus       OUT
   &VERSION [&Type "String"] "6.0.0"
   &PROGNAME [&Type "String"] "LeanSCF"
   &STATUS [&Type "String"] "NORMAL TERMINATION"
$End
$Geometry
   &GeometryIndex 1
   &ListStatus       OUT
   &NATOMS [&Type "Integer"] 41
   &NCORELESSECP [&Type "Integer"] 0
   &NGHOSTATOMS [&Type "Integer"] 0
   &CartesianCoordinates [&Type "Coordinates", &Dim(41,4), &Units "Bohr"] 
              C      9.282970647169    2.561495903904   -1.848839657972
              C      8.488784238140   -0.134122201385   -2.386993265371
              O      6.915529534343   -1.186185994511   -0.431457280130
              P      4.403691931265    0.057270590125    0.653292109293
              S      4.730586712232    2.848412333257    3.049711969993
              O      3.138026317941   -2.288244144320    1.986055959168
              C      2.920786949546   -4.755505768822    0.807405677717
              C      1.247699388492   -6.369878315865    2.472591112727
              S      2.285242476873    0.836466535515   -2.689702885301
              C      0.140553086251    3.099328591775   -1.267506180878
              S     -1.685656720299    1.846865508701    1.340563715658
              P     -4.329728664544   -0.309653968330   -0.836041020401
              S     -3.007341581684   -3.262130958447   -2.619085862470
              O     -5.622708438367    1.617284136725   -2.708218096172
              C     -7.486082211338    3.509757959279   -2.018452432091
              C     -6.269877732374    6.032376790291   -1.417337814509
              O     -6.522863021234   -0.898874689309    1.130319618680
              C     -6.429542656099   -3.025658379059    2.818976504283
              C     -4.888379463300   -2.445758853367    5.162825686648
              H      7.639269236456    3.799730038184   -1.848476679376
              H     10.187980826536    2.688379145183   -0.008350306156
              H     10.592694457510    3.186131993886   -3.298015920426
              H     10.113047629531   -1.404552063169   -2.433883312620
              H      7.455585841791   -0.251841889087   -4.173184522241
              H      2.095813174122   -4.526179472080   -1.075728887169
              H      4.817833602831   -5.545147899749    0.635867044578
              H     -0.662801040556   -5.618365808027    2.489648370406
              H      1.202521236212   -8.276819742427    1.720702782958
              H      1.977691384257   -6.398061811991    4.390597143940
              H     -1.110557303267    3.731551561232   -2.771022380028
              H      1.233891979962    4.656977369106   -0.480663948315
              H     -8.684729899581    3.638520525261   -3.691660314275
              H     -8.584994574302    2.808127237705   -0.422920929303
              H     -5.096408497380    5.898358102057    0.264228400254
              H     -5.118389293638    6.669066910378   -2.994774584474
              H     -7.751291683701    7.411192297754   -1.080509437730
              H     -8.405025156863   -3.382494524755    3.290534229344
              H     -5.657679666549   -4.648381301232    1.791076937619
              H     -5.630114744305   -0.779824215268    6.106939609100
              H     -4.975059968583   -4.046459082353    6.442289276501
              H     -2.921653961566   -2.089803876196    4.671017667864
$End
$SCF_Energy
   &GeometryIndex 1
   &ListStatus       OUT
   &SCF_ENERGY [&Type "Double"]      -2.9296362959895059e+03
$End
$DFT_Energy
   &GeometryIndex 1
   &ListStatus       OUT
   &NALPHAEL [&Type "Integer"] 101
   &NBETAEL [&Type "Integer"] 101
   &NTOTALEL [&Type "Integer"] 202
   &EEXCHANGE [&Type "Double"]      -2.3180543998969409e+02
   &ECORR [&Type "Double"]      -7.2942618911501125e+00
   &ECNL [&Type "Double"]       0.0000000000000000e+00
   &EXC [&Type "Double"]      -2.3909970188084421e+02
   &EEMBED [&Type "Double"]       0.0000000000000000e+00
   &FINALEN [&Type "Double"]      -2.9296362959895059e+03  "No Van der Waals correction"
$End
$Mulliken_Population_Analysis
   &GeometryIndex 1
   &ListStatus       OUT
   &NATOMS [&Type "Integer"] 41
   &ATNO [&Type "ArrayOfIntegers", &Dim (41,1)] 
                                                         0

0                                                        6
1                                                        6
2                                                        8
3                                                       15
4                                                       16
5                                                        8
6                                                        6
7                                                        6
8                                                       16
9                                                        6
10                                                      16
11                                                      15
12                                                      16
13                                                       8
14                                                       6
15                                                       6
16                                                       8
17                                                       6
18                                                       6
19                                                       1
20                                                       1
21                                                       1
22                                                       1
23                                                       1
24                                                       1
25                                                       1
26                                                       1
27                                                       1
28                                                       1
29                                                       1
30                                                       1
31                                                       1
32                                                       1
33                                                       1
34                                                       1
35                                                       1
36                                                       1
37                                                       1
38                                                       1
39                                                       1
40                                                       1
   &ATOMICCHARGES [&Type "ArrayOfDoubles", &Dim (41,1)] 
                                                         0

0                                     -3.0850978462708145e-01
1                                     -8.0188860552770080e-03
2                                     -3.8488480736693198e-01
3                                      6.0782851963329243e-01
4                                     -3.1758580648934398e-01
5                                     -3.5576584598715222e-01
6                                     -2.0984164332291222e-02
7                                     -2.9248014082884843e-01
8                                     -9.4749057823154459e-02
9                                     -3.5723203173798979e-01
10                                    -8.5093051689838717e-02
11                                     6.1360993517023665e-01
12                                    -3.0762906307919380e-01
13                                    -3.7025034150059177e-01
14                                    -8.6810710835996119e-03
15                                    -3.1792260549972795e-01
16                                    -3.8428252357646109e-01
17                                    -1.7797847055021521e-02
18                                    -3.3123958338531612e-01
19                                     1.2263745094617629e-01
20                                     1.2720607526827876e-01
21                                     1.1009141716444537e-01
22                                     1.0785037852964841e-01
23                                     1.1255501072059082e-01
24                                     1.2126347849015584e-01
25                                     1.0146733776312078e-01
26                                     1.2479208917301110e-01
27                                     1.0592711610614081e-01
28                                     1.1481731430963005e-01
29                                     1.8574240428588173e-01
30                                     1.9400653458935846e-01
31                                     1.1271456899477394e-01
32                                     1.1658364767814411e-01
33                                     1.3015061007830675e-01
34                                     1.2256192612901851e-01
35                                     1.1483772918500701e-01
36                                     1.0624379217756852e-01
37                                     1.1888562930300473e-01
38                                     1.1778213488181799e-01
39                                     1.1585628198320475e-01
40                                     1.5769522955695470e-01
$End
$Loewdin_Population_Analysis
   &GeometryIndex 1
   &ListStatus       OUT
   &NATOMS [&Type "Integer"] 41
   &ATNO [&Type "ArrayOfIntegers", &Dim (41,1)] 
                                                         0

0                                                        6
1                                                        6
2                                                        8
3                                                       15
4                                                       16
5                                                        8
6                                                        6
7                                                        6
8                                                       16
9                                                        6
10                                                      16
11                                                      15
12                                                      16
13                                                       8
14                                                       6
15                                                       6
16                                                       8
17                                                       6
18                                                       6
19                                                       1
20                                                       1
21                                                       1
22                                                       1
23                                                       1
24                                                       1
25                                                       1
26                                                       1
27                                                       1
28                                                       1
29                                                       1
30                                                       1
31                                                       1
32                                                       1
33                                                       1
34                                                       1
35                                                       1
36                                                       1
37                                                       1
38                                                       1
39                                                       1
40                                                       1
   &ATOMICCHARGES [&Type "ArrayOfDoubles", &Dim (41,1)] 
                                                         0

0                                      2.0421399254657653e-03
1                                      5.9309734942259829e-02
2                                      3.3663726188738202e-01
3                                      5.1764361319363551e-02
4                                      2.5647678600362276e-04
5                                      4.7875938851648436e-01
6                                      6.3755943557173483e-02
7                                      6.2682851323455063e-03
8                                      1.1712436115996448e-04
9                                      8.2893381299478517e-05
10                                     8.2534357806014546e-05
11                                     1.0058481911984977e-05
12                                     3.1091715084040908e-05
13                                     2.3965681482427271e-05
14                                     4.9260663834182893e-06
15                                     7.5465492148215213e-07
16                                     1.8752810934534180e-05
17                                     5.6201683670458543e-06
18                                     3.5167448309289503e-06
19                                     7.2404928548918250e-06
20                                     8.3293500455318869e-06
21                                     1.1940420578608477e-04
22                                     3.8687595500205304e-04
23                                     9.6527118773368778e-05
24                                     4.2890412262703160e-05
25                                     5.4058536814306795e-05
26                                     4.5321851506447226e-06
27                                     7.7479693728194107e-05
28                                     1.6925507365021149e-05
29                                     3.0880908074001658e-06
30                                     2.1648110092978587e-06
31                                     1.2005312595481982e-07
32                                     5.2932857913821544e-09
33                                     2.4965737560055190e-07
34                                     5.5512792960787237e-08
35                                     9.0722606296475691e-08
36                                     6.5780709285120752e-07
37                                     6.7159285955064668e-07
38                                     9.1218227818491000e-09
39                                     2.9474230028963713e-07
40                                     3.4986464799310747e-06
$End
$Mayer_Population_Analysis
   &GeometryIndex 1
   &ListStatus       OUT
   &NATOMS [&Type "Integer"] 41 "Total number of atoms"
   &BONDTHRESH [&Type "Double"]       1.0000000000000001e-01  "The threshold for printing"
   &NBONDORDERSPRINT [&Type "Integer"] 42 "The number of bond orders larger than threshold"
   &BONDORDERS [&Type "ArrayOfDoubles", &Dim (42,1)] "The bond orders"
                                                         0

0                                      1.1666281096284392e+00
1                                      9.3266296054536391e-01
2                                      9.4272565433787803e-01
3                                      9.3489965565162680e-01
4                                      9.1482559497336136e-01
5                                      9.3353864559486688e-01
6                                      9.2669525772366645e-01
7                                      1.0833862321033905e+00
8                                      1.6315687220202766e+00
9                                      1.1388684647329379e+00
10                                     9.4763788264115378e-01
11                                     1.1113169950250873e-01
12                                     8.8884229335434561e-01
13                                     1.1700289182938257e+00
14                                     9.0590196240670262e-01
15                                     9.2889002957722921e-01
16                                     9.3165114107228209e-01
17                                     9.3977769077420636e-01
18                                     9.4888213254577192e-01
19                                     1.0071434019323298e+00
20                                     9.9723776604849246e-01
21                                     8.8965672709655941e-01
22                                     8.8469525813953476e-01
23                                     9.4839760358631076e-01
24                                     1.1118008902843381e-01
25                                     1.6707404656234444e+00
26                                     1.1139556243008284e+00
27                                     1.0765168213710490e+00
28                                     8.9677158142868918e-01
29                                     1.1692659903855824e+00
30                                     9.3512616583213026e-01
31                                     9.1904255212209029e-01
32                                     9.3149538162225864e-01
33                                     9.4224110427486407e-01
34                                     9.3759582963889765e-01
35                                     9.0655417786653636e-01
36                                     1.1674749863071536e+00
37                                     9.3197688069334683e-01
38                                     9.0785846539994741e-01
39                                     9.4450455476562367e-01
40                                     9.3916156857956168e-01
41                                     9.2258702619790289e-01
   &COMPONENTS [&Type "ArrayOfIntegers", &Dim (42,4)] "The indices and atomic numbers of the bonding atoms"
                                                         0                           1                           2                           3

0                                                        0                           6                           1                           6
1                                                        0                           6                          19                           1
2                                                        0                           6                          20                           1
3                                                        0                           6                          21                           1
4                                                        1                           6                           2                           8
5                                                        1                           6                          22                           1
6                                                        1                           6                          23                           1
7                                                        2                           8                           3                          15
8                                                        3                          15                           4                          16
9                                                        3                          15                           5                           8
10                                                       3                          15                           8                          16
11                                                       4                          16                           8                          16
12                                                       5                           8                           6                           6
13                                                       6                           6                           7                           6
14                                                       6                           6                          24                           1
15                                                       6                           6                          25                           1
16                                                       7                           6                          26                           1
17                                                       7                           6                          27                           1
18                                                       7                           6                          28                           1
19                                                       8                          16                           9                           6
20                                                       9                           6                          10                          16
21                                                       9                           6                          29                           1
22                                                       9                           6                          30                           1
23                                                      10                          16                          11                          15
24                                                      10                          16                          12                          16
25                                                      11                          15                          12                          16
26                                                      11                          15                          13                           8
27                                                      11                          15                          16                           8
28                                                      13                           8                          14                           6
29                                                      14                           6                          15                           6
30                                                      14                           6                          31                           1
31                                                      14                           6                          32                           1
32                                                      15                           6                          33                           1
33                                                      15                           6                          34                           1
34                                                      15                           6                          35                           1
35                                                      16                           8                          17                           6
36                                                      17                           6                          18                           6
37                                                      17                           6                          36                           1
38                                                      17                           6                          37                           1
39                                                      18                           6                          38                           1
40                                                      18                           6                          39                           1
41                                                      18                           6                          40                           1
   &ATNO [&Type "ArrayOfIntegers", &Dim (41,1)] "Atomic number of the elements"
                                                         0

0                                                        6
1                                                        6
2                                                        8
3                                                       15
4                                                       16
5                                                        8
6                                                        6
7                                                        6
8                                                       16
9                                                        6
10                                                      16
11                                                      15
12                                                      16
13                                                       8
14                                                       6
15                                                       6
16                                                       8
17                                                       6
18                                                       6
19                                                       1
20                                                       1
21                                                       1
22                                                       1
23                                                       1
24                                                       1
25                                                       1
26                                                       1
27                                                       1
28                                                       1
29                                                       1
30                                                       1
31                                                       1
32                                                       1
33                                                       1
34                                                       1
35                                                       1
36                                                       1
37                                                       1
38                                                       1
39                                                       1
40                                                       1
   &NA [&Type "ArrayOfDoubles", &Dim (41,1)] "Mulliken gross atomic population"
                                                         0

0                                      6.3085097846270983e+00
1                                      6.0080188860552806e+00
2                                      8.3848848073669533e+00
3                                      1.4392171480366702e+01
4                                      1.6317585806489337e+01
5                                      8.3557658459871504e+00
6                                      6.0209841643322815e+00
7                                      6.2924801408288458e+00
8                                      1.6094749057823151e+01
9                                      6.3572320317380084e+00
10                                     1.6085093051689771e+01
11                                     1.4386390064829801e+01
12                                     1.6307629063079222e+01
13                                     8.3702503415005864e+00
14                                     6.0086810710836058e+00
15                                     6.3179226054997155e+00
16                                     8.3842825235764931e+00
17                                     6.0177978470550100e+00
18                                     6.3312395833853046e+00
19                                     8.7736254905382383e-01
20                                     8.7279392473172168e-01
21                                     8.8990858283555441e-01
22                                     8.9214962147035215e-01
23                                     8.8744498927940885e-01
24                                     8.7873652150984449e-01
25                                     8.9853266223687811e-01
26                                     8.7520791082698834e-01
27                                     8.9407288389386008e-01
28                                     8.8518268569037040e-01
29                                     8.1425759571411793e-01
30                                     8.0599346541064065e-01
31                                     8.8728543100522572e-01
32                                     8.8341635232185545e-01
33                                     8.6984938992169325e-01
34                                     8.7743807387098072e-01
35                                     8.8516227081499343e-01
36                                     8.9375620782243104e-01
37                                     8.8111437069699439e-01
38                                     8.8221786511818245e-01
39                                     8.8414371801679559e-01
40                                     8.4230477044304464e-01
   &ZA [&Type "ArrayOfDoubles", &Dim (41,1)] "Total nuclear charge"
                                                         0

0                                      6.0000000000000000e+00
1                                      6.0000000000000000e+00
2                                      8.0000000000000000e+00
3                                      1.5000000000000000e+01
4                                      1.6000000000000000e+01
5                                      8.0000000000000000e+00
6                                      6.0000000000000000e+00
7                                      6.0000000000000000e+00
8                                      1.6000000000000000e+01
9                                      6.0000000000000000e+00
10                                     1.6000000000000000e+01
11                                     1.5000000000000000e+01
12                                     1.6000000000000000e+01
13                                     8.0000000000000000e+00
14                                     6.0000000000000000e+00
15                                     6.0000000000000000e+00
16                                     8.0000000000000000e+00
17                                     6.0000000000000000e+00
18                                     6.0000000000000000e+00
19                                     1.0000000000000000e+00
20                                     1.0000000000000000e+00
21                                     1.0000000000000000e+00
22                                     1.0000000000000000e+00
23                                     1.0000000000000000e+00
24                                     1.0000000000000000e+00
25                                     1.0000000000000000e+00
26                                     1.0000000000000000e+00
27                                     1.0000000000000000e+00
28                                     1.0000000000000000e+00
29                                     1.0000000000000000e+00
30                                     1.0000000000000000e+00
31                                     1.0000000000000000e+00
32                                     1.0000000000000000e+00
33                                     1.0000000000000000e+00
34                                     1.0000000000000000e+00
35                                     1.0000000000000000e+00
36                                     1.0000000000000000e+00
37                                     1.0000000000000000e+00
38                                     1.0000000000000000e+00
39                                     1.0000000000000000e+00
40                                     1.0000000000000000e+00
   &QA [&Type "ArrayOfDoubles", &Dim (41,1)] "Mulliken gross atomic charge"
                                                         0

0                                     -3.0850978462709833e-01
1                                     -8.0188860552805608e-03
2                                     -3.8488480736695330e-01
3                                      6.0782851963329776e-01
4                                     -3.1758580648933687e-01
5                                     -3.5576584598715044e-01
6                                     -2.0984164332281452e-02
7                                     -2.9248014082884577e-01
8                                     -9.4749057823150906e-02
9                                     -3.5723203173800844e-01
10                                    -8.5093051689771215e-02
11                                     6.1360993517019935e-01
12                                    -3.0762906307922222e-01
13                                    -3.7025034150058644e-01
14                                    -8.6810710836058291e-03
15                                    -3.1792260549971552e-01
16                                    -3.8428252357649306e-01
17                                    -1.7797847055009974e-02
18                                    -3.3123958338530457e-01
19                                     1.2263745094617617e-01
20                                     1.2720607526827832e-01
21                                     1.1009141716444559e-01
22                                     1.0785037852964785e-01
23                                     1.1255501072059115e-01
24                                     1.2126347849015551e-01
25                                     1.0146733776312189e-01
26                                     1.2479208917301166e-01
27                                     1.0592711610613992e-01
28                                     1.1481731430962960e-01
29                                     1.8574240428588207e-01
30                                     1.9400653458935935e-01
31                                     1.1271456899477428e-01
32                                     1.1658364767814455e-01
33                                     1.3015061007830675e-01
34                                     1.2256192612901928e-01
35                                     1.1483772918500657e-01
36                                     1.0624379217756896e-01
37                                     1.1888562930300561e-01
38                                     1.1778213488181755e-01
39                                     1.1585628198320441e-01
40                                     1.5769522955695536e-01
   &VA [&Type "ArrayOfDoubles", &Dim (41,1)] "Mayer's total valence"
                                                         0

0                                      3.9884417902786291e+00
1                                      4.0214896823035291e+00
2                                      2.1733364097845098e+00
3                                      4.9541522383186321e+00
4                                      2.0199564776852346e+00
5                                      2.1722382375600358e+00
6                                      3.9969547755605173e+00
7                                      3.9965457423284616e+00
8                                      2.3062023568136731e+00
9                                      3.8373166298661197e+00
10                                     2.3173936963143351e+00
11                                     4.9595989696628262e+00
12                                     2.0611700383713125e+00
13                                     2.1622841683344354e+00
14                                     4.0110857430774294e+00
15                                     3.9949240385413316e+00
16                                     2.1704027256171488e+00
17                                     3.9964879085259075e+00
18                                     3.9874182968185705e+00
19                                     9.8927370802289327e-01
20                                     9.6653571990760967e-01
21                                     9.5278874484415754e-01
22                                     9.4775302776339632e-01
23                                     9.5317412145484759e-01
24                                     9.7389913818079243e-01
25                                     9.5839825760131236e-01
26                                     9.9530266591128891e-01
27                                     9.5540647575720350e-01
28                                     9.5915757656666889e-01
29                                     9.5459512489721765e-01
30                                     9.6719074244915126e-01
31                                     9.4736907189328567e-01
32                                     9.7236590628615549e-01
33                                     9.8220518144844260e-01
34                                     9.5460569253441041e-01
35                                     9.5413711005055202e-01
36                                     9.4797710912431254e-01
37                                     9.9037611400660952e-01
38                                     9.5694970678400426e-01
39                                     9.5563793699805910e-01
40                                     9.6578782079585013e-01
   &BVA [&Type "ArrayOfDoubles", &Dim (41,1)] "Mayer's bonded valence"
                                                         0

0                                      3.9884417902786025e+00
1                                      4.0214896823035380e+00
2                                      2.1733364097844619e+00
3                                      4.9541522383186241e+00
4                                      2.0199564776853758e+00
5                                      2.1722382375599834e+00
6                                      3.9969547755605448e+00
7                                      3.9965457423284936e+00
8                                      2.3062023568137229e+00
9                                      3.8373166298660450e+00
10                                     2.3173936963144599e+00
11                                     4.9595989696627489e+00
12                                     2.0611700383712588e+00
13                                     2.1622841683343954e+00
14                                     4.0110857430773859e+00
15                                     3.9949240385413352e+00
16                                     2.1704027256170937e+00
17                                     3.9964879085259484e+00
18                                     3.9874182968186158e+00
19                                     9.8927370802289671e-01
20                                     9.6653571990760900e-01
21                                     9.5278874484414600e-01
22                                     9.4775302776339887e-01
23                                     9.5317412145485547e-01
24                                     9.7389913818079232e-01
25                                     9.5839825760131614e-01
26                                     9.9530266591128935e-01
27                                     9.5540647575719861e-01
28                                     9.5915757656667044e-01
29                                     9.5459512489721232e-01
30                                     9.6719074244914205e-01
31                                     9.4736907189327824e-01
32                                     9.7236590628615227e-01
33                                     9.8220518144843205e-01
34                                     9.5460569253440652e-01
35                                     9.5413711005054469e-01
36                                     9.4797710912431987e-01
37                                     9.9037611400661374e-01
38                                     9.5694970678400371e-01
39                                     9.5563793699806465e-01
40                                     9.6578782079585535e-01
   &FA [&Type "ArrayOfDoubles", &Dim (41,1)] "Mayer's free valence"
                                                         0

0                                      0.0000000000000000e+00
1                                      0.0000000000000000e+00
2                                      0.0000000000000000e+00
3                                      0.0000000000000000e+00
4                                      0.0000000000000000e+00
5                                      0.0000000000000000e+00
6                                      0.0000000000000000e+00
7                                      0.0000000000000000e+00
8                                      0.0000000000000000e+00
9                                      0.0000000000000000e+00
10                                     0.0000000000000000e+00
11                                     0.0000000000000000e+00
12                                     0.0000000000000000e+00
13                                     0.0000000000000000e+00
14                                     0.0000000000000000e+00
15                                     0.0000000000000000e+00
16                                     0.0000000000000000e+00
17                                     0.0000000000000000e+00
18                                     0.0000000000000000e+00
19                                     0.0000000000000000e+00
20                                     0.0000000000000000e+00
21                                     0.0000000000000000e+00
22                                     0.0000000000000000e+00
23                                     0.0000000000000000e+00
24                                     0.0000000000000000e+00
25                                     0.0000000000000000e+00
26                                     0.0000000000000000e+00
27                                     0.0000000000000000e+00
28                                     0.0000000000000000e+00
29                                     0.0000000000000000e+00
30                                     0.0000000000000000e+00
31                                     0.0000000000000000e+00
32                                     0.0000000000000000e+00
33                                     0.0000000000000000e+00
34                                     0.0000000000000000e+00
35                                     0.0000000000000000e+00
36                                     0.0000000000000000e+00
37                                     0.0000000000000000e+00
38                                     0.0000000000000000e+00
39                                     0.0000000000000000e+00
40                                     0.0000000000000000e+00
$End
$VdW_Correction
   &GeometryIndex 1
   &ListStatus       OUT
   &VDW [&Type "Double"]      -6.6398032657568884e-02
$End
$Calculation_Info
   &GeometryIndex 1
   &ListStatus       OUT
   &MULT [&Type "Integer"] 1
   &CHARGE [&Type "Integer"] 0
   &NUMOFATOMS [&Type "Integer"] 41
   &NUMOFELECTRONS [&Type "Integer"] 202
   &NUMOFFCELECTRONS [&Type "Integer"] 1
   &NUMOFCORRELECTRONS [&Type "Integer"] 0
   &NUMOFBASISFUNCTS [&Type "Integer"] 334
   &NUMOFAUXCBASISFUNCTS [&Type "Integer"] 0
   &NUMOFAUXJBASISFUNCTS [&Type "Integer"] 1185
   &NUMOFAUXJKBASISFUNCTS [&Type "Integer"] 0
   &NUMOFCABSBASISFUNCTS [&Type "Integer"] 0
   &TOTALENERGY [&Type "Double"]      -2.9295178243040637e+03  "Hartrees"
$End
$SCF_Dipole_Moment
   &GeometryIndex 1
   &ListStatus       OUT
   &METHOD [&Type "String"] "SCF"
   &LEVEL [&Type "String"] "Relaxed density"
   &MULT [&Type "Integer"] 1
   &STATE [&Type "Integer"] -1
   &IRREP [&Type "Integer"] 0
   &NATOMS [&Type "Integer"] 41
   &DODIPOLEATOM [&Type "Boolean"] false
   &DIPOLEELECCONTRIB [&Type "ArrayOfDoubles", &Dim (3,1)] "Electronic contribution"
                                                         0

0                                      2.9929679489819900e+00
1                                      1.2682485726224897e+00
2                                     -4.1643731056297231e+00
   &DIPOLENUCCONTRIB [&Type "ArrayOfDoubles", &Dim (3,1)] "Nuclear contribution"
                                                         0

0                                     -3.7023509778553714e+00
1                                     -1.1682007456593011e+00
2                                      3.8355098151679483e+00
   &DIPOLETOTAL [&Type "ArrayOfDoubles", &Dim (3,1)] "Total"
                                                         0

0                                     -7.0938302887338134e-01
1                                      1.0004782696318859e-01
2                                     -3.2886329046177476e-01
   &DIPOLEMAGNITUDE [&Type "Double", &Units "a.u."]       7.8827971757934656e-01
$End
