*************************************************
******************* ORCA 6.0.0 ******************
*************************************************
$Calculation_Status
   &GeometryIndex 1
   &ListStatus       OUT
   &VERSION [&Type "String"] "6.0.0"
   &PROGNAME [&Type "String"] "LeanSCF"
   &STATUS [&Type "String"] "NORMAL TERMINATION"
$End
$Geometry
   &GeometryIndex 1
   &ListStatus       OUT
   &NATOMS [&Type "Integer"] 41
   &NCORELESSECP [&Type "Integer"] 0
   &NGHOSTATOMS [&Type "Integer"] 0
   &CartesianCoordinates [&Type "Coordinates", &Dim(41,4), &Units "Bohr"] 
              C      4.287035555798    1.274185368387    5.813589814805
              C      3.095290463590   -1.207205780181    5.039888631386
              O      4.294378709923   -2.376518839578    2.870744473444
              P      5.082830180916   -1.145382135877    0.286755105133
              S      5.698602105120   -3.880662394923   -2.135973235943
              O      7.407851429001    0.587083013076    1.040363881069
              C      8.434099605571    2.601194830409   -0.470687611812
              C      9.166121360333    1.754782123333   -3.104615912650
              S      2.225798865344    1.498947869936   -0.818039994184
              C      0.063764031728   -0.811146842433   -2.092011464659
              S     -2.275639383201   -1.823716474865    0.181092204458
              P     -5.085002945695    0.858180991504   -0.946054855250
              S     -5.720433535346    0.864847531265   -4.595471965643
              O     -4.146120481924    3.531828748831   -0.034685722688
              C     -4.441588284482    4.593856074621    2.474669447702
              C     -2.909163659836    3.186488195546    4.436257916401
              O     -7.434416777583    0.311670792342    0.831766229528
              C     -9.356376831130   -1.505819396795    0.196452576697
              C     -8.341456665869   -4.180947092010    0.132115074125
              H      3.389640163760    1.927997146509    7.539138297011
              H      6.297892333093    1.024102565076    6.147817703546
              H      4.030579824388    2.691944098984    4.345840643795
              H      1.093361061333   -0.975544125301    4.586779709197
              H      3.303586879934   -2.636676529933    6.511131181498
              H      7.036107045996    4.120729980426   -0.556846184564
              H     10.081814660233    3.221757747234    0.603372266968
              H     10.452772531851    0.154876756811   -3.012466757632
              H      7.495477207044    1.178673773203   -4.160251034379
              H     10.077558451226    3.304059482299   -4.092147289859
              H      1.149627081927   -2.465944342713   -2.681536186826
              H     -0.907089205792    0.034996953024   -3.703050777442
              H     -3.777779599999    6.531223572351    2.238290205478
              H     -6.448761346058    4.584154691380    2.947805211814
              H     -3.617829561576    1.268002853818    4.650872432519
              H     -0.936026319220    3.125430896227    3.869438881312
              H     -3.064371933571    4.163250859533    6.233138017407
              H    -10.768294437710   -1.261441499993    1.678635952886
              H    -10.160279394444   -0.991140274323   -1.637723651939
              H     -7.026316783644   -4.397918971749   -1.436582576264
              H     -7.361453395006   -4.622763565458    1.882759502059
              H     -9.898299995624   -5.490627028390   -0.126961684756
$End
$SCF_Energy
   &GeometryIndex 1
   &ListStatus       OUT
   &SCF_ENERGY [&Type "Double"]      -2.9296309534518036e+03
$End
$DFT_Energy
   &GeometryIndex 1
   &ListStatus       OUT
   &NALPHAEL [&Type "Integer"] 101
   &NBETAEL [&Type "Integer"] 101
   &NTOTALEL [&Type "Integer"] 202
   &EEXCHANGE [&Type "Double"]      -2.3181294489250513e+02
   &ECORR [&Type "Double"]      -7.2942768268026761e+00
   &ECNL [&Type "Double"]       0.0000000000000000e+00
   &EXC [&Type "Double"]      -2.3910722171930780e+02
   &EEMBED [&Type "Double"]       0.0000000000000000e+00
   &FINALEN [&Type "Double"]      -2.9296309534518036e+03  "No Van der Waals correction"
$End
$Mulliken_Population_Analysis
   &GeometryIndex 1
   &ListStatus       OUT
   &NATOMS [&Type "Integer"] 41
   &ATNO [&Type "ArrayOfIntegers", &Dim (41,1)] 
                                                         0

0                                                        6
1                                                        6
2                                                        8
3                                                       15
4                                                       16
5                                                        8
6                                                        6
7                                                        6
8                                                       16
9                                                        6
10                                                      16
11                                                      15
12                                                      16
13                                                       8
14                                                       6
15                                                       6
16                                                       8
17                                                       6
18                                                       6
19                                                       1
20                                                       1
21                                                       1
22                                                       1
23                                                       1
24                                                       1
25                                                       1
26                                                       1
27                                                       1
28                                                       1
29                                                       1
30                                                       1
31                                                       1
32                                                       1
33                                                       1
34                                                       1
35                                                       1
36                                                       1
37                                                       1
38                                                       1
39                                                       1
40                                                       1
   &ATOMICCHARGES [&Type "ArrayOfDoubles", &Dim (41,1)] 
                                                         0

0                                     -3.2110004851256679e-01
1                                     -1.1620351748810265e-02
2                                     -3.5684297831645218e-01
3                                      5.8822176247623581e-01
4                                     -3.0316793393787123e-01
5                                     -3.7458681508227976e-01
6                                     -1.2573717266914919e-02
7                                     -3.0789750122869020e-01
8                                     -1.1600179455400195e-01
9                                     -3.5147322736678088e-01
10                                    -9.3589368188901290e-02
11                                     6.0135519064321841e-01
12                                    -3.0595072121741396e-01
13                                    -3.6310513116377763e-01
14                                     1.5524726498474806e-02
15                                    -3.5466785758696417e-01
16                                    -3.8622559003369261e-01
17                                    -6.0475927196002033e-04
18                                    -3.2573669372123337e-01
19                                     1.1338210188531783e-01
20                                     1.2633901112772916e-01
21                                     1.2385821601420488e-01
22                                     1.2667780332996448e-01
23                                     1.0990164789038315e-01
24                                     1.1126177552498073e-01
25                                     1.0973841949291341e-01
26                                     1.2830370209320374e-01
27                                     1.2895039332508218e-01
28                                     1.1138284459554071e-01
29                                     1.9473030996562135e-01
30                                     1.9096672896842914e-01
31                                     1.1115575873803385e-01
32                                     1.1035631959640102e-01
33                                     1.2812582233244274e-01
34                                     1.4517892181932301e-01
35                                     1.1196938985206417e-01
36                                     1.0621600272778275e-01
37                                     1.1705102766163078e-01
38                                     1.3791967785762049e-01
39                                     1.1816000908685920e-01
40                                     1.1841692569488238e-01
$End
$Loewdin_Population_Analysis
   &GeometryIndex 1
   &ListStatus       OUT
   &NATOMS [&Type "Integer"] 41
   &ATNO [&Type "ArrayOfIntegers", &Dim (41,1)] 
                                                         0

0                                                        6
1                                                        6
2                                                        8
3                                                       15
4                                                       16
5                                                        8
6                                                        6
7                                                        6
8                                                       16
9                                                        6
10                                                      16
11                                                      15
12                                                      16
13                                                       8
14                                                       6
15                                                       6
16                                                       8
17                                                       6
18                                                       6
19                                                       1
20                                                       1
21                                                       1
22                                                       1
23                                                       1
24                                                       1
25                                                       1
26                                                       1
27                                                       1
28                                                       1
29                                                       1
30                                                       1
31                                                       1
32                                                       1
33                                                       1
34                                                       1
35                                                       1
36                                                       1
37                                                       1
38                                                       1
39                                                       1
40                                                       1
   &ATOMICCHARGES [&Type "ArrayOfDoubles", &Dim (41,1)] 
                                                         0

0                                      1.7090820792816690e-05
1                                      1.1091864658921205e-04
2                                      2.7513704198841370e-03
3                                      5.3877217807081056e-04
4                                      1.6363199730723487e-06
5                                      4.0574325949463627e-03
6                                      6.2592077546651649e-04
7                                      2.4478219988864858e-05
8                                      1.2217658877574929e-05
9                                      1.5983329623624681e-04
10                                     1.7935093498476365e-04
11                                     5.3634006823456773e-02
12                                     1.0096976682515451e-04
13                                     2.5729560845577021e-01
14                                     1.8875558166248682e-02
15                                     4.1585533930938183e-04
16                                     5.6020053615360754e-01
17                                     9.7338909339912391e-02
18                                     2.3610832454938955e-03
19                                     2.7663748911568677e-07
20                                     2.8727775679658152e-07
21                                     3.5284868813194184e-07
22                                     2.6242072471203142e-06
23                                     1.0677716156239170e-07
24                                     6.0409220396117789e-07
25                                     4.1938047504365405e-06
26                                     1.6151649081856558e-07
27                                     1.9408370547475985e-10
28                                     1.7129606199048280e-06
29                                     6.8770360664719813e-07
30                                     1.2002966421204908e-05
31                                     1.6337134859700024e-04
32                                     2.5355124192315517e-05
33                                     1.9108673360469987e-05
34                                     6.0450273569006148e-06
35                                     5.0916800064930415e-05
36                                     6.8463026628098000e-04
37                                     1.5988319199598073e-04
38                                     1.1758501238903775e-05
39                                     4.4878333423617293e-06
40                                     1.4988309061676899e-04
$End
$Mayer_Population_Analysis
   &GeometryIndex 1
   &ListStatus       OUT
   &NATOMS [&Type "Integer"] 41 "Total number of atoms"
   &BONDTHRESH [&Type "Double"]       1.0000000000000001e-01  "The threshold for printing"
   &NBONDORDERSPRINT [&Type "Integer"] 44 "The number of bond orders larger than threshold"
   &BONDORDERS [&Type "ArrayOfDoubles", &Dim (44,1)] "The bond orders"
                                                         0

0                                      1.1715790733166049e+00
1                                      9.3520887407956799e-01
2                                      9.4006478091550172e-01
3                                      9.3218178134288721e-01
4                                      8.9651090172503700e-01
5                                      9.1331544896774886e-01
6                                      9.3327717625814244e-01
7                                      1.1464367397346515e+00
8                                      1.6328380325812795e+00
9                                      1.0970438779630014e+00
10                                     9.3157998817542764e-01
11                                     1.1142937499664871e-01
12                                     1.2107291228950164e-01
13                                     9.0978009900372592e-01
14                                     1.1677510275605008e+00
15                                     9.2609659934377708e-01
16                                     9.3336740704028587e-01
17                                     9.4283495817875496e-01
18                                     9.3225106548888037e-01
19                                     9.3473582450823633e-01
20                                     9.9800824009309885e-01
21                                     9.9848265530920255e-01
22                                     8.4909097138878487e-01
23                                     8.5917426779066730e-01
24                                     9.4595469098581997e-01
25                                     1.1031881597932619e-01
26                                     1.6342052942287713e+00
27                                     1.1340760144628361e+00
28                                     1.0841323441927648e+00
29                                     1.0074549925033140e-01
30                                     8.9785981319944308e-01
31                                     1.1691559395823237e+00
32                                     9.3417421841167170e-01
33                                     9.2747373581820203e-01
34                                     9.3677768674914486e-01
35                                     9.2512855955175399e-01
36                                     9.3354834682906374e-01
37                                     8.9812705169564977e-01
38                                     1.1663476896847824e+00
39                                     9.3362913799390301e-01
40                                     9.1866731254736356e-01
41                                     9.3170114905793122e-01
42                                     9.4405722075006848e-01
43                                     9.3642801163626288e-01
   &COMPONENTS [&Type "ArrayOfIntegers", &Dim (44,4)] "The indices and atomic numbers of the bonding atoms"
                                                         0                           1                           2                           3

0                                                        0                           6                           1                           6
1                                                        0                           6                          19                           1
2                                                        0                           6                          20                           1
3                                                        0                           6                          21                           1
4                                                        1                           6                           2                           8
5                                                        1                           6                          22                           1
6                                                        1                           6                          23                           1
7                                                        2                           8                           3                          15
8                                                        3                          15                           4                          16
9                                                        3                          15                           5                           8
10                                                       3                          15                           8                          16
11                                                       4                          16                           8                          16
12                                                       4                          16                          29                           1
13                                                       5                           8                           6                           6
14                                                       6                           6                           7                           6
15                                                       6                           6                          24                           1
16                                                       6                           6                          25                           1
17                                                       7                           6                          26                           1
18                                                       7                           6                          27                           1
19                                                       7                           6                          28                           1
20                                                       8                          16                           9                           6
21                                                       9                           6                          10                          16
22                                                       9                           6                          29                           1
23                                                       9                           6                          30                           1
24                                                      10                          16                          11                          15
25                                                      10                          16                          12                          16
26                                                      11                          15                          12                          16
27                                                      11                          15                          13                           8
28                                                      11                          15                          16                           8
29                                                      12                          16                          30                           1
30                                                      13                           8                          14                           6
31                                                      14                           6                          15                           6
32                                                      14                           6                          31                           1
33                                                      14                           6                          32                           1
34                                                      15                           6                          33                           1
35                                                      15                           6                          34                           1
36                                                      15                           6                          35                           1
37                                                      16                           8                          17                           6
38                                                      17                           6                          18                           6
39                                                      17                           6                          36                           1
40                                                      17                           6                          37                           1
41                                                      18                           6                          38                           1
42                                                      18                           6                          39                           1
43                                                      18                           6                          40                           1
   &ATNO [&Type "ArrayOfIntegers", &Dim (41,1)] "Atomic number of the elements"
                                                         0

0                                                        6
1                                                        6
2                                                        8
3                                                       15
4                                                       16
5                                                        8
6                                                        6
7                                                        6
8                                                       16
9                                                        6
10                                                      16
11                                                      15
12                                                      16
13                                                       8
14                                                       6
15                                                       6
16                                                       8
17                                                       6
18                                                       6
19                                                       1
20                                                       1
21                                                       1
22                                                       1
23                                                       1
24                                                       1
25                                                       1
26                                                       1
27                                                       1
28                                                       1
29                                                       1
30                                                       1
31                                                       1
32                                                       1
33                                                       1
34                                                       1
35                                                       1
36                                                       1
37                                                       1
38                                                       1
39                                                       1
40                                                       1
   &NA [&Type "ArrayOfDoubles", &Dim (41,1)] "Mulliken gross atomic population"
                                                         0

0                                      6.3211000485125757e+00
1                                      6.0116203517487987e+00
2                                      8.3568429783164575e+00
3                                      1.4411778237523732e+01
4                                      1.6303167933937917e+01
5                                      8.3745868150822833e+00
6                                      6.0125737172668892e+00
7                                      6.3078975012286760e+00
8                                      1.6116001794553998e+01
9                                      6.3514732273667738e+00
10                                     1.6093589368188876e+01
11                                     1.4398644809356817e+01
12                                     1.6305950721217410e+01
13                                     8.3631051311637901e+00
14                                     5.9844752735015163e+00
15                                     6.3546678575869509e+00
16                                     8.3862255900337139e+00
17                                     6.0006047592719689e+00
18                                     6.3257366937212396e+00
19                                     8.8661789811468206e-01
20                                     8.7366098887227106e-01
21                                     8.7614178398579567e-01
22                                     8.7332219667003463e-01
23                                     8.9009835210961596e-01
24                                     8.8873822447502016e-01
25                                     8.9026158050708692e-01
26                                     8.7169629790679592e-01
27                                     8.7104960667491804e-01
28                                     8.8861715540445929e-01
29                                     8.0526969003437798e-01
30                                     8.0903327103157086e-01
31                                     8.8884424126196626e-01
32                                     8.8964368040359942e-01
33                                     8.7187417766755748e-01
34                                     8.5482107818067654e-01
35                                     8.8803061014793583e-01
36                                     8.9378399727221669e-01
37                                     8.8294897233836889e-01
38                                     8.6208032214237917e-01
39                                     8.8183999091313947e-01
40                                     8.8158307430511784e-01
   &ZA [&Type "ArrayOfDoubles", &Dim (41,1)] "Total nuclear charge"
                                                         0

0                                      6.0000000000000000e+00
1                                      6.0000000000000000e+00
2                                      8.0000000000000000e+00
3                                      1.5000000000000000e+01
4                                      1.6000000000000000e+01
5                                      8.0000000000000000e+00
6                                      6.0000000000000000e+00
7                                      6.0000000000000000e+00
8                                      1.6000000000000000e+01
9                                      6.0000000000000000e+00
10                                     1.6000000000000000e+01
11                                     1.5000000000000000e+01
12                                     1.6000000000000000e+01
13                                     8.0000000000000000e+00
14                                     6.0000000000000000e+00
15                                     6.0000000000000000e+00
16                                     8.0000000000000000e+00
17                                     6.0000000000000000e+00
18                                     6.0000000000000000e+00
19                                     1.0000000000000000e+00
20                                     1.0000000000000000e+00
21                                     1.0000000000000000e+00
22                                     1.0000000000000000e+00
23                                     1.0000000000000000e+00
24                                     1.0000000000000000e+00
25                                     1.0000000000000000e+00
26                                     1.0000000000000000e+00
27                                     1.0000000000000000e+00
28                                     1.0000000000000000e+00
29                                     1.0000000000000000e+00
30                                     1.0000000000000000e+00
31                                     1.0000000000000000e+00
32                                     1.0000000000000000e+00
33                                     1.0000000000000000e+00
34                                     1.0000000000000000e+00
35                                     1.0000000000000000e+00
36                                     1.0000000000000000e+00
37                                     1.0000000000000000e+00
38                                     1.0000000000000000e+00
39                                     1.0000000000000000e+00
40                                     1.0000000000000000e+00
   &QA [&Type "ArrayOfDoubles", &Dim (41,1)] "Mulliken gross atomic charge"
                                                         0

0                                     -3.2110004851257568e-01
1                                     -1.1620351748798718e-02
2                                     -3.5684297831645750e-01
3                                      5.8822176247626778e-01
4                                     -3.0316793393791741e-01
5                                     -3.7458681508228331e-01
6                                     -1.2573717266889162e-02
7                                     -3.0789750122867598e-01
8                                     -1.1600179455399839e-01
9                                     -3.5147322736677378e-01
10                                    -9.3589368188876421e-02
11                                     6.0135519064318288e-01
12                                    -3.0595072121741040e-01
13                                    -3.6310513116379006e-01
14                                     1.5524726498483687e-02
15                                    -3.5466785758695085e-01
16                                    -3.8622559003371393e-01
17                                    -6.0475927196890211e-04
18                                    -3.2573669372123959e-01
19                                     1.1338210188531794e-01
20                                     1.2633901112772894e-01
21                                     1.2385821601420433e-01
22                                     1.2667780332996537e-01
23                                     1.0990164789038404e-01
24                                     1.1126177552497984e-01
25                                     1.0973841949291308e-01
26                                     1.2830370209320408e-01
27                                     1.2895039332508196e-01
28                                     1.1138284459554071e-01
29                                     1.9473030996562202e-01
30                                     1.9096672896842914e-01
31                                     1.1115575873803374e-01
32                                     1.1035631959640058e-01
33                                     1.2812582233244252e-01
34                                     1.4517892181932346e-01
35                                     1.1196938985206417e-01
36                                     1.0621600272778331e-01
37                                     1.1705102766163111e-01
38                                     1.3791967785762083e-01
39                                     1.1816000908686053e-01
40                                     1.1841692569488216e-01
   &VA [&Type "ArrayOfDoubles", &Dim (41,1)] "Mayer's total valence"
                                                         0

0                                      4.0108228659549647e+00
1                                      4.0075524592504275e+00
2                                      2.1792466511238726e+00
3                                      4.9609936462966537e+00
4                                      2.0360787020820821e+00
5                                      2.1799250311357143e+00
6                                      4.0172156373383832e+00
7                                      3.9893996739680806e+00
8                                      2.2846912316695418e+00
9                                      3.7381499608581517e+00
10                                     2.2795941951475940e+00
11                                     4.9516151064073295e+00
12                                     2.0359237718213361e+00
13                                     2.1714213014028108e+00
14                                     4.0148291789531738e+00
15                                     4.0000562451693833e+00
16                                     2.1740294292472733e+00
17                                     3.9967521787425762e+00
18                                     3.9863563261938668e+00
19                                     9.5255994339430516e-01
20                                     9.6038121880131033e-01
21                                     9.7027571668907020e-01
22                                     9.7526494306648992e-01
23                                     9.4867188208202857e-01
24                                     9.5132887979151770e-01
25                                     9.4704593190932573e-01
26                                     9.6576500319613912e-01
27                                     9.8742310922503640e-01
28                                     9.5285627925552885e-01
29                                     1.0047420343697895e+00
30                                     9.9610454035231155e-01
31                                     9.4858948903169826e-01
32                                     9.6085666148059079e-01
33                                     9.6726095125116129e-01
34                                     9.7819601435104386e-01
35                                     9.5277346278662089e-01
36                                     9.4898592390782599e-01
37                                     9.7729560748321442e-01
38                                     9.8285093024757264e-01
39                                     9.5978945545215866e-01
40                                     9.5493718145790085e-01
   &BVA [&Type "ArrayOfDoubles", &Dim (41,1)] "Mayer's bonded valence"
                                                         0

0                                      4.0108228659549168e+00
1                                      4.0075524592504506e+00
2                                      2.1792466511238273e+00
3                                      4.9609936462966662e+00
4                                      2.0360787020819227e+00
5                                      2.1799250311357272e+00
6                                      4.0172156373383974e+00
7                                      3.9893996739681041e+00
8                                      2.2846912316696142e+00
9                                      3.7381499608581552e+00
10                                     2.2795941951476264e+00
11                                     4.9516151064072540e+00
12                                     2.0359237718213277e+00
13                                     2.1714213014027757e+00
14                                     4.0148291789531303e+00
15                                     4.0000562451693549e+00
16                                     2.1740294292472861e+00
17                                     3.9967521787426010e+00
18                                     3.9863563261939032e+00
19                                     9.5255994339430639e-01
20                                     9.6038121880130456e-01
21                                     9.7027571668908341e-01
22                                     9.7526494306649614e-01
23                                     9.4867188208203845e-01
24                                     9.5132887979152037e-01
25                                     9.4704593190932296e-01
26                                     9.6576500319613712e-01
27                                     9.8742310922503429e-01
28                                     9.5285627925553340e-01
29                                     1.0047420343697904e+00
30                                     9.9610454035232154e-01
31                                     9.4858948903168938e-01
32                                     9.6085666148059146e-01
33                                     9.6726095125116074e-01
34                                     9.7819601435105019e-01
35                                     9.5277346278661879e-01
36                                     9.4898592390783565e-01
37                                     9.7729560748323729e-01
38                                     9.8285093024757075e-01
39                                     9.5978945545217176e-01
40                                     9.5493718145791184e-01
   &FA [&Type "ArrayOfDoubles", &Dim (41,1)] "Mayer's free valence"
                                                         0

0                                      0.0000000000000000e+00
1                                      0.0000000000000000e+00
2                                      0.0000000000000000e+00
3                                      0.0000000000000000e+00
4                                      0.0000000000000000e+00
5                                      0.0000000000000000e+00
6                                      0.0000000000000000e+00
7                                      0.0000000000000000e+00
8                                      0.0000000000000000e+00
9                                      0.0000000000000000e+00
10                                     0.0000000000000000e+00
11                                     0.0000000000000000e+00
12                                     0.0000000000000000e+00
13                                     0.0000000000000000e+00
14                                     0.0000000000000000e+00
15                                     0.0000000000000000e+00
16                                     0.0000000000000000e+00
17                                     0.0000000000000000e+00
18                                     0.0000000000000000e+00
19                                     0.0000000000000000e+00
20                                     0.0000000000000000e+00
21                                     0.0000000000000000e+00
22                                     0.0000000000000000e+00
23                                     0.0000000000000000e+00
24                                     0.0000000000000000e+00
25                                     0.0000000000000000e+00
26                                     0.0000000000000000e+00
27                                     0.0000000000000000e+00
28                                     0.0000000000000000e+00
29                                     0.0000000000000000e+00
30                                     0.0000000000000000e+00
31                                     0.0000000000000000e+00
32                                     0.0000000000000000e+00
33                                     0.0000000000000000e+00
34                                     0.0000000000000000e+00
35                                     0.0000000000000000e+00
36                                     0.0000000000000000e+00
37                                     0.0000000000000000e+00
38                                     0.0000000000000000e+00
39                                     0.0000000000000000e+00
40                                     0.0000000000000000e+00
$End
$VdW_Correction
   &GeometryIndex 1
   &ListStatus       OUT
   &VDW [&Type "Double"]      -6.4939362827759514e-02
$End
$Calculation_Info
   &GeometryIndex 1
   &ListStatus       OUT
   &MULT [&Type "Integer"] 1
   &CHARGE [&Type "Integer"] 0
   &NUMOFATOMS [&Type "Integer"] 41
   &NUMOFELECTRONS [&Type "Integer"] 202
   &NUMOFFCELECTRONS [&Type "Integer"] 1
   &NUMOFCORRELECTRONS [&Type "Integer"] 0
   &NUMOFBASISFUNCTS [&Type "Integer"] 334
   &NUMOFAUXCBASISFUNCTS [&Type "Integer"] 0
   &NUMOFAUXJBASISFUNCTS [&Type "Integer"] 1185
   &NUMOFAUXJKBASISFUNCTS [&Type "Integer"] 0
   &NUMOFCABSBASISFUNCTS [&Type "Integer"] 0
   &TOTALENERGY [&Type "Double"]      -2.9295097669635315e+03  "Hartrees"
$End
$SCF_Dipole_Moment
   &GeometryIndex 1
   &ListStatus       OUT
   &METHOD [&Type "String"] "SCF"
   &LEVEL [&Type "String"] "Relaxed density"
   &MULT [&Type "Integer"] 1
   &STATE [&Type "Integer"] -1
   &IRREP [&Type "Integer"] 0
   &NATOMS [&Type "Integer"] 41
   &DODIPOLEATOM [&Type "Boolean"] false
   &DIPOLEELECCONTRIB [&Type "ArrayOfDoubles", &Dim (3,1)] "Electronic contribution"
                                                         0

0                                     -7.2261299952959845e-01
1                                     -6.1902318670774479e+00
2                                     -1.4190643868230421e+01
   &DIPOLENUCCONTRIB [&Type "ArrayOfDoubles", &Dim (3,1)] "Nuclear contribution"
                                                         0

0                                      2.2247175108358519e-01
1                                      7.3963336116167735e+00
2                                      1.6262531853520613e+01
   &DIPOLETOTAL [&Type "ArrayOfDoubles", &Dim (3,1)] "Total"
                                                         0

0                                     -5.0014124844601326e-01
1                                      1.2061017445393256e+00
2                                      2.0718879852901928e+00
   &DIPOLEMAGNITUDE [&Type "Double", &Units "a.u."]       2.4489880583963237e+00
$End
