*************************************************
******************* ORCA 6.0.0 ******************
*************************************************
$Calculation_Status
   &GeometryIndex 1
   &ListStatus       OUT
   &VERSION [&Type "String"] "6.0.0"
   &PROGNAME [&Type "String"] "LeanSCF"
   &STATUS [&Type "String"] "NORMAL TERMINATION"
$End
$Geometry
   &GeometryIndex 1
   &ListStatus       OUT
   &NATOMS [&Type "Integer"] 41
   &NCORELESSECP [&Type "Integer"] 0
   &NGHOSTATOMS [&Type "Integer"] 0
   &CartesianCoordinates [&Type "Coordinates", &Dim(41,4), &Units "Bohr"] 
              C      5.212089680809    3.402581886670   -3.652684299858
              C      6.458487724706    3.625408590561   -1.083112340838
              O      6.525533226371    1.236374567230    0.213750993289
              P      4.191723094473    0.206516574762    1.797591538298
              S      2.515866231422    2.721612929111    3.917285746224
              O      5.356587263095   -2.000823002376    3.424584318780
              C      6.918706274523   -4.006425789408    2.399668214509
              C      9.695514946463   -3.341821934624    2.599649014967
              S      1.970682561424   -1.700484784087   -0.999025041344
              C     -0.333124978618   -3.074659412160    1.130239005231
              S     -2.824782787230   -0.907411692848    2.037427341521
              P     -4.178761991288   -0.186906347153   -1.696923439286
              S     -3.784437582702   -2.973353987513   -4.095954255406
              O     -2.792757416457    2.235699288525   -2.723992596603
              C     -2.144827256348    4.515600760805   -1.353275654673
              C     -4.362040989852    5.717976690494   -0.008977783671
              O     -6.966336230245    0.813987354224   -1.219930233719
              C     -8.933664836185   -0.606442396359    0.011303497026
              C    -10.164132003491   -2.498073427513   -1.754047973611
              H      3.225645273884    2.903824921781   -3.458517306479
              H      5.353889471925    5.200679656142   -4.628581661838
              H      6.140154976134    1.950072262589   -4.769245836395
              H      5.470622788347    4.995919474108    0.112123011667
              H      8.441865327404    4.160820291889   -1.259275236817
              H      6.459020853299   -5.651973350682    3.555851114875
              H      6.369616883970   -4.349069222564    0.437477955908
              H     10.128249370221   -1.715605984650    1.423730595126
              H     10.173918944838   -2.899465297512    4.546902534653
              H     10.812433337749   -4.945378982982    1.975250814104
              H      0.580444096575   -3.679349743831    2.870358732153
              H     -1.161993592043   -4.661939791446    0.113195479058
              H     -0.647968773261    4.061261232516    0.000852775012
              H     -1.396916829950    5.745413025567   -2.830060613742
              H     -3.767200589769    7.534373990914    0.737349818889
              H     -5.926898355800    5.988543208013   -1.311318226704
              H     -4.978976179765    4.535722560710    1.556007025596
              H     -8.141966345719   -1.545463681112    1.673575816209
              H    -10.281236940794    0.836364862013    0.611294089629
              H    -11.724334960743   -3.409384381644   -0.783809531655
              H    -10.869523368322   -1.544799444833   -3.430642775096
              H     -8.807589159164   -3.926954627309   -2.339695343791
$End
$SCF_Energy
   &GeometryIndex 1
   &ListStatus       OUT
   &SCF_ENERGY [&Type "Double"]      -2.9296387580792120e+03
$End
$DFT_Energy
   &GeometryIndex 1
   &ListStatus       OUT
   &NALPHAEL [&Type "Integer"] 101
   &NBETAEL [&Type "Integer"] 101
   &NTOTALEL [&Type "Integer"] 202
   &EEXCHANGE [&Type "Double"]      -2.3180468355796469e+02
   &ECORR [&Type "Double"]      -7.2946748739886944e+00
   &ECNL [&Type "Double"]       0.0000000000000000e+00
   &EXC [&Type "Double"]      -2.3909935843195339e+02
   &EEMBED [&Type "Double"]       0.0000000000000000e+00
   &FINALEN [&Type "Double"]      -2.9296387580792120e+03  "No Van der Waals correction"
$End
$Mulliken_Population_Analysis
   &GeometryIndex 1
   &ListStatus       OUT
   &NATOMS [&Type "Integer"] 41
   &ATNO [&Type "ArrayOfIntegers", &Dim (41,1)] 
                                                         0

0                                                        6
1                                                        6
2                                                        8
3                                                       15
4                                                       16
5                                                        8
6                                                        6
7                                                        6
8                                                       16
9                                                        6
10                                                      16
11                                                      15
12                                                      16
13                                                       8
14                                                       6
15                                                       6
16                                                       8
17                                                       6
18                                                       6
19                                                       1
20                                                       1
21                                                       1
22                                                       1
23                                                       1
24                                                       1
25                                                       1
26                                                       1
27                                                       1
28                                                       1
29                                                       1
30                                                       1
31                                                       1
32                                                       1
33                                                       1
34                                                       1
35                                                       1
36                                                       1
37                                                       1
38                                                       1
39                                                       1
40                                                       1
   &ATOMICCHARGES [&Type "ArrayOfDoubles", &Dim (41,1)] 
                                                         0

0                                     -3.3780844139524291e-01
1                                     -6.5009359327223848e-03
2                                     -3.7955656583613973e-01
3                                      5.9418858460328750e-01
4                                     -2.9810935586142051e-01
5                                     -3.6312522812305836e-01
6                                     -1.4275567362898478e-02
7                                     -2.9120194327021132e-01
8                                     -7.6245357275272596e-02
9                                     -3.4809810954879428e-01
10                                    -9.0646098155445998e-02
11                                     6.0548423471531443e-01
12                                    -3.2141272758853745e-01
13                                    -3.5999553139782492e-01
14                                    -3.2350774535001570e-02
15                                    -2.9025194536903953e-01
16                                    -3.7098949407980086e-01
17                                    -1.3053106438432494e-02
18                                    -2.9807564316433677e-01
19                                     1.5794987970552388e-01
20                                     1.1515187406118144e-01
21                                     1.1907840203538422e-01
22                                     1.0852847510758790e-01
23                                     1.0724464972890702e-01
24                                     1.0868002741378724e-01
25                                     1.0526780456804252e-01
26                                     1.2437509867122354e-01
27                                     1.2073561998709526e-01
28                                     1.1132005845315107e-01
29                                     1.8264305609902798e-01
30                                     1.9450551221742907e-01
31                                     1.2448893017279550e-01
32                                     1.0293167335583409e-01
33                                     1.1255571717625912e-01
34                                     1.1857221992770728e-01
35                                     1.1524614237039876e-01
36                                     1.0458928249513311e-01
37                                     1.0594615223833359e-01
38                                     1.0627156238965685e-01
39                                     1.1685549421176944e-01
40                                     1.2908637362932096e-01
$End
$Loewdin_Population_Analysis
   &GeometryIndex 1
   &ListStatus       OUT
   &NATOMS [&Type "Integer"] 41
   &ATNO [&Type "ArrayOfIntegers", &Dim (41,1)] 
                                                         0

0                                                        6
1                                                        6
2                                                        8
3                                                       15
4                                                       16
5                                                        8
6                                                        6
7                                                        6
8                                                       16
9                                                        6
10                                                      16
11                                                      15
12                                                      16
13                                                       8
14                                                       6
15                                                       6
16                                                       8
17                                                       6
18                                                       6
19                                                       1
20                                                       1
21                                                       1
22                                                       1
23                                                       1
24                                                       1
25                                                       1
26                                                       1
27                                                       1
28                                                       1
29                                                       1
30                                                       1
31                                                       1
32                                                       1
33                                                       1
34                                                       1
35                                                       1
36                                                       1
37                                                       1
38                                                       1
39                                                       1
40                                                       1
   &ATOMICCHARGES [&Type "ArrayOfDoubles", &Dim (41,1)] 
                                                         0

0                                      1.6462638226320857e-03
1                                      9.8232117188451887e-02
2                                      5.4669788916906314e-01
3                                      5.2006427110506070e-02
4                                      1.5037887615475899e-04
5                                      2.7354910268719690e-01
6                                      2.3596961092901700e-02
7                                      4.0073125630539708e-04
8                                      3.5526124442400399e-04
9                                      2.4800337061661092e-04
10                                     1.4103650102613618e-05
11                                     2.0218152930432263e-05
12                                     3.3160590319068505e-06
13                                     1.3611513153543098e-03
14                                     3.7201506499185430e-04
15                                     1.4397357188669897e-05
16                                     3.1966058975556926e-05
17                                     5.4909544867069734e-06
18                                     4.1289025262688279e-07
19                                     3.4007168783285488e-06
20                                     1.1439224040799551e-04
21                                     3.6212148967439812e-06
22                                     2.1576635056480306e-04
23                                     6.5008900456861444e-04
24                                     1.3978778892313908e-04
25                                     4.7318434174443316e-05
26                                     5.2841138009679308e-06
27                                     9.7937312555211772e-06
28                                     5.2687052431040072e-05
29                                     6.3630507349194197e-08
30                                     5.5602795483382616e-06
31                                     4.0786168948393468e-05
32                                     3.7018021143621105e-06
33                                     2.7747165985811446e-07
34                                     6.2020674080414354e-07
35                                     4.1549817053551616e-07
36                                     1.4692774945173008e-07
37                                     7.4433206948821017e-09
38                                     1.7251130747036312e-08
39                                     8.2646325353472294e-09
40                                     4.7086010568048781e-08
$End
$Mayer_Population_Analysis
   &GeometryIndex 1
   &ListStatus       OUT
   &NATOMS [&Type "Integer"] 41 "Total number of atoms"
   &BONDTHRESH [&Type "Double"]       1.0000000000000001e-01  "The threshold for printing"
   &NBONDORDERSPRINT [&Type "Integer"] 42 "The number of bond orders larger than threshold"
   &BONDORDERS [&Type "ArrayOfDoubles", &Dim (42,1)] "The bond orders"
                                                         0

0                                      1.1646756820590418e+00
1                                      9.2728912817240583e-01
2                                      9.3864592238761013e-01
3                                      9.4538533437698880e-01
4                                      9.0557677716134977e-01
5                                      9.0894724294228679e-01
6                                      9.3287603064207358e-01
7                                      1.0799644402041448e+00
8                                      1.6535106442927605e+00
9                                      1.1205725013830081e+00
10                                     9.5404467599775200e-01
11                                     1.1080397084778937e-01
12                                     8.9038336277442520e-01
13                                     1.1686911359052965e+00
14                                     9.3537610456851850e-01
15                                     9.0845989119171133e-01
16                                     9.4138780631183228e-01
17                                     9.4706974816614686e-01
18                                     9.3927117013938022e-01
19                                     9.9294653314757664e-01
20                                     1.0069527582880158e+00
21                                     8.9568069765361968e-01
22                                     8.8186348657091751e-01
23                                     9.4440094878504499e-01
24                                     1.1116077905750781e-01
25                                     1.6213430382908869e+00
26                                     1.1502708977153147e+00
27                                     1.0950782920347895e+00
28                                     8.8532984810312954e-01
29                                     1.1767065062127919e+00
30                                     8.9199055214954337e-01
31                                     9.3260253911370650e-01
32                                     9.3562373415892564e-01
33                                     9.4362499813467848e-01
34                                     9.4093595375556549e-01
35                                     9.1154466133778078e-01
36                                     1.1667565420858117e+00
37                                     9.1709452275135539e-01
38                                     9.3506860228635968e-01
39                                     9.3789750652624171e-01
40                                     9.4722654875365786e-01
41                                     9.2983689280889670e-01
   &COMPONENTS [&Type "ArrayOfIntegers", &Dim (42,4)] "The indices and atomic numbers of the bonding atoms"
                                                         0                           1                           2                           3

0                                                        0                           6                           1                           6
1                                                        0                           6                          19                           1
2                                                        0                           6                          20                           1
3                                                        0                           6                          21                           1
4                                                        1                           6                           2                           8
5                                                        1                           6                          22                           1
6                                                        1                           6                          23                           1
7                                                        2                           8                           3                          15
8                                                        3                          15                           4                          16
9                                                        3                          15                           5                           8
10                                                       3                          15                           8                          16
11                                                       4                          16                           8                          16
12                                                       5                           8                           6                           6
13                                                       6                           6                           7                           6
14                                                       6                           6                          24                           1
15                                                       6                           6                          25                           1
16                                                       7                           6                          26                           1
17                                                       7                           6                          27                           1
18                                                       7                           6                          28                           1
19                                                       8                          16                           9                           6
20                                                       9                           6                          10                          16
21                                                       9                           6                          29                           1
22                                                       9                           6                          30                           1
23                                                      10                          16                          11                          15
24                                                      10                          16                          12                          16
25                                                      11                          15                          12                          16
26                                                      11                          15                          13                           8
27                                                      11                          15                          16                           8
28                                                      13                           8                          14                           6
29                                                      14                           6                          15                           6
30                                                      14                           6                          31                           1
31                                                      14                           6                          32                           1
32                                                      15                           6                          33                           1
33                                                      15                           6                          34                           1
34                                                      15                           6                          35                           1
35                                                      16                           8                          17                           6
36                                                      17                           6                          18                           6
37                                                      17                           6                          36                           1
38                                                      17                           6                          37                           1
39                                                      18                           6                          38                           1
40                                                      18                           6                          39                           1
41                                                      18                           6                          40                           1
   &ATNO [&Type "ArrayOfIntegers", &Dim (41,1)] "Atomic number of the elements"
                                                         0

0                                                        6
1                                                        6
2                                                        8
3                                                       15
4                                                       16
5                                                        8
6                                                        6
7                                                        6
8                                                       16
9                                                        6
10                                                      16
11                                                      15
12                                                      16
13                                                       8
14                                                       6
15                                                       6
16                                                       8
17                                                       6
18                                                       6
19                                                       1
20                                                       1
21                                                       1
22                                                       1
23                                                       1
24                                                       1
25                                                       1
26                                                       1
27                                                       1
28                                                       1
29                                                       1
30                                                       1
31                                                       1
32                                                       1
33                                                       1
34                                                       1
35                                                       1
36                                                       1
37                                                       1
38                                                       1
39                                                       1
40                                                       1
   &NA [&Type "ArrayOfDoubles", &Dim (41,1)] "Mulliken gross atomic population"
                                                         0

0                                      6.3378084413952278e+00
1                                      6.0065009359327313e+00
2                                      8.3795565658361326e+00
3                                      1.4405811415396668e+01
4                                      1.6298109355861428e+01
5                                      8.3631252281230868e+00
6                                      6.0142755673629109e+00
7                                      6.2912019432702140e+00
8                                      1.6076245357275287e+01
9                                      6.3480981095488014e+00
10                                     1.6090646098155474e+01
11                                     1.4394515765284668e+01
12                                     1.6321412727588545e+01
13                                     8.3599955313978072e+00
14                                     6.0323507745350060e+00
15                                     6.2902519453690271e+00
16                                     8.3709894940797813e+00
17                                     6.0130531064384343e+00
18                                     6.2980756431643510e+00
19                                     8.4205012029447690e-01
20                                     8.8484812593881923e-01
21                                     8.8092159796461622e-01
22                                     8.9147152489241277e-01
23                                     8.9275535027109232e-01
24                                     8.9131997258621221e-01
25                                     8.9473219543195770e-01
26                                     8.7562490132877657e-01
27                                     8.7926438001290430e-01
28                                     8.8867994154684926e-01
29                                     8.1735694390097113e-01
30                                     8.0549448778257204e-01
31                                     8.7551106982720517e-01
32                                     8.9706832664416558e-01
33                                     8.8744428282374099e-01
34                                     8.8142778007229228e-01
35                                     8.8475385762960101e-01
36                                     8.9541071750486745e-01
37                                     8.9405384776166663e-01
38                                     8.9372843761034271e-01
39                                     8.8314450578822956e-01
40                                     8.7091362637068015e-01
   &ZA [&Type "ArrayOfDoubles", &Dim (41,1)] "Total nuclear charge"
                                                         0

0                                      6.0000000000000000e+00
1                                      6.0000000000000000e+00
2                                      8.0000000000000000e+00
3                                      1.5000000000000000e+01
4                                      1.6000000000000000e+01
5                                      8.0000000000000000e+00
6                                      6.0000000000000000e+00
7                                      6.0000000000000000e+00
8                                      1.6000000000000000e+01
9                                      6.0000000000000000e+00
10                                     1.6000000000000000e+01
11                                     1.5000000000000000e+01
12                                     1.6000000000000000e+01
13                                     8.0000000000000000e+00
14                                     6.0000000000000000e+00
15                                     6.0000000000000000e+00
16                                     8.0000000000000000e+00
17                                     6.0000000000000000e+00
18                                     6.0000000000000000e+00
19                                     1.0000000000000000e+00
20                                     1.0000000000000000e+00
21                                     1.0000000000000000e+00
22                                     1.0000000000000000e+00
23                                     1.0000000000000000e+00
24                                     1.0000000000000000e+00
25                                     1.0000000000000000e+00
26                                     1.0000000000000000e+00
27                                     1.0000000000000000e+00
28                                     1.0000000000000000e+00
29                                     1.0000000000000000e+00
30                                     1.0000000000000000e+00
31                                     1.0000000000000000e+00
32                                     1.0000000000000000e+00
33                                     1.0000000000000000e+00
34                                     1.0000000000000000e+00
35                                     1.0000000000000000e+00
36                                     1.0000000000000000e+00
37                                     1.0000000000000000e+00
38                                     1.0000000000000000e+00
39                                     1.0000000000000000e+00
40                                     1.0000000000000000e+00
   &QA [&Type "ArrayOfDoubles", &Dim (41,1)] "Mulliken gross atomic charge"
                                                         0

0                                     -3.3780844139522781e-01
1                                     -6.5009359327312666e-03
2                                     -3.7955656583613262e-01
3                                      5.9418858460333190e-01
4                                     -2.9810935586142762e-01
5                                     -3.6312522812308679e-01
6                                     -1.4275567362910913e-02
7                                     -2.9120194327021398e-01
8                                     -7.6245357275286807e-02
9                                     -3.4809810954880138e-01
10                                    -9.0646098155474419e-02
11                                     6.0548423471533219e-01
12                                    -3.2141272758854456e-01
13                                    -3.5999553139780716e-01
14                                    -3.2350774535006011e-02
15                                    -2.9025194536902710e-01
16                                    -3.7098949407978132e-01
17                                    -1.3053106438434270e-02
18                                    -2.9807564316435098e-01
19                                     1.5794987970552310e-01
20                                     1.1515187406118077e-01
21                                     1.1907840203538378e-01
22                                     1.0852847510758723e-01
23                                     1.0724464972890768e-01
24                                     1.0868002741378779e-01
25                                     1.0526780456804230e-01
26                                     1.2437509867122343e-01
27                                     1.2073561998709570e-01
28                                     1.1132005845315074e-01
29                                     1.8264305609902887e-01
30                                     1.9450551221742796e-01
31                                     1.2448893017279483e-01
32                                     1.0293167335583442e-01
33                                     1.1255571717625901e-01
34                                     1.1857221992770772e-01
35                                     1.1524614237039899e-01
36                                     1.0458928249513255e-01
37                                     1.0594615223833337e-01
38                                     1.0627156238965729e-01
39                                     1.1685549421177044e-01
40                                     1.2908637362931985e-01
   &VA [&Type "ArrayOfDoubles", &Dim (41,1)] "Mayer's total valence"
                                                         0

0                                      3.9897301751392074e+00
1                                      3.9880640068013897e+00
2                                      2.1728139396043229e+00
3                                      4.9728109594896539e+00
4                                      2.0698339091519053e+00
5                                      2.1612071723440742e+00
6                                      3.9949544976359412e+00
7                                      3.9950153884650641e+00
8                                      2.3164084348432152e+00
9                                      3.8399305238053523e+00
10                                     2.3048374748924898e+00
11                                     4.9593048079792696e+00
12                                     2.0340776399910636e+00
13                                     2.1826169992664068e+00
14                                     3.9800151509292614e+00
15                                     4.0182356373759793e+00
16                                     2.1806696706265747e+00
17                                     4.0087861550046124e+00
18                                     3.9797050806735408e+00
19                                     9.6668408665046512e-01
20                                     9.5539387026417955e-01
21                                     9.5799647278584232e-01
22                                     9.9481641363476170e-01
23                                     9.4681092187784843e-01
24                                     9.4672998644846107e-01
25                                     9.8373939244236586e-01
26                                     9.8083896477215093e-01
27                                     9.5795131770507913e-01
28                                     9.5439793992924304e-01
29                                     9.5097578691774898e-01
30                                     9.6798243720390464e-01
31                                     1.0076077834087112e+00
32                                     9.4664610797947024e-01
33                                     9.5391669531103707e-01
34                                     9.6244761708891891e-01
35                                     9.6911344419633250e-01
36                                     9.7458617222856148e-01
37                                     9.4678937150261366e-01
38                                     9.5419801532147797e-01
39                                     9.6047278210236242e-01
40                                     9.9767926995343537e-01
   &BVA [&Type "ArrayOfDoubles", &Dim (41,1)] "Mayer's bonded valence"
                                                         0

0                                      3.9897301751392438e+00
1                                      3.9880640068013791e+00
2                                      2.1728139396043735e+00
3                                      4.9728109594897747e+00
4                                      2.0698339091519435e+00
5                                      2.1612071723440174e+00
6                                      3.9949544976359261e+00
7                                      3.9950153884650677e+00
8                                      2.3164084348432432e+00
9                                      3.8399305238052976e+00
10                                     2.3048374748924232e+00
11                                     4.9593048079792537e+00
12                                     2.0340776399910263e+00
13                                     2.1826169992664388e+00
14                                     3.9800151509292667e+00
15                                     4.0182356373760255e+00
16                                     2.1806696706266013e+00
17                                     4.0087861550046116e+00
18                                     3.9797050806734924e+00
19                                     9.6668408665045336e-01
20                                     9.5539387026417644e-01
21                                     9.5799647278584155e-01
22                                     9.9481641363475082e-01
23                                     9.4681092187785365e-01
24                                     9.4672998644845541e-01
25                                     9.8373939244235797e-01
26                                     9.8083896477214971e-01
27                                     9.5795131770507624e-01
28                                     9.5439793992923838e-01
29                                     9.5097578691774454e-01
30                                     9.6798243720390187e-01
31                                     1.0076077834087058e+00
32                                     9.4664610797947546e-01
33                                     9.5391669531103607e-01
34                                     9.6244761708892024e-01
35                                     9.6911344419634182e-01
36                                     9.7458617222856203e-01
37                                     9.4678937150261389e-01
38                                     9.5419801532147241e-01
39                                     9.6047278210235509e-01
40                                     9.9767926995342715e-01
   &FA [&Type "ArrayOfDoubles", &Dim (41,1)] "Mayer's free valence"
                                                         0

0                                      0.0000000000000000e+00
1                                      0.0000000000000000e+00
2                                      0.0000000000000000e+00
3                                      0.0000000000000000e+00
4                                      0.0000000000000000e+00
5                                      0.0000000000000000e+00
6                                      0.0000000000000000e+00
7                                      0.0000000000000000e+00
8                                      0.0000000000000000e+00
9                                      0.0000000000000000e+00
10                                     0.0000000000000000e+00
11                                     0.0000000000000000e+00
12                                     0.0000000000000000e+00
13                                     0.0000000000000000e+00
14                                     0.0000000000000000e+00
15                                     0.0000000000000000e+00
16                                     0.0000000000000000e+00
17                                     0.0000000000000000e+00
18                                     0.0000000000000000e+00
19                                     0.0000000000000000e+00
20                                     0.0000000000000000e+00
21                                     0.0000000000000000e+00
22                                     0.0000000000000000e+00
23                                     0.0000000000000000e+00
24                                     0.0000000000000000e+00
25                                     0.0000000000000000e+00
26                                     0.0000000000000000e+00
27                                     0.0000000000000000e+00
28                                     0.0000000000000000e+00
29                                     0.0000000000000000e+00
30                                     0.0000000000000000e+00
31                                     0.0000000000000000e+00
32                                     0.0000000000000000e+00
33                                     0.0000000000000000e+00
34                                     0.0000000000000000e+00
35                                     0.0000000000000000e+00
36                                     0.0000000000000000e+00
37                                     0.0000000000000000e+00
38                                     0.0000000000000000e+00
39                                     0.0000000000000000e+00
40                                     0.0000000000000000e+00
$End
$VdW_Correction
   &GeometryIndex 1
   &ListStatus       OUT
   &VDW [&Type "Double"]      -6.5894605166251466e-02
$End
$Calculation_Info
   &GeometryIndex 1
   &ListStatus       OUT
   &MULT [&Type "Integer"] 1
   &CHARGE [&Type "Integer"] 0
   &NUMOFATOMS [&Type "Integer"] 41
   &NUMOFELECTRONS [&Type "Integer"] 202
   &NUMOFFCELECTRONS [&Type "Integer"] 1
   &NUMOFCORRELECTRONS [&Type "Integer"] 0
   &NUMOFBASISFUNCTS [&Type "Integer"] 334
   &NUMOFAUXCBASISFUNCTS [&Type "Integer"] 0
   &NUMOFAUXJBASISFUNCTS [&Type "Integer"] 1185
   &NUMOFAUXJKBASISFUNCTS [&Type "Integer"] 0
   &NUMOFCABSBASISFUNCTS [&Type "Integer"] 0
   &TOTALENERGY [&Type "Double"]      -2.9295195697331783e+03  "Hartrees"
$End
$SCF_Dipole_Moment
   &GeometryIndex 1
   &ListStatus       OUT
   &METHOD [&Type "String"] "SCF"
   &LEVEL [&Type "String"] "Relaxed density"
   &MULT [&Type "Integer"] 1
   &STATE [&Type "Integer"] -1
   &IRREP [&Type "Integer"] 0
   &NATOMS [&Type "Integer"] 41
   &DODIPOLEATOM [&Type "Boolean"] false
   &DIPOLEELECCONTRIB [&Type "ArrayOfDoubles", &Dim (3,1)] "Electronic contribution"
                                                         0

0                                     -2.1544280595009617e+00
1                                     -4.7283155467582541e+00
2                                      2.8767327456793828e+00
   &DIPOLENUCCONTRIB [&Type "ArrayOfDoubles", &Dim (3,1)] "Nuclear contribution"
                                                         0

0                                      2.7493517948987343e+00
1                                      4.8103135673572339e+00
2                                     -2.6433485511972541e+00
   &DIPOLETOTAL [&Type "ArrayOfDoubles", &Dim (3,1)] "Total"
                                                         0

0                                      5.9492373539777255e-01
1                                      8.1998020598979870e-02
2                                      2.3338419448212866e-01
   &DIPOLEMAGNITUDE [&Type "Double", &Units "a.u."]       6.4430280812352636e-01
$End
