*************************************************
******************* ORCA 6.0.0 ******************
*************************************************
$Calculation_Status
   &GeometryIndex 1
   &ListStatus       OUT
   &VERSION [&Type "String"] "6.0.0"
   &PROGNAME [&Type "String"] "LeanSCF"
   &STATUS [&Type "String"] "NORMAL TERMINATION"
$End
$Geometry
   &GeometryIndex 1
   &ListStatus       OUT
   &NATOMS [&Type "Integer"] 33
   &NCORELESSECP [&Type "Integer"] 0
   &NGHOSTATOMS [&Type "Integer"] 0
   &CartesianCoordinates [&Type "Coordinates", &Dim(33,4), &Units "Bohr"] 
              C      8.238859740022   -3.183351807066    1.475010360910
              C      7.791269817053   -0.434857202069    2.215283375046
              C      6.509329461799    1.110393271826    0.136242614325
              C      3.778269249394    0.319698830083   -0.363926525707
              C      2.525703064941    2.032308279971   -2.321830476500
              C     -0.138499319038    1.187468444491   -3.057024263379
              C     -2.065947576828    1.495540905744   -0.929389275060
              C     -4.732610182032    0.828065438623   -1.814000694935
              C     -6.749388999526    1.234026976328    0.220048408120
              C     -6.673828252629   -0.698484786575    2.372110628560
              O     -7.583790580839   -3.108713933438    1.667491257106
              H      6.460757956268   -4.170921553274    1.193150617972
              H      9.283831039289   -4.157175689723    2.952397936070
              H      9.326992996459   -3.288259649523   -0.265826005530
              H      6.637225308481   -0.364119860942    3.925423741459
              H      9.609799317013    0.438456913602    2.654578261813
              H      6.528036922258    3.101082235896    0.686468489010
              H      7.601348063954    0.937656341614   -1.607639438087
              H      2.728144310368    0.396332156621    1.409678298497
              H      3.730588594021   -1.624386311651   -1.050141483011
              H      2.451221912537    3.963199664319   -1.594536657976
              H      3.700236769060    2.053967831101   -4.020388339919
              H     -0.083984863677   -0.788420777872   -3.653704718711
              H     -0.760017056842    2.308334765067   -4.676377662692
              H     -2.042380433526    3.451849695621   -0.270676737118
              H     -1.534861211633    0.292589364341    0.656557265412
              H     -4.767769369367   -1.130332581068   -2.465404777525
              H     -5.203742075828    2.013994947787   -3.436619337296
              H     -6.521336940769    3.113886944401    1.034635717889
              H     -8.620456108937    1.135282440886   -0.644965572868
              H     -7.925752512233   -0.085240931190    3.895535314384
              H     -4.754566806803   -0.861109010843    3.140048440367
              H     -6.550826225182   -3.755162225871    0.305871732496
$End
$SCF_Energy
   &GeometryIndex 1
   &ListStatus       OUT
   &SCF_ENERGY [&Type "Double"]      -4.6848502098209315e+02
$End
$DFT_Energy
   &GeometryIndex 1
   &ListStatus       OUT
   &NALPHAEL [&Type "Integer"] 45
   &NBETAEL [&Type "Integer"] 45
   &NTOTALEL [&Type "Integer"] 90
   &EEXCHANGE [&Type "Double"]      -6.7505454093345421e+01
   &ECORR [&Type "Double"]      -2.9596017548770899e+00
   &ECNL [&Type "Double"]       0.0000000000000000e+00
   &EXC [&Type "Double"]      -7.0465055848222505e+01
   &EEMBED [&Type "Double"]       0.0000000000000000e+00
   &FINALEN [&Type "Double"]      -4.6848502098209315e+02  "No Van der Waals correction"
$End
$Mulliken_Population_Analysis
   &GeometryIndex 1
   &ListStatus       OUT
   &NATOMS [&Type "Integer"] 33
   &ATNO [&Type "ArrayOfIntegers", &Dim (33,1)] 
                                                         0

0                                                        6
1                                                        6
2                                                        6
3                                                        6
4                                                        6
5                                                        6
6                                                        6
7                                                        6
8                                                        6
9                                                        6
10                                                       8
11                                                       1
12                                                       1
13                                                       1
14                                                       1
15                                                       1
16                                                       1
17                                                       1
18                                                       1
19                                                       1
20                                                       1
21                                                       1
22                                                       1
23                                                       1
24                                                       1
25                                                       1
26                                                       1
27                                                       1
28                                                       1
29                                                       1
30                                                       1
31                                                       1
32                                                       1
   &ATOMICCHARGES [&Type "ArrayOfDoubles", &Dim (33,1)] 
                                                         0

0                                     -2.9423708825011374e-01
1                                     -1.5228614411947383e-01
2                                     -1.4935574539762264e-01
3                                     -2.2841952401644150e-01
4                                     -1.2170073645099322e-01
5                                     -1.2112732401724635e-01
6                                     -2.3130370957313851e-01
7                                     -1.6629384793063728e-01
8                                     -1.5135798555050339e-01
9                                      4.3751074746545271e-03
10                                    -4.4249428510073585e-01
11                                     1.0775488114488274e-01
12                                     1.0287266775273718e-01
13                                     9.6784934740400619e-02
14                                     8.0795965072139042e-02
15                                     8.2728992646097455e-02
16                                     7.7875908178107078e-02
17                                     7.6781149238318469e-02
18                                     9.0683121917029874e-02
19                                     8.4143039921123708e-02
20                                     7.4619655476134694e-02
21                                     7.6718289999215705e-02
22                                     7.2878249893964853e-02
23                                     7.7008285143325139e-02
24                                     7.8430607123133100e-02
25                                     1.0196786322690043e-01
26                                     6.0944508917285312e-02
27                                     8.6349274954189648e-02
28                                     7.6174589520451974e-02
29                                     8.9474345972856195e-02
30                                     8.7221019984079051e-02
31                                     7.8496662611260981e-02
32                                     2.9349726949864485e-01
$End
$Loewdin_Population_Analysis
   &GeometryIndex 1
   &ListStatus       OUT
   &NATOMS [&Type "Integer"] 33
   &ATNO [&Type "ArrayOfIntegers", &Dim (33,1)] 
                                                         0

0                                                        6
1                                                        6
2                                                        6
3                                                        6
4                                                        6
5                                                        6
6                                                        6
7                                                        6
8                                                        6
9                                                        6
10                                                       8
11                                                       1
12                                                       1
13                                                       1
14                                                       1
15                                                       1
16                                                       1
17                                                       1
18                                                       1
19                                                       1
20                                                       1
21                                                       1
22                                                       1
23                                                       1
24                                                       1
25                                                       1
26                                                       1
27                                                       1
28                                                       1
29                                                       1
30                                                       1
31                                                       1
32                                                       1
   &ATOMICCHARGES [&Type "ArrayOfDoubles", &Dim (33,1)] 
                                                         0

0                                      3.6457469043465523e-08
1                                      2.9152024396205514e-07
2                                      6.7377246351362793e-07
3                                      1.4216870374513286e-06
4                                      5.4124593770682969e-06
5                                      4.5414354029283499e-05
6                                      1.5719954066928152e-04
7                                      6.2096233406043716e-04
8                                      3.7514444333425975e-03
9                                      1.7463007854649371e-01
10                                     8.1021715512237003e-01
11                                     2.3242864147857159e-08
12                                     3.0382295217589649e-09
13                                     4.7045693110213601e-09
14                                     5.5490677258383999e-09
15                                     1.4636405122002648e-08
16                                     6.7630170983685579e-09
17                                     1.7940378664914437e-08
18                                     1.5844325301398915e-07
19                                     3.3038314812868792e-07
20                                     3.4886722080241729e-07
21                                     9.5855684565042547e-09
22                                     3.5559033214945755e-06
23                                     6.3380758309401812e-08
24                                     2.4011656068801039e-05
25                                     1.4042622870286030e-06
26                                     1.1658525303620233e-04
27                                     5.0459578215741914e-05
28                                     1.0128848596671481e-04
29                                     3.2234514882541777e-05
30                                     8.7651923755102147e-04
31                                     4.4527206076393211e-04
32                                     8.9175922858691879e-03
$End
$Mayer_Population_Analysis
   &GeometryIndex 1
   &ListStatus       OUT
   &NATOMS [&Type "Integer"] 33 "Total number of atoms"
   &BONDTHRESH [&Type "Double"]       1.0000000000000001e-01  "The threshold for printing"
   &NBONDORDERSPRINT [&Type "Integer"] 32 "The number of bond orders larger than threshold"
   &BONDORDERS [&Type "ArrayOfDoubles", &Dim (32,1)] "The bond orders"
                                                         0

0                                      1.1519622849508950e+00
1                                      9.5152779344972460e-01
2                                      9.5190285234767802e-01
3                                      9.5513249301512704e-01
4                                      1.1234135476575089e+00
5                                      9.2421581872047931e-01
6                                      9.2656541671076564e-01
7                                      1.1335658691175432e+00
8                                      9.1910336744154764e-01
9                                      9.1992087780806064e-01
10                                     1.1372495582290654e+00
11                                     9.1377041805953074e-01
12                                     9.1623147020248674e-01
13                                     1.1241570102170424e+00
14                                     9.1519031614643254e-01
15                                     9.1693480910951708e-01
16                                     1.1352393802354395e+00
17                                     9.1417443434994350e-01
18                                     9.1773417265175861e-01
19                                     1.1318282359379006e+00
20                                     9.1859839903568175e-01
21                                     9.0856150211650799e-01
22                                     1.1105320936310177e+00
23                                     9.1307026145454084e-01
24                                     9.1788947988773117e-01
25                                     1.0994000301799212e+00
26                                     9.0573820762256541e-01
27                                     9.1401004977216749e-01
28                                     1.0623388036251860e+00
29                                     9.2819795124253324e-01
30                                     9.2042900021961582e-01
31                                     8.5198363545251299e-01
   &COMPONENTS [&Type "ArrayOfIntegers", &Dim (32,4)] "The indices and atomic numbers of the bonding atoms"
                                                         0                           1                           2                           3

0                                                        0                           6                           1                           6
1                                                        0                           6                          11                           1
2                                                        0                           6                          12                           1
3                                                        0                           6                          13                           1
4                                                        1                           6                           2                           6
5                                                        1                           6                          14                           1
6                                                        1                           6                          15                           1
7                                                        2                           6                           3                           6
8                                                        2                           6                          16                           1
9                                                        2                           6                          17                           1
10                                                       3                           6                           4                           6
11                                                       3                           6                          18                           1
12                                                       3                           6                          19                           1
13                                                       4                           6                           5                           6
14                                                       4                           6                          20                           1
15                                                       4                           6                          21                           1
16                                                       5                           6                           6                           6
17                                                       5                           6                          22                           1
18                                                       5                           6                          23                           1
19                                                       6                           6                           7                           6
20                                                       6                           6                          24                           1
21                                                       6                           6                          25                           1
22                                                       7                           6                           8                           6
23                                                       7                           6                          26                           1
24                                                       7                           6                          27                           1
25                                                       8                           6                           9                           6
26                                                       8                           6                          28                           1
27                                                       8                           6                          29                           1
28                                                       9                           6                          10                           8
29                                                       9                           6                          30                           1
30                                                       9                           6                          31                           1
31                                                      10                           8                          32                           1
   &ATNO [&Type "ArrayOfIntegers", &Dim (33,1)] "Atomic number of the elements"
                                                         0

0                                                        6
1                                                        6
2                                                        6
3                                                        6
4                                                        6
5                                                        6
6                                                        6
7                                                        6
8                                                        6
9                                                        6
10                                                       8
11                                                       1
12                                                       1
13                                                       1
14                                                       1
15                                                       1
16                                                       1
17                                                       1
18                                                       1
19                                                       1
20                                                       1
21                                                       1
22                                                       1
23                                                       1
24                                                       1
25                                                       1
26                                                       1
27                                                       1
28                                                       1
29                                                       1
30                                                       1
31                                                       1
32                                                       1
   &NA [&Type "ArrayOfDoubles", &Dim (33,1)] "Mulliken gross atomic population"
                                                         0

0                                      6.2942370882501031e+00
1                                      6.1522861441194561e+00
2                                      6.1493557453976146e+00
3                                      6.2284195240164300e+00
4                                      6.1217007364510048e+00
5                                      6.1211273240172419e+00
6                                      6.2313037095731305e+00
7                                      6.1662938479306408e+00
8                                      6.1513579855504821e+00
9                                      5.9956248925253490e+00
10                                     8.4424942851007252e+00
11                                     8.9224511885511681e-01
12                                     8.9712733224726326e-01
13                                     9.0321506525959938e-01
14                                     9.1920403492786129e-01
15                                     9.1727100735390288e-01
16                                     9.2212409182189292e-01
17                                     9.2321885076168131e-01
18                                     9.0931687808296913e-01
19                                     9.1585696007887596e-01
20                                     9.2538034452386542e-01
21                                     9.2328171000078363e-01
22                                     9.2712175010603626e-01
23                                     9.2299171485667464e-01
24                                     9.2156939287686657e-01
25                                     8.9803213677309990e-01
26                                     9.3905549108271458e-01
27                                     9.1365072504581002e-01
28                                     9.2382541047954791e-01
29                                     9.1052565402714403e-01
30                                     9.1277898001592128e-01
31                                     9.2150333738873924e-01
32                                     7.0650273050135559e-01
   &ZA [&Type "ArrayOfDoubles", &Dim (33,1)] "Total nuclear charge"
                                                         0

0                                      6.0000000000000000e+00
1                                      6.0000000000000000e+00
2                                      6.0000000000000000e+00
3                                      6.0000000000000000e+00
4                                      6.0000000000000000e+00
5                                      6.0000000000000000e+00
6                                      6.0000000000000000e+00
7                                      6.0000000000000000e+00
8                                      6.0000000000000000e+00
9                                      6.0000000000000000e+00
10                                     8.0000000000000000e+00
11                                     1.0000000000000000e+00
12                                     1.0000000000000000e+00
13                                     1.0000000000000000e+00
14                                     1.0000000000000000e+00
15                                     1.0000000000000000e+00
16                                     1.0000000000000000e+00
17                                     1.0000000000000000e+00
18                                     1.0000000000000000e+00
19                                     1.0000000000000000e+00
20                                     1.0000000000000000e+00
21                                     1.0000000000000000e+00
22                                     1.0000000000000000e+00
23                                     1.0000000000000000e+00
24                                     1.0000000000000000e+00
25                                     1.0000000000000000e+00
26                                     1.0000000000000000e+00
27                                     1.0000000000000000e+00
28                                     1.0000000000000000e+00
29                                     1.0000000000000000e+00
30                                     1.0000000000000000e+00
31                                     1.0000000000000000e+00
32                                     1.0000000000000000e+00
   &QA [&Type "ArrayOfDoubles", &Dim (33,1)] "Mulliken gross atomic charge"
                                                         0

0                                     -2.9423708825010308e-01
1                                     -1.5228614411945607e-01
2                                     -1.4935574539761465e-01
3                                     -2.2841952401642995e-01
4                                     -1.2170073645100477e-01
5                                     -1.2112732401724191e-01
6                                     -2.3130370957313051e-01
7                                     -1.6629384793064084e-01
8                                     -1.5135798555048208e-01
9                                      4.3751074746509744e-03
10                                    -4.4249428510072519e-01
11                                     1.0775488114488319e-01
12                                     1.0287266775273674e-01
13                                     9.6784934740400619e-02
14                                     8.0795965072138709e-02
15                                     8.2728992646097121e-02
16                                     7.7875908178107078e-02
17                                     7.6781149238318691e-02
18                                     9.0683121917030873e-02
19                                     8.4143039921124041e-02
20                                     7.4619655476134583e-02
21                                     7.6718289999216371e-02
22                                     7.2878249893963742e-02
23                                     7.7008285143325361e-02
24                                     7.8430607123133433e-02
25                                     1.0196786322690010e-01
26                                     6.0944508917285423e-02
27                                     8.6349274954189981e-02
28                                     7.6174589520452085e-02
29                                     8.9474345972855973e-02
30                                     8.7221019984078718e-02
31                                     7.8496662611260759e-02
32                                     2.9349726949864441e-01
   &VA [&Type "ArrayOfDoubles", &Dim (33,1)] "Mayer's total valence"
                                                         0

0                                      4.0218318310363044e+00
1                                      4.1386705864341495e+00
2                                      4.1050582537868019e+00
3                                      4.1285998594053952e+00
4                                      4.1029707125715680e+00
5                                      4.1006627494759664e+00
6                                      4.1214020709803449e+00
7                                      4.0968690897137208e+00
8                                      4.0504309185509699e+00
9                                      4.0543060285699966e+00
10                                     2.0029360568318060e+00
11                                     9.5735115660498726e-01
12                                     9.4925370003520504e-01
13                                     9.5744918612313079e-01
14                                     9.5048045662375946e-01
15                                     9.4285000580182809e-01
16                                     9.4987807560022963e-01
17                                     9.5603291500735565e-01
18                                     9.5490649347845524e-01
19                                     9.5874516025951262e-01
20                                     9.5741157360409312e-01
21                                     9.5059529023182332e-01
22                                     9.5745050277176691e-01
23                                     9.5112019834815076e-01
24                                     9.5678638383453873e-01
25                                     9.6216159839439441e-01
26                                     9.6857261939161499e-01
27                                     9.5129836571755144e-01
28                                     9.5724356814948597e-01
29                                     9.5865438112400203e-01
30                                     9.4988699354844719e-01
31                                     9.5856096390178847e-01
32                                     8.9311676086749270e-01
   &BVA [&Type "ArrayOfDoubles", &Dim (33,1)] "Mayer's bonded valence"
                                                         0

0                                      4.0218318310362973e+00
1                                      4.1386705864341877e+00
2                                      4.1050582537868339e+00
3                                      4.1285998594054236e+00
4                                      4.1029707125715253e+00
5                                      4.1006627494759975e+00
6                                      4.1214020709804240e+00
7                                      4.0968690897137217e+00
8                                      4.0504309185509904e+00
9                                      4.0543060285699326e+00
10                                     2.0029360568318246e+00
11                                     9.5735115660497938e-01
12                                     9.4925370003519960e-01
13                                     9.5744918612312579e-01
14                                     9.5048045662375047e-01
15                                     9.4285000580182887e-01
16                                     9.4987807560021953e-01
17                                     9.5603291500735577e-01
18                                     9.5490649347845413e-01
19                                     9.5874516025952061e-01
20                                     9.5741157360409412e-01
21                                     9.5059529023182876e-01
22                                     9.5745050277176902e-01
23                                     9.5112019834814732e-01
24                                     9.5678638383454684e-01
25                                     9.6216159839438997e-01
26                                     9.6857261939161554e-01
27                                     9.5129836571754900e-01
28                                     9.5724356814948774e-01
29                                     9.5865438112400070e-01
30                                     9.4988699354843620e-01
31                                     9.5856096390177592e-01
32                                     8.9311676086749014e-01
   &FA [&Type "ArrayOfDoubles", &Dim (33,1)] "Mayer's free valence"
                                                         0

0                                      0.0000000000000000e+00
1                                      0.0000000000000000e+00
2                                      0.0000000000000000e+00
3                                      0.0000000000000000e+00
4                                      0.0000000000000000e+00
5                                      0.0000000000000000e+00
6                                      0.0000000000000000e+00
7                                      0.0000000000000000e+00
8                                      0.0000000000000000e+00
9                                      0.0000000000000000e+00
10                                     0.0000000000000000e+00
11                                     0.0000000000000000e+00
12                                     0.0000000000000000e+00
13                                     0.0000000000000000e+00
14                                     0.0000000000000000e+00
15                                     0.0000000000000000e+00
16                                     0.0000000000000000e+00
17                                     0.0000000000000000e+00
18                                     0.0000000000000000e+00
19                                     0.0000000000000000e+00
20                                     0.0000000000000000e+00
21                                     0.0000000000000000e+00
22                                     0.0000000000000000e+00
23                                     0.0000000000000000e+00
24                                     0.0000000000000000e+00
25                                     0.0000000000000000e+00
26                                     0.0000000000000000e+00
27                                     0.0000000000000000e+00
28                                     0.0000000000000000e+00
29                                     0.0000000000000000e+00
30                                     0.0000000000000000e+00
31                                     0.0000000000000000e+00
32                                     0.0000000000000000e+00
$End
$VdW_Correction
   &GeometryIndex 1
   &ListStatus       OUT
   &VDW [&Type "Double"]      -2.6724929274011933e-02
$End
$Calculation_Info
   &GeometryIndex 1
   &ListStatus       OUT
   &MULT [&Type "Integer"] 1
   &CHARGE [&Type "Integer"] 0
   &NUMOFATOMS [&Type "Integer"] 33
   &NUMOFELECTRONS [&Type "Integer"] 90
   &NUMOFFCELECTRONS [&Type "Integer"] 1
   &NUMOFCORRELECTRONS [&Type "Integer"] 0
   &NUMOFBASISFUNCTS [&Type "Integer"] 198
   &NUMOFAUXCBASISFUNCTS [&Type "Integer"] 0
   &NUMOFAUXJBASISFUNCTS [&Type "Integer"] 781
   &NUMOFAUXJKBASISFUNCTS [&Type "Integer"] 0
   &NUMOFCABSBASISFUNCTS [&Type "Integer"] 0
   &TOTALENERGY [&Type "Double"]      -4.6836344481416717e+02  "Hartrees"
$End
$SCF_Dipole_Moment
   &GeometryIndex 1
   &ListStatus       OUT
   &METHOD [&Type "String"] "SCF"
   &LEVEL [&Type "String"] "Relaxed density"
   &MULT [&Type "Integer"] 1
   &STATE [&Type "Integer"] -1
   &IRREP [&Type "Integer"] 0
   &NATOMS [&Type "Integer"] 33
   &DODIPOLEATOM [&Type "Boolean"] false
   &DIPOLEELECCONTRIB [&Type "ArrayOfDoubles", &Dim (3,1)] "Electronic contribution"
                                                         0

0                                     -8.9899974201574810e+00
1                                     -1.1558202939623061e+00
2                                      5.7881841092834208e-01
   &DIPOLENUCCONTRIB [&Type "ArrayOfDoubles", &Dim (3,1)] "Nuclear contribution"
                                                         0

0                                      9.5182851564035662e+00
1                                      1.4557667851074787e+00
2                                     -8.9637653676119466e-01
   &DIPOLETOTAL [&Type "ArrayOfDoubles", &Dim (3,1)] "Total"
                                                         0

0                                      5.2828773624608516e-01
1                                      2.9994649114517258e-01
2                                     -3.1755812583285259e-01
   &DIPOLEMAGNITUDE [&Type "Double", &Units "a.u."]       6.8549178922930087e-01
$End
