*************************************************
******************* ORCA 6.0.0 ******************
*************************************************
$Calculation_Status
   &GeometryIndex 1
   &ListStatus       OUT
   &VERSION [&Type "String"] "6.0.0"
   &PROGNAME [&Type "String"] "LeanSCF"
   &STATUS [&Type "String"] "NORMAL TERMINATION"
$End
$Geometry
   &GeometryIndex 1
   &ListStatus       OUT
   &NATOMS [&Type "Integer"] 41
   &NCORELESSECP [&Type "Integer"] 0
   &NGHOSTATOMS [&Type "Integer"] 0
   &CartesianCoordinates [&Type "Coordinates", &Dim(41,4), &Units "Bohr"] 
              C      1.756051214838   -5.362468163578    2.520452894570
              C      3.645814851131   -3.352922455787    3.290072770506
              O      2.992053877162   -0.935197650877    2.211618547707
              P      4.289206225626    0.133418737415   -0.304295780836
              S      5.567498464389   -2.360302831470   -2.700735555470
              O      6.517954839893    1.910969823414    0.627420841057
              C      6.120240307220    3.975512494687    2.382276736653
              C      8.693183894821    4.929317054262    3.195424063013
              S      1.486832538438    2.709358463691   -1.514419685562
              C     -0.037588573332    0.644571282455   -3.779268886362
              S     -1.457646287485   -2.124302653758   -2.354777572154
              P     -4.200704042491   -0.203764540137   -0.204181584742
              S     -5.760518893459    2.820559009892   -1.688024682071
              O     -2.691113766549    0.194512122755    2.345741902959
              C     -3.484234699607    1.960872797854    4.272766294232
              C     -1.208759969378    3.471396380810    5.133964090645
              O     -6.160362012893   -2.332603318396    0.618814088483
              C     -8.354721069721   -2.951169355379   -0.860467941661
              C     -7.663051450434   -4.212186840890   -3.335973607350
              H     -0.153678954279   -4.732878790351    2.944609786400
              H      1.894005120553   -5.732676986875    0.502820225676
              H      2.150858290281   -7.091509307545    3.550183611526
              H      5.555056169073   -3.873362348096    2.690384312230
              H      3.617569526567   -3.040567446903    5.329173316930
              H      5.041285365389    5.442384801590    1.406250307323
              H      5.022155598760    3.279794567071    3.987007775293
              H      9.758636612090    5.552427009166    1.555710415316
              H      8.449244132346    6.502658354759    4.487662183390
              H      9.740827463563    3.432476060213    4.131166213154
              H      1.353971129826   -0.048392818508   -5.128894619100
              H     -1.488901312721    1.778276568870   -4.701025143150
              H     -4.946506466915    3.199021903529    3.490333044829
              H     -4.282367048044    0.843980191881    5.813424878375
              H     -0.497236796621    4.620437625526    3.585964789935
              H     -1.755412917696    4.690051183937    6.689790743393
              H      0.275912059911    2.194458837202    5.750493081847
              H     -9.436682374780   -4.210288660310    0.361282443766
              H     -9.420398684431   -1.211411227364   -1.202723654982
              H     -6.429698964040   -5.820236051349   -2.999035834703
              H     -9.371773753129   -4.846656903912   -4.276086935734
              H     -6.686353091182   -2.875235143985   -4.558866397421
$End
$SCF_Energy
   &GeometryIndex 1
   &ListStatus       OUT
   &SCF_ENERGY [&Type "Double"]      -2.9296419433831675e+03
$End
$DFT_Energy
   &GeometryIndex 1
   &ListStatus       OUT
   &NALPHAEL [&Type "Integer"] 100
   &NBETAEL [&Type "Integer"] 100
   &NTOTALEL [&Type "Integer"] 201
   &EEXCHANGE [&Type "Double"]      -2.3180159059640286e+02
   &ECORR [&Type "Double"]      -7.2935820444499546e+00
   &ECNL [&Type "Double"]       0.0000000000000000e+00
   &EXC [&Type "Double"]      -2.3909517264085281e+02
   &EEMBED [&Type "Double"]       0.0000000000000000e+00
   &FINALEN [&Type "Double"]      -2.9296419433831675e+03  "No Van der Waals correction"
$End
$Mulliken_Population_Analysis
   &GeometryIndex 1
   &ListStatus       OUT
   &NATOMS [&Type "Integer"] 41
   &ATNO [&Type "ArrayOfIntegers", &Dim (41,1)] 
                                                         0

0                                                        6
1                                                        6
2                                                        8
3                                                       15
4                                                       16
5                                                        8
6                                                        6
7                                                        6
8                                                       16
9                                                        6
10                                                      16
11                                                      15
12                                                      16
13                                                       8
14                                                       6
15                                                       6
16                                                       8
17                                                       6
18                                                       6
19                                                       1
20                                                       1
21                                                       1
22                                                       1
23                                                       1
24                                                       1
25                                                       1
26                                                       1
27                                                       1
28                                                       1
29                                                       1
30                                                       1
31                                                       1
32                                                       1
33                                                       1
34                                                       1
35                                                       1
36                                                       1
37                                                       1
38                                                       1
39                                                       1
40                                                       1
   &ATOMICCHARGES [&Type "ArrayOfDoubles", &Dim (41,1)] 
                                                         0

0                                     -2.9267605582406198e-01
1                                     -1.1064315966951455e-02
2                                     -3.7929127115988948e-01
3                                      6.2182370413166765e-01
4                                     -3.1314682248769188e-01
5                                     -3.6988963760606097e-01
6                                     -4.8670154875255278e-02
7                                     -2.6952903816740292e-01
8                                     -9.7789486026243821e-02
9                                     -3.5137249161999673e-01
10                                    -6.5021080042487966e-02
11                                     6.1783377885078394e-01
12                                    -3.3922793006157903e-01
13                                    -3.5688893851605386e-01
14                                    -6.2047584995417182e-03
15                                    -3.0043786691238417e-01
16                                    -3.7778170334615169e-01
17                                    -3.1922448844641238e-03
18                                    -3.1657898461977751e-01
19                                     1.1717180142072159e-01
20                                     1.2981469756880359e-01
21                                     1.0249570782171114e-01
22                                     1.0492487740382161e-01
23                                     9.6952010948553990e-02
24                                     1.1636098749199530e-01
25                                     1.1447263967675614e-01
26                                     1.2477407337324564e-01
27                                     1.1119194686819045e-01
28                                     1.1886467093145592e-01
29                                     1.9355789950506641e-01
30                                     1.9109685769549367e-01
31                                     1.0519728796505901e-01
32                                     1.0228495437875418e-01
33                                     1.2480937406889936e-01
34                                     1.0512585019432574e-01
35                                     1.2525975831930625e-01
36                                     1.0488245869481894e-01
37                                     1.1109035033663051e-01
38                                     1.1885136764954396e-01
39                                     1.1375368167536726e-01
40                                     1.2617204364482559e-01
$End
$Loewdin_Population_Analysis
   &GeometryIndex 1
   &ListStatus       OUT
   &NATOMS [&Type "Integer"] 41
   &ATNO [&Type "ArrayOfIntegers", &Dim (41,1)] 
                                                         0

0                                                        6
1                                                        6
2                                                        8
3                                                       15
4                                                       16
5                                                        8
6                                                        6
7                                                        6
8                                                       16
9                                                        6
10                                                      16
11                                                      15
12                                                      16
13                                                       8
14                                                       6
15                                                       6
16                                                       8
17                                                       6
18                                                       6
19                                                       1
20                                                       1
21                                                       1
22                                                       1
23                                                       1
24                                                       1
25                                                       1
26                                                       1
27                                                       1
28                                                       1
29                                                       1
30                                                       1
31                                                       1
32                                                       1
33                                                       1
34                                                       1
35                                                       1
36                                                       1
37                                                       1
38                                                       1
39                                                       1
40                                                       1
   &ATOMICCHARGES [&Type "ArrayOfDoubles", &Dim (41,1)] 
                                                         0

0                                      1.6058852900603283e-05
1                                      2.6092745742787652e-05
2                                      1.0705105242013457e-04
3                                      8.2969240461629407e-06
4                                      4.4760569628830418e-06
5                                      1.6114292525547336e-04
6                                      3.8332921847654965e-05
7                                      1.2273173724651327e-06
8                                      6.1681859185281577e-05
9                                      1.8515777811500779e-04
10                                     4.9116820816220660e-04
11                                     4.9206885901403943e-02
12                                     9.0309355811438370e-05
13                                     3.3214342455553719e-01
14                                     3.5395315540514866e-02
15                                     2.3265025541931716e-03
16                                     4.8744927106910346e-01
17                                     8.9091566561840557e-02
18                                     2.1043272187625701e-03
19                                     2.0723226215790671e-06
20                                     3.4351997490029910e-07
21                                     7.0475042527239083e-07
22                                     2.9261894030574832e-08
23                                     9.9495379518249688e-08
24                                     1.8096786074951759e-06
25                                     3.9043015929557112e-07
26                                     1.2917967102388542e-09
27                                     3.3262640063370620e-08
28                                     9.6505612988649484e-09
29                                     7.6669405703221544e-06
30                                     5.4258016427645917e-06
31                                     1.2482814803717028e-04
32                                     7.1232806736750621e-06
33                                     4.9163550352836041e-06
34                                     5.1280167112672635e-05
35                                     2.3709786277802968e-06
36                                     5.7674703466978805e-04
37                                     1.6044453147668450e-04
38                                     2.6308358277516053e-06
39                                     1.2882903693090382e-04
40                                     1.3953826158639411e-05
$End
$Mayer_Population_Analysis
   &GeometryIndex 1
   &ListStatus       OUT
   &NATOMS [&Type "Integer"] 41 "Total number of atoms"
   &BONDTHRESH [&Type "Double"]       1.0000000000000001e-01  "The threshold for printing"
   &NBONDORDERSPRINT [&Type "Integer"] 42 "The number of bond orders larger than threshold"
   &BONDORDERS [&Type "ArrayOfDoubles", &Dim (42,1)] "The bond orders"
                                                         0

0                                      1.1751064029278300e+00
1                                      9.4192613184255447e-01
2                                      9.3559585983728755e-01
3                                      9.3831479816678864e-01
4                                      9.0209161236249980e-01
5                                      9.1418760744429939e-01
6                                      9.3274626682760831e-01
7                                      1.0826684096656356e+00
8                                      1.6328874495687902e+00
9                                      1.1158369319949122e+00
10                                     9.5872105225198179e-01
11                                     1.0289965109540443e-01
12                                     9.0722900759735936e-01
13                                     1.1643445002768691e+00
14                                     9.2041077582784725e-01
15                                     9.1701697757792988e-01
16                                     9.4944121176661678e-01
17                                     9.4048427832855352e-01
18                                     9.5076647590078611e-01
19                                     1.0126270420096690e+00
20                                     1.0064780720230087e+00
21                                     8.8512582003496854e-01
22                                     8.8339511964949513e-01
23                                     9.6555738630075727e-01
24                                     1.0696018676553085e-01
25                                     1.5906596916246833e+00
26                                     1.1261786448560589e+00
27                                     1.1056275117179277e+00
28                                     9.0147974289194011e-01
29                                     1.1674232366395807e+00
30                                     9.0400614955347047e-01
31                                     9.3393863252544118e-01
32                                     9.4395646668002009e-01
33                                     9.3856180673380596e-01
34                                     9.4094849335941244e-01
35                                     9.1037411242610178e-01
36                                     1.1647367049430672e+00
37                                     9.3389271273402652e-01
38                                     9.1564147231277848e-01
39                                     9.4489115343694374e-01
40                                     9.3793297130344100e-01
41                                     9.3571311909724209e-01
   &COMPONENTS [&Type "ArrayOfIntegers", &Dim (42,4)] "The indices and atomic numbers of the bonding atoms"
                                                         0                           1                           2                           3

0                                                        0                           6                           1                           6
1                                                        0                           6                          19                           1
2                                                        0                           6                          20                           1
3                                                        0                           6                          21                           1
4                                                        1                           6                           2                           8
5                                                        1                           6                          22                           1
6                                                        1                           6                          23                           1
7                                                        2                           8                           3                          15
8                                                        3                          15                           4                          16
9                                                        3                          15                           5                           8
10                                                       3                          15                           8                          16
11                                                       4                          16                           8                          16
12                                                       5                           8                           6                           6
13                                                       6                           6                           7                           6
14                                                       6                           6                          24                           1
15                                                       6                           6                          25                           1
16                                                       7                           6                          26                           1
17                                                       7                           6                          27                           1
18                                                       7                           6                          28                           1
19                                                       8                          16                           9                           6
20                                                       9                           6                          10                          16
21                                                       9                           6                          29                           1
22                                                       9                           6                          30                           1
23                                                      10                          16                          11                          15
24                                                      10                          16                          12                          16
25                                                      11                          15                          12                          16
26                                                      11                          15                          13                           8
27                                                      11                          15                          16                           8
28                                                      13                           8                          14                           6
29                                                      14                           6                          15                           6
30                                                      14                           6                          31                           1
31                                                      14                           6                          32                           1
32                                                      15                           6                          33                           1
33                                                      15                           6                          34                           1
34                                                      15                           6                          35                           1
35                                                      16                           8                          17                           6
36                                                      17                           6                          18                           6
37                                                      17                           6                          36                           1
38                                                      17                           6                          37                           1
39                                                      18                           6                          38                           1
40                                                      18                           6                          39                           1
41                                                      18                           6                          40                           1
   &ATNO [&Type "ArrayOfIntegers", &Dim (41,1)] "Atomic number of the elements"
                                                         0

0                                                        6
1                                                        6
2                                                        8
3                                                       15
4                                                       16
5                                                        8
6                                                        6
7                                                        6
8                                                       16
9                                                        6
10                                                      16
11                                                      15
12                                                      16
13                                                       8
14                                                       6
15                                                       6
16                                                       8
17                                                       6
18                                                       6
19                                                       1
20                                                       1
21                                                       1
22                                                       1
23                                                       1
24                                                       1
25                                                       1
26                                                       1
27                                                       1
28                                                       1
29                                                       1
30                                                       1
31                                                       1
32                                                       1
33                                                       1
34                                                       1
35                                                       1
36                                                       1
37                                                       1
38                                                       1
39                                                       1
40                                                       1
   &NA [&Type "ArrayOfDoubles", &Dim (41,1)] "Mulliken gross atomic population"
                                                         0

0                                      6.2926760558240478e+00
1                                      6.0110643159669728e+00
2                                      8.3792912711598593e+00
3                                      1.4378176295868350e+01
4                                      1.6313146822487639e+01
5                                      8.3698896376060539e+00
6                                      6.0486701548752686e+00
7                                      6.2695290381674020e+00
8                                      1.6097789486026237e+01
9                                      6.3513724916199665e+00
10                                     1.6065021080042591e+01
11                                     1.4382166221149213e+01
12                                     1.6339227930061604e+01
13                                     8.3568889385160805e+00
14                                     6.0062047584995497e+00
15                                     6.3004378669123930e+00
16                                     8.3777817033461677e+00
17                                     6.0031922448844686e+00
18                                     6.3165789846197793e+00
19                                     8.8282819857927897e-01
20                                     8.7018530243119552e-01
21                                     8.9750429217828864e-01
22                                     8.9507512259617805e-01
23                                     9.0304798905144568e-01
24                                     8.8363901250800392e-01
25                                     8.8552736032324286e-01
26                                     8.7522592662675469e-01
27                                     8.8880805313180922e-01
28                                     8.8113532906854397e-01
29                                     8.0644210049493348e-01
30                                     8.0890314230450766e-01
31                                     8.9480271203494077e-01
32                                     8.9771504562124560e-01
33                                     8.7519062593110097e-01
34                                     8.9487414980567448e-01
35                                     8.7474024168069386e-01
36                                     8.9511754130518129e-01
37                                     8.8890964966336938e-01
38                                     8.8114863235045748e-01
39                                     8.8624631832463185e-01
40                                     8.7382795635517441e-01
   &ZA [&Type "ArrayOfDoubles", &Dim (41,1)] "Total nuclear charge"
                                                         0

0                                      6.0000000000000000e+00
1                                      6.0000000000000000e+00
2                                      8.0000000000000000e+00
3                                      1.5000000000000000e+01
4                                      1.6000000000000000e+01
5                                      8.0000000000000000e+00
6                                      6.0000000000000000e+00
7                                      6.0000000000000000e+00
8                                      1.6000000000000000e+01
9                                      6.0000000000000000e+00
10                                     1.6000000000000000e+01
11                                     1.5000000000000000e+01
12                                     1.6000000000000000e+01
13                                     8.0000000000000000e+00
14                                     6.0000000000000000e+00
15                                     6.0000000000000000e+00
16                                     8.0000000000000000e+00
17                                     6.0000000000000000e+00
18                                     6.0000000000000000e+00
19                                     1.0000000000000000e+00
20                                     1.0000000000000000e+00
21                                     1.0000000000000000e+00
22                                     1.0000000000000000e+00
23                                     1.0000000000000000e+00
24                                     1.0000000000000000e+00
25                                     1.0000000000000000e+00
26                                     1.0000000000000000e+00
27                                     1.0000000000000000e+00
28                                     1.0000000000000000e+00
29                                     1.0000000000000000e+00
30                                     1.0000000000000000e+00
31                                     1.0000000000000000e+00
32                                     1.0000000000000000e+00
33                                     1.0000000000000000e+00
34                                     1.0000000000000000e+00
35                                     1.0000000000000000e+00
36                                     1.0000000000000000e+00
37                                     1.0000000000000000e+00
38                                     1.0000000000000000e+00
39                                     1.0000000000000000e+00
40                                     1.0000000000000000e+00
   &QA [&Type "ArrayOfDoubles", &Dim (41,1)] "Mulliken gross atomic charge"
                                                         0

0                                     -2.9267605582404776e-01
1                                     -1.1064315966972771e-02
2                                     -3.7929127115985928e-01
3                                      6.2182370413164989e-01
4                                     -3.1314682248763859e-01
5                                     -3.6988963760605387e-01
6                                     -4.8670154875268601e-02
7                                     -2.6952903816740204e-01
8                                     -9.7789486026236716e-02
9                                     -3.5137249161996653e-01
10                                    -6.5021080042590995e-02
11                                     6.1783377885078750e-01
12                                    -3.3922793006160390e-01
13                                    -3.5688893851608050e-01
14                                    -6.2047584995497118e-03
15                                    -3.0043786691239305e-01
16                                    -3.7778170334616767e-01
17                                    -3.1922448844685647e-03
18                                    -3.1657898461977929e-01
19                                     1.1717180142072103e-01
20                                     1.2981469756880448e-01
21                                     1.0249570782171136e-01
22                                     1.0492487740382195e-01
23                                     9.6952010948554324e-02
24                                     1.1636098749199608e-01
25                                     1.1447263967675714e-01
26                                     1.2477407337324531e-01
27                                     1.1119194686819078e-01
28                                     1.1886467093145603e-01
29                                     1.9355789950506652e-01
30                                     1.9109685769549234e-01
31                                     1.0519728796505923e-01
32                                     1.0228495437875440e-01
33                                     1.2480937406889903e-01
34                                     1.0512585019432552e-01
35                                     1.2525975831930614e-01
36                                     1.0488245869481871e-01
37                                     1.1109035033663062e-01
38                                     1.1885136764954252e-01
39                                     1.1375368167536815e-01
40                                     1.2617204364482559e-01
   &VA [&Type "ArrayOfDoubles", &Dim (41,1)] "Mayer's total valence"
                                                         0

0                                      3.9942697456430682e+00
1                                      4.0216026996963610e+00
2                                      2.1652376108774343e+00
3                                      4.9456260324798951e+00
4                                      2.0306747954303614e+00
5                                      2.1545969100734661e+00
6                                      4.0102412521432234e+00
7                                      3.9992324168705125e+00
8                                      2.2859125736207360e+00
9                                      3.8430128443550182e+00
10                                     2.2966900185613914e+00
11                                     4.9449438764967102e+00
12                                     2.0492247372689394e+00
13                                     2.1832469297476833e+00
14                                     3.9854253828889914e+00
15                                     4.0026836497482456e+00
16                                     2.1767895418756336e+00
17                                     4.0030445978160181e+00
18                                     3.9892180802652359e+00
19                                     9.7795260364284942e-01
20                                     9.8157883115233646e-01
21                                     9.5335223225048460e-01
22                                     9.7787672400304115e-01
23                                     9.4632192590688213e-01
24                                     9.4948588295759484e-01
25                                     9.6235410106617625e-01
26                                     9.5898819538949853e-01
27                                     9.5435395712752491e-01
28                                     9.6026614664698173e-01
29                                     9.6451851289600476e-01
30                                     9.6803718948266515e-01
31                                     9.9526086234847588e-01
32                                     9.4756754372912122e-01
33                                     9.7078283013989142e-01
34                                     9.5261491782759056e-01
35                                     9.6895143400127259e-01
36                                     9.4909679946491632e-01
37                                     9.8195012803758119e-01
38                                     9.6105488441268894e-01
39                                     9.5489388171351863e-01
40                                     9.8124477319013659e-01
   &BVA [&Type "ArrayOfDoubles", &Dim (41,1)] "Mayer's bonded valence"
                                                         0

0                                      3.9942697456430905e+00
1                                      4.0216026996963006e+00
2                                      2.1652376108774907e+00
3                                      4.9456260324798187e+00
4                                      2.0306747954305364e+00
5                                      2.1545969100734306e+00
6                                      4.0102412521432074e+00
7                                      3.9992324168705662e+00
8                                      2.2859125736207515e+00
9                                      3.8430128443551328e+00
10                                     2.2966900185613266e+00
11                                     4.9449438764967706e+00
12                                     2.0492247372688950e+00
13                                     2.1832469297476589e+00
14                                     3.9854253828890087e+00
15                                     4.0026836497482563e+00
16                                     2.1767895418756034e+00
17                                     4.0030445978160722e+00
18                                     3.9892180802652248e+00
19                                     9.7795260364285019e-01
20                                     9.8157883115232991e-01
21                                     9.5335223225048771e-01
22                                     9.7787672400303416e-01
23                                     9.4632192590687714e-01
24                                     9.4948588295759728e-01
25                                     9.6235410106617225e-01
26                                     9.5898819538951208e-01
27                                     9.5435395712753124e-01
28                                     9.6026614664699661e-01
29                                     9.6451851289601320e-01
30                                     9.6803718948266726e-01
31                                     9.9526086234847999e-01
32                                     9.4756754372911978e-01
33                                     9.7078283013989586e-01
34                                     9.5261491782758900e-01
35                                     9.6895143400127359e-01
36                                     9.4909679946491698e-01
37                                     9.8195012803759008e-01
38                                     9.6105488441268860e-01
39                                     9.5489388171351497e-01
40                                     9.8124477319012393e-01
   &FA [&Type "ArrayOfDoubles", &Dim (41,1)] "Mayer's free valence"
                                                         0

0                                      0.0000000000000000e+00
1                                      0.0000000000000000e+00
2                                      0.0000000000000000e+00
3                                      0.0000000000000000e+00
4                                      0.0000000000000000e+00
5                                      0.0000000000000000e+00
6                                      0.0000000000000000e+00
7                                      0.0000000000000000e+00
8                                      0.0000000000000000e+00
9                                      0.0000000000000000e+00
10                                     0.0000000000000000e+00
11                                     0.0000000000000000e+00
12                                     0.0000000000000000e+00
13                                     0.0000000000000000e+00
14                                     0.0000000000000000e+00
15                                     0.0000000000000000e+00
16                                     0.0000000000000000e+00
17                                     0.0000000000000000e+00
18                                     0.0000000000000000e+00
19                                     0.0000000000000000e+00
20                                     0.0000000000000000e+00
21                                     0.0000000000000000e+00
22                                     0.0000000000000000e+00
23                                     0.0000000000000000e+00
24                                     0.0000000000000000e+00
25                                     0.0000000000000000e+00
26                                     0.0000000000000000e+00
27                                     0.0000000000000000e+00
28                                     0.0000000000000000e+00
29                                     0.0000000000000000e+00
30                                     0.0000000000000000e+00
31                                     0.0000000000000000e+00
32                                     0.0000000000000000e+00
33                                     0.0000000000000000e+00
34                                     0.0000000000000000e+00
35                                     0.0000000000000000e+00
36                                     0.0000000000000000e+00
37                                     0.0000000000000000e+00
38                                     0.0000000000000000e+00
39                                     0.0000000000000000e+00
40                                     0.0000000000000000e+00
$End
$VdW_Correction
   &GeometryIndex 1
   &ListStatus       OUT
   &VDW [&Type "Double"]      -6.6761027876461973e-02
$End
$Calculation_Info
   &GeometryIndex 1
   &ListStatus       OUT
   &MULT [&Type "Integer"] 1
   &CHARGE [&Type "Integer"] 0
   &NUMOFATOMS [&Type "Integer"] 41
   &NUMOFELECTRONS [&Type "Integer"] 202
   &NUMOFFCELECTRONS [&Type "Integer"] 1
   &NUMOFCORRELECTRONS [&Type "Integer"] 0
   &NUMOFBASISFUNCTS [&Type "Integer"] 334
   &NUMOFAUXCBASISFUNCTS [&Type "Integer"] 0
   &NUMOFAUXJBASISFUNCTS [&Type "Integer"] 1185
   &NUMOFAUXJKBASISFUNCTS [&Type "Integer"] 0
   &NUMOFCABSBASISFUNCTS [&Type "Integer"] 0
   &TOTALENERGY [&Type "Double"]      -2.9295237375051438e+03  "Hartrees"
$End
$SCF_Dipole_Moment
   &GeometryIndex 1
   &ListStatus       OUT
   &METHOD [&Type "String"] "SCF"
   &LEVEL [&Type "String"] "Relaxed density"
   &MULT [&Type "Integer"] 1
   &STATE [&Type "Integer"] -1
   &IRREP [&Type "Integer"] 0
   &NATOMS [&Type "Integer"] 41
   &DODIPOLEATOM [&Type "Boolean"] false
   &DIPOLEELECCONTRIB [&Type "ArrayOfDoubles", &Dim (3,1)] "Electronic contribution"
                                                         0

0                                      4.5555993320847737e-01
1                                      1.0136914797667427e+00
2                                     -1.5504106350109613e+01
   &DIPOLENUCCONTRIB [&Type "ArrayOfDoubles", &Dim (3,1)] "Nuclear contribution"
                                                         0

0                                     -8.3322065852576710e-01
1                                     -9.5858992500752338e-01
2                                      1.6998914109773747e+01
   &DIPOLETOTAL [&Type "ArrayOfDoubles", &Dim (3,1)] "Total"
                                                         0

0                                     -3.7766072531728972e-01
1                                      5.5101554759219296e-02
2                                      1.4948077596641340e+00
   &DIPOLEMAGNITUDE [&Type "Double", &Units "a.u."]       1.5427618232041433e+00
$End
