*************************************************
******************* ORCA 6.0.0 ******************
*************************************************
$Calculation_Status
   &GeometryIndex 1
   &ListStatus       OUT
   &VERSION [&Type "String"] "6.0.0"
   &PROGNAME [&Type "String"] "LeanSCF"
   &STATUS [&Type "String"] "NORMAL TERMINATION"
$End
$Geometry
   &GeometryIndex 1
   &ListStatus       OUT
   &NATOMS [&Type "Integer"] 41
   &NCORELESSECP [&Type "Integer"] 0
   &NGHOSTATOMS [&Type "Integer"] 0
   &CartesianCoordinates [&Type "Coordinates", &Dim(41,4), &Units "Bohr"] 
              C      6.156750793494    2.277244320237   -4.544189606966
              C      4.952760751771   -0.253418212834   -3.953563901252
              O      5.463662709867   -0.993893153089   -1.380872112477
              P      3.678212058023   -0.376611587336    0.946772692856
              S      2.833209441912    3.163193490849    1.575007108068
              O      5.186481916742   -1.474833250864    3.265039643999
              C      6.319845181813   -3.968847621852    3.323336416452
              C      9.083608412846   -3.843225811696    2.588688401945
              S      0.706774317060   -3.069276389317    0.364448073679
              C     -1.134169551497   -2.488354014963    3.179447258519
              S     -2.807461612099    0.532075856790    3.244135674919
              P     -4.046974189005    0.797758990332   -0.533504135991
              S     -1.820086542832    1.559523857710   -3.412615344492
              O     -6.275403651582    2.808758064004   -0.310687695958
              C     -5.878880419650    5.468176060711   -0.682688210364
              C     -4.269665514995    6.606150872655    1.394630213895
              O     -5.540080882202   -1.785759314230   -0.683068753965
              C     -6.368386885229   -2.881686469262   -3.049585564133
              C     -4.666498387625   -5.066563821623   -3.778568343152
              H      8.174517777885    2.212903337167   -4.170216672387
              H      5.837295689517    2.727211794205   -6.519073306053
              H      5.310667421464    3.748533205677   -3.383456308997
              H      5.772041023294   -1.764341565275   -5.094230977861
              H      2.912932694611   -0.179298518553   -4.268334285326
              H      6.094161616975   -4.588468388690    5.277809298651
              H      5.264523091328   -5.216947180074    2.059604496765
              H      9.275917968707   -3.219161553221    0.642233666472
              H     10.075152133305   -2.521273965646    3.807455236919
              H      9.916149908189   -5.707289987795    2.789513526938
              H      0.089199229029   -2.477426395803    4.833695344736
              H     -2.510686612842   -4.011296280161    3.278450594789
              H     -4.984474297700    5.747533465908   -2.528201157601
              H     -7.782618973955    6.258124623770   -0.695673454801
              H     -5.073989914127    6.181721696611    3.237232260254
              H     -2.358291974269    5.834458508934    1.319044181140
              H     -4.164175628764    8.638865150270    1.145538795496
              H     -8.300923420741   -3.504630839181   -2.692989870025
              H     -6.364679909439   -1.423201633380   -4.513422062097
              H     -2.755192146850   -4.389286519088   -4.115954222022
              H     -4.613825537656   -6.461117808690   -2.273766784789
              H     -5.384211093772   -5.935676162227   -5.491475816458
$End
$SCF_Energy
   &GeometryIndex 1
   &ListStatus       OUT
   &SCF_ENERGY [&Type "Double"]      -2.9296274217343403e+03
$End
$DFT_Energy
   &GeometryIndex 1
   &ListStatus       OUT
   &NALPHAEL [&Type "Integer"] 101
   &NBETAEL [&Type "Integer"] 101
   &NTOTALEL [&Type "Integer"] 201
   &EEXCHANGE [&Type "Double"]      -2.3180969278391541e+02
   &ECORR [&Type "Double"]      -7.2968603658743110e+00
   &ECNL [&Type "Double"]       0.0000000000000000e+00
   &EXC [&Type "Double"]      -2.3910655314978973e+02
   &EEMBED [&Type "Double"]       0.0000000000000000e+00
   &FINALEN [&Type "Double"]      -2.9296274217343403e+03  "No Van der Waals correction"
$End
$Mulliken_Population_Analysis
   &GeometryIndex 1
   &ListStatus       OUT
   &NATOMS [&Type "Integer"] 41
   &ATNO [&Type "ArrayOfIntegers", &Dim (41,1)] 
                                                         0

0                                                        6
1                                                        6
2                                                        8
3                                                       15
4                                                       16
5                                                        8
6                                                        6
7                                                        6
8                                                       16
9                                                        6
10                                                      16
11                                                      15
12                                                      16
13                                                       8
14                                                       6
15                                                       6
16                                                       8
17                                                       6
18                                                       6
19                                                       1
20                                                       1
21                                                       1
22                                                       1
23                                                       1
24                                                       1
25                                                       1
26                                                       1
27                                                       1
28                                                       1
29                                                       1
30                                                       1
31                                                       1
32                                                       1
33                                                       1
34                                                       1
35                                                       1
36                                                       1
37                                                       1
38                                                       1
39                                                       1
40                                                       1
   &ATOMICCHARGES [&Type "ArrayOfDoubles", &Dim (41,1)] 
                                                         0

0                                     -2.9121245642658167e-01
1                                     -2.6291830707891428e-02
2                                     -3.8496025516330512e-01
3                                      6.0316271111527797e-01
4                                     -2.8175924568121147e-01
5                                     -3.6097310652549375e-01
6                                     -1.2376815797592755e-02
7                                     -2.8949283260343250e-01
8                                     -1.1551925006210695e-01
9                                     -3.1974533960344775e-01
10                                    -8.2176705375704984e-02
11                                     6.1740551843747760e-01
12                                    -3.3038283289942783e-01
13                                    -3.7075671365073326e-01
14                                    -6.8807648366941976e-04
15                                    -3.4155215734659272e-01
16                                    -3.7545406466557196e-01
17                                     7.6713946990558668e-04
18                                    -2.9444553934036932e-01
19                                     1.0854896411775572e-01
20                                     1.0665403164153497e-01
21                                     1.3351854766442417e-01
22                                     1.0036581225252095e-01
23                                     1.3213692621508066e-01
24                                     1.0488068312967269e-01
25                                     1.0002870874493131e-01
26                                     1.2333036177702850e-01
27                                     1.2032914617297874e-01
28                                     1.0803790199668106e-01
29                                     1.8016143300554444e-01
30                                     1.8781318394705715e-01
31                                     1.0958423928208161e-01
32                                     1.0151319152447735e-01
33                                     1.1795149279987938e-01
34                                     1.5402142293747478e-01
35                                     1.1218959731099465e-01
36                                     1.0609901152803380e-01
37                                     1.0422930395089836e-01
38                                     1.3006566492821525e-01
39                                     1.0725996920816039e-01
40                                     1.0773225917515195e-01
$End
$Loewdin_Population_Analysis
   &GeometryIndex 1
   &ListStatus       OUT
   &NATOMS [&Type "Integer"] 41
   &ATNO [&Type "ArrayOfIntegers", &Dim (41,1)] 
                                                         0

0                                                        6
1                                                        6
2                                                        8
3                                                       15
4                                                       16
5                                                        8
6                                                        6
7                                                        6
8                                                       16
9                                                        6
10                                                      16
11                                                      15
12                                                      16
13                                                       8
14                                                       6
15                                                       6
16                                                       8
17                                                       6
18                                                       6
19                                                       1
20                                                       1
21                                                       1
22                                                       1
23                                                       1
24                                                       1
25                                                       1
26                                                       1
27                                                       1
28                                                       1
29                                                       1
30                                                       1
31                                                       1
32                                                       1
33                                                       1
34                                                       1
35                                                       1
36                                                       1
37                                                       1
38                                                       1
39                                                       1
40                                                       1
   &ATOMICCHARGES [&Type "ArrayOfDoubles", &Dim (41,1)] 
                                                         0

0                                      2.0141855658978572e-06
1                                      9.5070552648905767e-06
2                                      6.3553172322992335e-05
3                                      4.4511505571398915e-05
4                                      1.1717726792912567e-05
5                                      1.1178966973946621e-04
6                                      1.8932898694005536e-05
7                                      1.1812679081601738e-06
8                                      2.1169274774217675e-04
9                                      2.3937077102332722e-04
10                                     2.0915667581992821e-04
11                                     4.9053540127998681e-02
12                                     1.1340463925011722e-04
13                                     5.5837762888393816e-01
14                                     1.0240559271534951e-01
15                                     2.6163053626272691e-03
16                                     2.6265270523119233e-01
17                                     2.1961061708226339e-02
18                                     6.3251872730812572e-04
19                                     9.9053887306601623e-08
20                                     4.0234191798663871e-08
21                                     4.1505218687061947e-07
22                                     6.8365571073112983e-08
23                                     2.1412200389462379e-06
24                                     5.0969406845128131e-07
25                                     3.6258595177970420e-07
26                                     1.0132758424575210e-07
27                                     3.2742483500724031e-08
28                                     1.1272559953233469e-08
29                                     1.9930796855191885e-05
30                                     1.9077844687293615e-05
31                                     1.8196547759139292e-04
32                                     6.5933146186845611e-04
33                                     5.1700782118309170e-06
34                                     2.0306990505543737e-05
35                                     1.6335393848656773e-04
36                                     3.3864223789971966e-05
37                                     1.1105483913524642e-04
38                                     1.8465485585700284e-06
39                                     2.9738469235616589e-06
40                                     4.1157332527417202e-05
$End
$Mayer_Population_Analysis
   &GeometryIndex 1
   &ListStatus       OUT
   &NATOMS [&Type "Integer"] 41 "Total number of atoms"
   &BONDTHRESH [&Type "Double"]       1.0000000000000001e-01  "The threshold for printing"
   &NBONDORDERSPRINT [&Type "Integer"] 42 "The number of bond orders larger than threshold"
   &BONDORDERS [&Type "ArrayOfDoubles", &Dim (42,1)] "The bond orders"
                                                         0

0                                      1.1736387362786638e+00
1                                      9.4868571384191802e-01
2                                      9.3900191708964831e-01
3                                      9.3155201755569372e-01
4                                      8.8910817264355146e-01
5                                      9.3554832852253944e-01
6                                      9.0198360659086596e-01
7                                      1.0866558029368616e+00
8                                      1.7019686541535493e+00
9                                      1.1191829579436807e+00
10                                     9.2473087446895530e-01
11                                     1.1656666004583496e-01
12                                     8.9462579271174580e-01
13                                     1.1674519017204095e+00
14                                     9.3571057898145071e-01
15                                     9.0904613017452929e-01
16                                     9.4204430528914296e-01
17                                     9.4708752205699920e-01
18                                     9.3977394824752825e-01
19                                     1.0129304587548480e+00
20                                     9.8444510799700125e-01
21                                     9.0609204586452086e-01
22                                     9.0761505463111269e-01
23                                     9.8185165625402027e-01
24                                     1.1722994288420771e-01
25                                     1.5767819493832578e+00
26                                     1.1121994107286013e+00
27                                     1.1188098932109409e+00
28                                     9.1019351787490588e-01
29                                     1.1629860732611843e+00
30                                     9.1189133647771603e-01
31                                     9.3260079483371539e-01
32                                     9.4382436449635476e-01
33                                     9.2621299019476477e-01
34                                     9.3784937383515909e-01
35                                     8.8973306751466108e-01
36                                     1.1714612310621606e+00
37                                     9.3362191027907770e-01
38                                     9.1011899041689703e-01
39                                     9.3720350318336976e-01
40                                     9.4817497771233905e-01
41                                     9.4002936525755376e-01
   &COMPONENTS [&Type "ArrayOfIntegers", &Dim (42,4)] "The indices and atomic numbers of the bonding atoms"
                                                         0                           1                           2                           3

0                                                        0                           6                           1                           6
1                                                        0                           6                          19                           1
2                                                        0                           6                          20                           1
3                                                        0                           6                          21                           1
4                                                        1                           6                           2                           8
5                                                        1                           6                          22                           1
6                                                        1                           6                          23                           1
7                                                        2                           8                           3                          15
8                                                        3                          15                           4                          16
9                                                        3                          15                           5                           8
10                                                       3                          15                           8                          16
11                                                       4                          16                           8                          16
12                                                       5                           8                           6                           6
13                                                       6                           6                           7                           6
14                                                       6                           6                          24                           1
15                                                       6                           6                          25                           1
16                                                       7                           6                          26                           1
17                                                       7                           6                          27                           1
18                                                       7                           6                          28                           1
19                                                       8                          16                           9                           6
20                                                       9                           6                          10                          16
21                                                       9                           6                          29                           1
22                                                       9                           6                          30                           1
23                                                      10                          16                          11                          15
24                                                      10                          16                          12                          16
25                                                      11                          15                          12                          16
26                                                      11                          15                          13                           8
27                                                      11                          15                          16                           8
28                                                      13                           8                          14                           6
29                                                      14                           6                          15                           6
30                                                      14                           6                          31                           1
31                                                      14                           6                          32                           1
32                                                      15                           6                          33                           1
33                                                      15                           6                          34                           1
34                                                      15                           6                          35                           1
35                                                      16                           8                          17                           6
36                                                      17                           6                          18                           6
37                                                      17                           6                          36                           1
38                                                      17                           6                          37                           1
39                                                      18                           6                          38                           1
40                                                      18                           6                          39                           1
41                                                      18                           6                          40                           1
   &ATNO [&Type "ArrayOfIntegers", &Dim (41,1)] "Atomic number of the elements"
                                                         0

0                                                        6
1                                                        6
2                                                        8
3                                                       15
4                                                       16
5                                                        8
6                                                        6
7                                                        6
8                                                       16
9                                                        6
10                                                      16
11                                                      15
12                                                      16
13                                                       8
14                                                       6
15                                                       6
16                                                       8
17                                                       6
18                                                       6
19                                                       1
20                                                       1
21                                                       1
22                                                       1
23                                                       1
24                                                       1
25                                                       1
26                                                       1
27                                                       1
28                                                       1
29                                                       1
30                                                       1
31                                                       1
32                                                       1
33                                                       1
34                                                       1
35                                                       1
36                                                       1
37                                                       1
38                                                       1
39                                                       1
40                                                       1
   &NA [&Type "ArrayOfDoubles", &Dim (41,1)] "Mulliken gross atomic population"
                                                         0

0                                      6.2912124564265781e+00
1                                      6.0262918307078861e+00
2                                      8.3849602551633211e+00
3                                      1.4396837288884711e+01
4                                      1.6281759245681165e+01
5                                      8.3609731065255186e+00
6                                      6.0123768157975821e+00
7                                      6.2894928326034201e+00
8                                      1.6115519250062064e+01
9                                      6.3197453396034406e+00
10                                     1.6082176705375637e+01
11                                     1.4382594481562526e+01
12                                     1.6330382832899446e+01
13                                     8.3707567136507279e+00
14                                     6.0006880764836845e+00
15                                     6.3415521573466052e+00
16                                     8.3754540646655560e+00
17                                     5.9992328605301237e+00
18                                     6.2944455393403711e+00
19                                     8.9145103588224461e-01
20                                     8.9334596835846358e-01
21                                     8.6648145233557572e-01
22                                     8.9963418774748016e-01
23                                     8.6786307378491978e-01
24                                     8.9511931687032809e-01
25                                     8.9997129125506825e-01
26                                     8.7666963822297228e-01
27                                     8.7967085382702215e-01
28                                     8.9196209800331805e-01
29                                     8.1983856699445568e-01
30                                     8.1218681605294207e-01
31                                     8.9041576071791884e-01
32                                     8.9848680847552242e-01
33                                     8.8204850720012107e-01
34                                     8.4597857706252522e-01
35                                     8.8781040268900535e-01
36                                     8.9390098847196608e-01
37                                     8.9577069604910231e-01
38                                     8.6993433507178519e-01
39                                     8.9274003079183950e-01
40                                     8.9226774082484861e-01
   &ZA [&Type "ArrayOfDoubles", &Dim (41,1)] "Total nuclear charge"
                                                         0

0                                      6.0000000000000000e+00
1                                      6.0000000000000000e+00
2                                      8.0000000000000000e+00
3                                      1.5000000000000000e+01
4                                      1.6000000000000000e+01
5                                      8.0000000000000000e+00
6                                      6.0000000000000000e+00
7                                      6.0000000000000000e+00
8                                      1.6000000000000000e+01
9                                      6.0000000000000000e+00
10                                     1.6000000000000000e+01
11                                     1.5000000000000000e+01
12                                     1.6000000000000000e+01
13                                     8.0000000000000000e+00
14                                     6.0000000000000000e+00
15                                     6.0000000000000000e+00
16                                     8.0000000000000000e+00
17                                     6.0000000000000000e+00
18                                     6.0000000000000000e+00
19                                     1.0000000000000000e+00
20                                     1.0000000000000000e+00
21                                     1.0000000000000000e+00
22                                     1.0000000000000000e+00
23                                     1.0000000000000000e+00
24                                     1.0000000000000000e+00
25                                     1.0000000000000000e+00
26                                     1.0000000000000000e+00
27                                     1.0000000000000000e+00
28                                     1.0000000000000000e+00
29                                     1.0000000000000000e+00
30                                     1.0000000000000000e+00
31                                     1.0000000000000000e+00
32                                     1.0000000000000000e+00
33                                     1.0000000000000000e+00
34                                     1.0000000000000000e+00
35                                     1.0000000000000000e+00
36                                     1.0000000000000000e+00
37                                     1.0000000000000000e+00
38                                     1.0000000000000000e+00
39                                     1.0000000000000000e+00
40                                     1.0000000000000000e+00
   &QA [&Type "ArrayOfDoubles", &Dim (41,1)] "Mulliken gross atomic charge"
                                                         0

0                                     -2.9121245642657811e-01
1                                     -2.6291830707886099e-02
2                                     -3.8496025516332111e-01
3                                      6.0316271111528863e-01
4                                     -2.8175924568116528e-01
5                                     -3.6097310652551862e-01
6                                     -1.2376815797582097e-02
7                                     -2.8949283260342007e-01
8                                     -1.1551925006206432e-01
9                                     -3.1974533960344065e-01
10                                    -8.2176705375637482e-02
11                                     6.1740551843747404e-01
12                                    -3.3038283289944559e-01
13                                    -3.7075671365072793e-01
14                                    -6.8807648368451879e-04
15                                    -3.4155215734660516e-01
16                                    -3.7545406466555598e-01
17                                     7.6713946987627679e-04
18                                    -2.9444553934037110e-01
19                                     1.0854896411775539e-01
20                                     1.0665403164153642e-01
21                                     1.3351854766442428e-01
22                                     1.0036581225251984e-01
23                                     1.3213692621508022e-01
24                                     1.0488068312967191e-01
25                                     1.0002870874493175e-01
26                                     1.2333036177702772e-01
27                                     1.2032914617297785e-01
28                                     1.0803790199668195e-01
29                                     1.8016143300554432e-01
30                                     1.8781318394705793e-01
31                                     1.0958423928208116e-01
32                                     1.0151319152447758e-01
33                                     1.1795149279987893e-01
34                                     1.5402142293747478e-01
35                                     1.1218959731099465e-01
36                                     1.0609901152803392e-01
37                                     1.0422930395089769e-01
38                                     1.3006566492821481e-01
39                                     1.0725996920816050e-01
40                                     1.0773225917515139e-01
   &VA [&Type "ArrayOfDoubles", &Dim (41,1)] "Mayer's total valence"
                                                         0

0                                      3.9893817153135416e+00
1                                      3.9940008031735652e+00
2                                      2.1665661464835084e+00
3                                      4.9838277527891579e+00
4                                      2.0799729489511503e+00
5                                      2.1590581790155379e+00
6                                      4.0050495485971362e+00
7                                      3.9935845823230673e+00
8                                      2.3099854388937788e+00
9                                      3.8763056402210996e+00
10                                     2.2710618740221027e+00
11                                     4.9619970414893757e+00
12                                     2.0731316212777697e+00
13                                     2.1815650402119013e+00
14                                     3.9950841056513187e+00
15                                     3.9865677238624442e+00
16                                     2.1573440836570863e+00
17                                     3.9977419800907574e+00
18                                     3.9999870038297907e+00
19                                     9.5906242257197316e-01
20                                     9.5530567684123502e-01
21                                     9.9352970976175403e-01
22                                     9.4657208729141029e-01
23                                     9.8290637936391090e-01
24                                     9.4707722923007887e-01
25                                     9.8408909780223475e-01
26                                     9.8174165314501927e-01
27                                     9.5787207966839338e-01
28                                     9.5459758693997931e-01
29                                     9.4134091135313713e-01
30                                     9.3346264668376577e-01
31                                     9.8699438391669103e-01
32                                     9.4922036911745278e-01
33                                     9.5850744006576494e-01
34                                     9.7753499155218149e-01
35                                     9.5576510442782836e-01
36                                     9.4776533157377707e-01
37                                     9.8831505339993375e-01
38                                     9.8168299595937081e-01
39                                     9.5997055132517939e-01
40                                     9.5491508904573397e-01
   &BVA [&Type "ArrayOfDoubles", &Dim (41,1)] "Mayer's bonded valence"
                                                         0

0                                      3.9893817153135287e+00
1                                      3.9940008031736056e+00
2                                      2.1665661464835257e+00
3                                      4.9838277527892867e+00
4                                      2.0799729489511058e+00
5                                      2.1590581790155050e+00
6                                      4.0050495485971807e+00
7                                      3.9935845823230740e+00
8                                      2.3099854388938077e+00
9                                      3.8763056402210645e+00
10                                     2.2710618740221342e+00
11                                     4.9619970414894192e+00
12                                     2.0731316212776232e+00
13                                     2.1815650402118583e+00
14                                     3.9950841056512729e+00
15                                     3.9865677238624690e+00
16                                     2.1573440836571285e+00
17                                     3.9977419800906744e+00
18                                     3.9999870038298204e+00
19                                     9.5906242257196961e-01
20                                     9.5530567684123557e-01
21                                     9.9352970976175137e-01
22                                     9.4657208729141873e-01
23                                     9.8290637936390279e-01
24                                     9.4707722923008519e-01
25                                     9.8408909780224785e-01
26                                     9.8174165314502193e-01
27                                     9.5787207966840338e-01
28                                     9.5459758693997188e-01
29                                     9.4134091135312692e-01
30                                     9.3346264668376555e-01
31                                     9.8699438391668215e-01
32                                     9.4922036911745566e-01
33                                     9.5850744006576294e-01
34                                     9.7753499155218349e-01
35                                     9.5576510442784501e-01
36                                     9.4776533157377385e-01
37                                     9.8831505339993242e-01
38                                     9.8168299595937114e-01
39                                     9.5997055132518283e-01
40                                     9.5491508904573552e-01
   &FA [&Type "ArrayOfDoubles", &Dim (41,1)] "Mayer's free valence"
                                                         0

0                                      0.0000000000000000e+00
1                                      0.0000000000000000e+00
2                                      0.0000000000000000e+00
3                                      0.0000000000000000e+00
4                                      0.0000000000000000e+00
5                                      0.0000000000000000e+00
6                                      0.0000000000000000e+00
7                                      0.0000000000000000e+00
8                                      0.0000000000000000e+00
9                                      0.0000000000000000e+00
10                                     0.0000000000000000e+00
11                                     0.0000000000000000e+00
12                                     0.0000000000000000e+00
13                                     0.0000000000000000e+00
14                                     0.0000000000000000e+00
15                                     0.0000000000000000e+00
16                                     0.0000000000000000e+00
17                                     0.0000000000000000e+00
18                                     0.0000000000000000e+00
19                                     0.0000000000000000e+00
20                                     0.0000000000000000e+00
21                                     0.0000000000000000e+00
22                                     0.0000000000000000e+00
23                                     0.0000000000000000e+00
24                                     0.0000000000000000e+00
25                                     0.0000000000000000e+00
26                                     0.0000000000000000e+00
27                                     0.0000000000000000e+00
28                                     0.0000000000000000e+00
29                                     0.0000000000000000e+00
30                                     0.0000000000000000e+00
31                                     0.0000000000000000e+00
32                                     0.0000000000000000e+00
33                                     0.0000000000000000e+00
34                                     0.0000000000000000e+00
35                                     0.0000000000000000e+00
36                                     0.0000000000000000e+00
37                                     0.0000000000000000e+00
38                                     0.0000000000000000e+00
39                                     0.0000000000000000e+00
40                                     0.0000000000000000e+00
$End
$VdW_Correction
   &GeometryIndex 1
   &ListStatus       OUT
   &VDW [&Type "Double"]      -6.7775219131405134e-02
$End
$Calculation_Info
   &GeometryIndex 1
   &ListStatus       OUT
   &MULT [&Type "Integer"] 1
   &CHARGE [&Type "Integer"] 0
   &NUMOFATOMS [&Type "Integer"] 41
   &NUMOFELECTRONS [&Type "Integer"] 202
   &NUMOFFCELECTRONS [&Type "Integer"] 1
   &NUMOFCORRELECTRONS [&Type "Integer"] 0
   &NUMOFBASISFUNCTS [&Type "Integer"] 334
   &NUMOFAUXCBASISFUNCTS [&Type "Integer"] 0
   &NUMOFAUXJBASISFUNCTS [&Type "Integer"] 1185
   &NUMOFAUXJKBASISFUNCTS [&Type "Integer"] 0
   &NUMOFCABSBASISFUNCTS [&Type "Integer"] 0
   &TOTALENERGY [&Type "Double"]      -2.9295115957468715e+03  "Hartrees"
$End
$SCF_Dipole_Moment
   &GeometryIndex 1
   &ListStatus       OUT
   &METHOD [&Type "String"] "SCF"
   &LEVEL [&Type "String"] "Relaxed density"
   &MULT [&Type "Integer"] 1
   &STATE [&Type "Integer"] -1
   &IRREP [&Type "Integer"] 0
   &NATOMS [&Type "Integer"] 41
   &DODIPOLEATOM [&Type "Boolean"] false
   &DIPOLEELECCONTRIB [&Type "ArrayOfDoubles", &Dim (3,1)] "Electronic contribution"
                                                         0

0                                     -7.3907921042081703e+00
1                                      3.8822234829212481e+00
2                                      8.5716737167918797e+00
   &DIPOLENUCCONTRIB [&Type "ArrayOfDoubles", &Dim (3,1)] "Nuclear contribution"
                                                         0

0                                      7.3455372139475354e+00
1                                     -5.2333832394015927e+00
2                                     -8.8322053823143278e+00
   &DIPOLETOTAL [&Type "ArrayOfDoubles", &Dim (3,1)] "Total"
                                                         0

0                                     -4.5254890260634895e-02
1                                     -1.3511597564803446e+00
2                                     -2.6053166552244811e-01
   &DIPOLEMAGNITUDE [&Type "Double", &Units "a.u."]       1.3767924467269665e+00
$End
