*************************************************
******************* ORCA 6.0.0 ******************
*************************************************
$Calculation_Status
   &GeometryIndex 1
   &ListStatus       OUT
   &VERSION [&Type "String"] "6.0.0"
   &PROGNAME [&Type "String"] "LeanSCF"
   &STATUS [&Type "String"] "NORMAL TERMINATION"
$End
$Geometry
   &GeometryIndex 1
   &ListStatus       OUT
   &NATOMS [&Type "Integer"] 41
   &NCORELESSECP [&Type "Integer"] 0
   &NGHOSTATOMS [&Type "Integer"] 0
   &CartesianCoordinates [&Type "Coordinates", &Dim(41,4), &Units "Bohr"] 
              C      8.654599069209   -2.968184486528   -1.941039059108
              C      8.797161880715   -0.242263474294   -1.077559822412
              O      6.688697724286    0.446284782292    0.492818989007
              P      3.877575486465    0.660956175198   -0.568811205356
              S      3.713540636629    2.091669108267   -3.992573627060
              O      2.593811249561    2.193392946247    1.657627618767
              C      2.932686456368    4.891162949771    1.880872837660
              C      1.386687502769    5.777727290112    4.117768885588
              S      2.328829200825   -2.930192224985    0.021869606473
              C     -0.022570826016   -3.011987430676   -2.511412678315
              S     -3.181037419030   -3.523867533884   -1.360094236319
              P     -3.685271644758    0.018842133304    0.484721490980
              S     -2.590705634327    2.936435986712   -1.523049541172
              O     -2.246846368194    0.027143465128    3.090982751987
              C     -2.953486121447   -1.329978295855    5.362717401637
              C     -2.781506305097   -4.171777163820    5.066127693429
              O     -6.548147248692   -0.078525154992    1.376237798184
              C     -8.650050614245   -0.833280231431   -0.178539018533
              C     -8.871782899309    0.718211545280   -2.572024673308
              H     10.392545124850   -3.461749222127   -2.911307828901
              H      8.389148761077   -4.215770458571   -0.330831914818
              H      7.075407321922   -3.208156726088   -3.239109416119
              H      8.837788940919    1.033520235418   -2.705672772264
              H     10.437148836480    0.095005047858    0.124777332176
              H      4.946211359912    5.279138396709    2.136473094017
              H      2.286840161895    5.769717831402    0.120458646367
              H      2.029368349310    4.845705789631    5.829465275177
              H      1.591571060866    7.808214057771    4.316317526293
              H     -0.592589041216    5.320647338620    3.808477786249
              H      0.404582147043   -4.610689543184   -3.728046813538
              H      0.074458804691   -1.230254161156   -3.554858450808
              H     -1.595238734132   -0.636696160597    6.750997991347
              H     -4.860474644898   -0.747902799464    5.890223988129
              H     -0.935045155081   -4.705059017373    4.335730628820
              H     -3.053513040161   -5.043086948838    6.903524273723
              H     -4.230093359635   -4.860603923141    3.781322126341
              H     -8.432774439277   -2.838195158716   -0.627288966708
              H    -10.282641351619   -0.558178004206    1.051612511597
              H    -10.564435317348    0.165357978060   -3.589005511219
              H     -8.968265154590    2.721693379666   -2.124361380021
              H     -7.233052296406    0.404774216350   -3.777070286948
$End
$SCF_Energy
   &GeometryIndex 1
   &ListStatus       OUT
   &SCF_ENERGY [&Type "Double"]      -2.9296323919132674e+03
$End
$DFT_Energy
   &GeometryIndex 1
   &ListStatus       OUT
   &NALPHAEL [&Type "Integer"] 101
   &NBETAEL [&Type "Integer"] 101
   &NTOTALEL [&Type "Integer"] 202
   &EEXCHANGE [&Type "Double"]      -2.3180507301151445e+02
   &ECORR [&Type "Double"]      -7.2980270974122554e+00
   &ECNL [&Type "Double"]       0.0000000000000000e+00
   &EXC [&Type "Double"]      -2.3910310010892670e+02
   &EEMBED [&Type "Double"]       0.0000000000000000e+00
   &FINALEN [&Type "Double"]      -2.9296323919132674e+03  "No Van der Waals correction"
$End
$Mulliken_Population_Analysis
   &GeometryIndex 1
   &ListStatus       OUT
   &NATOMS [&Type "Integer"] 41
   &ATNO [&Type "ArrayOfIntegers", &Dim (41,1)] 
                                                         0

0                                                        6
1                                                        6
2                                                        8
3                                                       15
4                                                       16
5                                                        8
6                                                        6
7                                                        6
8                                                       16
9                                                        6
10                                                      16
11                                                      15
12                                                      16
13                                                       8
14                                                       6
15                                                       6
16                                                       8
17                                                       6
18                                                       6
19                                                       1
20                                                       1
21                                                       1
22                                                       1
23                                                       1
24                                                       1
25                                                       1
26                                                       1
27                                                       1
28                                                       1
29                                                       1
30                                                       1
31                                                       1
32                                                       1
33                                                       1
34                                                       1
35                                                       1
36                                                       1
37                                                       1
38                                                       1
39                                                       1
40                                                       1
   &ATOMICCHARGES [&Type "ArrayOfDoubles", &Dim (41,1)] 
                                                         0

0                                     -3.1038357898462010e-01
1                                     -1.7109533916759290e-03
2                                     -3.8062635006344436e-01
3                                      6.1388246741597641e-01
4                                     -3.2269185492541297e-01
5                                     -3.5417457018154508e-01
6                                     -1.9789386854505153e-03
7                                     -2.7899919209892587e-01
8                                     -9.0007939272304327e-02
9                                     -3.5169775839881368e-01
10                                    -1.2505823567721563e-01
11                                     6.0460870282019741e-01
12                                    -2.9328287567378197e-01
13                                    -3.4237931782540798e-01
14                                     5.5477357267115224e-03
15                                    -3.2140727028947680e-01
16                                    -3.8337294464659877e-01
17                                    -1.6493435426854219e-02
18                                    -3.0649006024464676e-01
19                                     1.1043809061316368e-01
20                                     1.1506186190998169e-01
21                                     1.1950411712597131e-01
22                                     1.0932351697348253e-01
23                                     1.0127771575241495e-01
24                                     9.4242348508955853e-02
25                                     1.1175683125306679e-01
26                                     1.0428097502667000e-01
27                                     1.0326390171043087e-01
28                                     1.2577842666627492e-01
29                                     1.8211959635801445e-01
30                                     2.1307448240312743e-01
31                                     1.0900785176960825e-01
32                                     1.0699779591949898e-01
33                                     1.3160284657532995e-01
34                                     1.1019690826913875e-01
35                                     1.1800594881324056e-01
36                                     1.1450324521295308e-01
37                                     1.0931890291749424e-01
38                                     1.1082708094162075e-01
39                                     1.2664321326266625e-01
40                                     1.2949071184000505e-01
$End
$Loewdin_Population_Analysis
   &GeometryIndex 1
   &ListStatus       OUT
   &NATOMS [&Type "Integer"] 41
   &ATNO [&Type "ArrayOfIntegers", &Dim (41,1)] 
                                                         0

0                                                        6
1                                                        6
2                                                        8
3                                                       15
4                                                       16
5                                                        8
6                                                        6
7                                                        6
8                                                       16
9                                                        6
10                                                      16
11                                                      15
12                                                      16
13                                                       8
14                                                       6
15                                                       6
16                                                       8
17                                                       6
18                                                       6
19                                                       1
20                                                       1
21                                                       1
22                                                       1
23                                                       1
24                                                       1
25                                                       1
26                                                       1
27                                                       1
28                                                       1
29                                                       1
30                                                       1
31                                                       1
32                                                       1
33                                                       1
34                                                       1
35                                                       1
36                                                       1
37                                                       1
38                                                       1
39                                                       1
40                                                       1
   &ATOMICCHARGES [&Type "ArrayOfDoubles", &Dim (41,1)] 
                                                         0

0                                      1.5899591357127795e-03
1                                      6.3881267634870120e-02
2                                      3.4800879438814486e-01
3                                      4.6934195954538967e-02
4                                      9.2430577218312611e-05
5                                      4.6098063324068372e-01
6                                      6.7159571516743830e-02
7                                      5.8731777252600693e-03
8                                      5.4113441007123996e-04
9                                      2.6286910824369736e-04
10                                     7.4301028211667668e-05
11                                     3.5735881676324629e-04
12                                     4.2232024894817996e-05
13                                     1.9653610315996978e-03
14                                     7.8300624358704907e-05
15                                     9.5322171331199282e-06
16                                     1.1552811945665781e-03
17                                     1.0760477962307264e-04
18                                     1.0323365494954466e-05
19                                     9.9753872662319460e-05
20                                     2.4933838686117391e-06
21                                     1.4573801105775957e-05
22                                     1.1629234726065096e-04
23                                     4.1082536268314271e-04
24                                     5.7305688274712324e-05
25                                     5.4061044644427460e-05
26                                     1.4922990456855194e-05
27                                     7.8878695975964725e-05
28                                     8.9614758166066145e-06
29                                     7.3125419533456715e-06
30                                     6.4598228499499811e-06
31                                     6.1723652568149204e-07
32                                     1.5405478153552365e-07
33                                     7.1881454105496674e-07
34                                     1.5422731338204205e-07
35                                     1.5607643951322248e-07
36                                     1.9695158308521305e-07
37                                     6.4818253541530677e-07
38                                     8.3434176061327226e-07
39                                     2.4741547736222404e-07
40                                     1.0289735511032360e-07
$End
$Mayer_Population_Analysis
   &GeometryIndex 1
   &ListStatus       OUT
   &NATOMS [&Type "Integer"] 41 "Total number of atoms"
   &BONDTHRESH [&Type "Double"]       1.0000000000000001e-01  "The threshold for printing"
   &NBONDORDERSPRINT [&Type "Integer"] 42 "The number of bond orders larger than threshold"
   &BONDORDERS [&Type "ArrayOfDoubles", &Dim (42,1)] "The bond orders"
                                                         0

0                                      1.1654203279121180e+00
1                                      9.3847885468240821e-01
2                                      9.4486791709796081e-01
3                                      9.3664898048687328e-01
4                                      9.1516766683034534e-01
5                                      9.1303261853588347e-01
6                                      9.3394319682876303e-01
7                                      1.0929868357249681e+00
8                                      1.6017844174025559e+00
9                                      1.1479203477059250e+00
10                                     9.6940043869254766e-01
11                                     1.1586690821061553e-01
12                                     8.9683058047540776e-01
13                                     1.1651112091306530e+00
14                                     9.2722546788662108e-01
15                                     9.1489250107688647e-01
16                                     9.5000533240869123e-01
17                                     9.4134696847180166e-01
18                                     9.4192731797496876e-01
19                                     9.9396065803661848e-01
20                                     1.0106710254630291e+00
21                                     9.1112213128915154e-01
22                                     8.4351052002488880e-01
23                                     9.2441833318475664e-01
24                                     1.0560974690803003e-01
25                                     1.6543322818963424e+00
26                                     1.1395322368260212e+00
27                                     1.0752465791334367e+00
28                                     8.9997426624876076e-01
29                                     1.1703605279992804e+00
30                                     9.3314602018775095e-01
31                                     9.2816630121831079e-01
32                                     9.3698023558107835e-01
33                                     9.3556975553033939e-01
34                                     9.4028346015667530e-01
35                                     9.1334121194353812e-01
36                                     1.1668849082251569e+00
37                                     9.2529299486730476e-01
38                                     9.3345943175446267e-01
39                                     9.3472415953902077e-01
40                                     9.4332337043318182e-01
41                                     9.3121908287254052e-01
   &COMPONENTS [&Type "ArrayOfIntegers", &Dim (42,4)] "The indices and atomic numbers of the bonding atoms"
                                                         0                           1                           2                           3

0                                                        0                           6                           1                           6
1                                                        0                           6                          19                           1
2                                                        0                           6                          20                           1
3                                                        0                           6                          21                           1
4                                                        1                           6                           2                           8
5                                                        1                           6                          22                           1
6                                                        1                           6                          23                           1
7                                                        2                           8                           3                          15
8                                                        3                          15                           4                          16
9                                                        3                          15                           5                           8
10                                                       3                          15                           8                          16
11                                                       4                          16                           8                          16
12                                                       5                           8                           6                           6
13                                                       6                           6                           7                           6
14                                                       6                           6                          24                           1
15                                                       6                           6                          25                           1
16                                                       7                           6                          26                           1
17                                                       7                           6                          27                           1
18                                                       7                           6                          28                           1
19                                                       8                          16                           9                           6
20                                                       9                           6                          10                          16
21                                                       9                           6                          29                           1
22                                                       9                           6                          30                           1
23                                                      10                          16                          11                          15
24                                                      10                          16                          12                          16
25                                                      11                          15                          12                          16
26                                                      11                          15                          13                           8
27                                                      11                          15                          16                           8
28                                                      13                           8                          14                           6
29                                                      14                           6                          15                           6
30                                                      14                           6                          31                           1
31                                                      14                           6                          32                           1
32                                                      15                           6                          33                           1
33                                                      15                           6                          34                           1
34                                                      15                           6                          35                           1
35                                                      16                           8                          17                           6
36                                                      17                           6                          18                           6
37                                                      17                           6                          36                           1
38                                                      17                           6                          37                           1
39                                                      18                           6                          38                           1
40                                                      18                           6                          39                           1
41                                                      18                           6                          40                           1
   &ATNO [&Type "ArrayOfIntegers", &Dim (41,1)] "Atomic number of the elements"
                                                         0

0                                                        6
1                                                        6
2                                                        8
3                                                       15
4                                                       16
5                                                        8
6                                                        6
7                                                        6
8                                                       16
9                                                        6
10                                                      16
11                                                      15
12                                                      16
13                                                       8
14                                                       6
15                                                       6
16                                                       8
17                                                       6
18                                                       6
19                                                       1
20                                                       1
21                                                       1
22                                                       1
23                                                       1
24                                                       1
25                                                       1
26                                                       1
27                                                       1
28                                                       1
29                                                       1
30                                                       1
31                                                       1
32                                                       1
33                                                       1
34                                                       1
35                                                       1
36                                                       1
37                                                       1
38                                                       1
39                                                       1
40                                                       1
   &NA [&Type "ArrayOfDoubles", &Dim (41,1)] "Mulliken gross atomic population"
                                                         0

0                                      6.3103835789846148e+00
1                                      6.0017109533916599e+00
2                                      8.3806263500634390e+00
3                                      1.4386117532583977e+01
4                                      1.6322691854925360e+01
5                                      8.3541745701814971e+00
6                                      6.0019789386854558e+00
7                                      6.2789991920988992e+00
8                                      1.6090007939272411e+01
9                                      6.3516977583988048e+00
10                                     1.6125058235677155e+01
11                                     1.4395391297179772e+01
12                                     1.6293282875673757e+01
13                                     8.3423793178254311e+00
14                                     5.9944522642733027e+00
15                                     6.3214072702894857e+00
16                                     8.3833729446466023e+00
17                                     6.0164934354268746e+00
18                                     6.3064900602446352e+00
19                                     8.8956190938683566e-01
20                                     8.8493813809001898e-01
21                                     8.8049588287402936e-01
22                                     8.9067648302651747e-01
23                                     8.9872228424758427e-01
24                                     9.0575765149104415e-01
25                                     8.8824316874693288e-01
26                                     8.9571902497333078e-01
27                                     8.9673609828956946e-01
28                                     8.7422157333372519e-01
29                                     8.1788040364198666e-01
30                                     7.8692551759687235e-01
31                                     8.9099214823039252e-01
32                                     8.9300220408050013e-01
33                                     8.6839715342466983e-01
34                                     8.8980309173086047e-01
35                                     8.8199405118676089e-01
36                                     8.8549675478704648e-01
37                                     8.9068109708250520e-01
38                                     8.8917291905837970e-01
39                                     8.7335678673733341e-01
40                                     8.7050928815999418e-01
   &ZA [&Type "ArrayOfDoubles", &Dim (41,1)] "Total nuclear charge"
                                                         0

0                                      6.0000000000000000e+00
1                                      6.0000000000000000e+00
2                                      8.0000000000000000e+00
3                                      1.5000000000000000e+01
4                                      1.6000000000000000e+01
5                                      8.0000000000000000e+00
6                                      6.0000000000000000e+00
7                                      6.0000000000000000e+00
8                                      1.6000000000000000e+01
9                                      6.0000000000000000e+00
10                                     1.6000000000000000e+01
11                                     1.5000000000000000e+01
12                                     1.6000000000000000e+01
13                                     8.0000000000000000e+00
14                                     6.0000000000000000e+00
15                                     6.0000000000000000e+00
16                                     8.0000000000000000e+00
17                                     6.0000000000000000e+00
18                                     6.0000000000000000e+00
19                                     1.0000000000000000e+00
20                                     1.0000000000000000e+00
21                                     1.0000000000000000e+00
22                                     1.0000000000000000e+00
23                                     1.0000000000000000e+00
24                                     1.0000000000000000e+00
25                                     1.0000000000000000e+00
26                                     1.0000000000000000e+00
27                                     1.0000000000000000e+00
28                                     1.0000000000000000e+00
29                                     1.0000000000000000e+00
30                                     1.0000000000000000e+00
31                                     1.0000000000000000e+00
32                                     1.0000000000000000e+00
33                                     1.0000000000000000e+00
34                                     1.0000000000000000e+00
35                                     1.0000000000000000e+00
36                                     1.0000000000000000e+00
37                                     1.0000000000000000e+00
38                                     1.0000000000000000e+00
39                                     1.0000000000000000e+00
40                                     1.0000000000000000e+00
   &QA [&Type "ArrayOfDoubles", &Dim (41,1)] "Mulliken gross atomic charge"
                                                         0

0                                     -3.1038357898461477e-01
1                                     -1.7109533916599418e-03
2                                     -3.8062635006343903e-01
3                                      6.1388246741602259e-01
4                                     -3.2269185492535968e-01
5                                     -3.5417457018149712e-01
6                                     -1.9789386854558444e-03
7                                     -2.7899919209889923e-01
8                                     -9.0007939272410908e-02
9                                     -3.5169775839880479e-01
10                                    -1.2505823567715524e-01
11                                     6.0460870282022761e-01
12                                    -2.9328287567375710e-01
13                                    -3.4237931782543107e-01
14                                     5.5477357266973115e-03
15                                    -3.2140727028948568e-01
16                                    -3.8337294464660232e-01
17                                    -1.6493435426874647e-02
18                                    -3.0649006024463521e-01
19                                     1.1043809061316434e-01
20                                     1.1506186190998102e-01
21                                     1.1950411712597064e-01
22                                     1.0932351697348253e-01
23                                     1.0127771575241573e-01
24                                     9.4242348508955853e-02
25                                     1.1175683125306712e-01
26                                     1.0428097502666922e-01
27                                     1.0326390171043054e-01
28                                     1.2577842666627481e-01
29                                     1.8211959635801334e-01
30                                     2.1307448240312765e-01
31                                     1.0900785176960748e-01
32                                     1.0699779591949987e-01
33                                     1.3160284657533017e-01
34                                     1.1019690826913953e-01
35                                     1.1800594881323911e-01
36                                     1.1450324521295352e-01
37                                     1.0931890291749480e-01
38                                     1.1082708094162030e-01
39                                     1.2664321326266659e-01
40                                     1.2949071184000582e-01
   &VA [&Type "ArrayOfDoubles", &Dim (41,1)] "Mayer's total valence"
                                                         0

0                                      3.9908361337763694e+00
1                                      4.0073566703512258e+00
2                                      2.1740736710530579e+00
3                                      4.9902425663940431e+00
4                                      2.0709541618339560e+00
5                                      2.1881780004821469e+00
6                                      3.9804706858204297e+00
7                                      4.0026362414417598e+00
8                                      2.2750098801601908e+00
9                                      3.8173623094101941e+00
10                                     2.2673882768308835e+00
11                                     4.9485376276392357e+00
12                                     2.0679742921768911e+00
13                                     2.2020659715696302e+00
14                                     4.0296022473305921e+00
15                                     4.0030136144071689e+00
16                                     2.1689982796170888e+00
17                                     4.0199676498081462e+00
18                                     3.9881882692565389e+00
19                                     9.5462482948904281e-01
20                                     9.6336903279749442e-01
21                                     9.8417112328630940e-01
22                                     9.8611901075257813e-01
23                                     9.4965232493865603e-01
24                                     9.5605831147735021e-01
25                                     9.8146239005681069e-01
26                                     9.5955810320184443e-01
27                                     9.5456357016902293e-01
28                                     9.8681928581182221e-01
29                                     9.3322544313112610e-01
30                                     9.9912389094870413e-01
31                                     9.4974075454562268e-01
32                                     9.5996856108633677e-01
33                                     9.7578277748810893e-01
34                                     9.5318014404534379e-01
35                                     9.6842233607457728e-01
36                                     9.4818439075436312e-01
37                                     9.4733323990316587e-01
38                                     9.5285359048607021e-01
39                                     9.6548998006495812e-01
40                                     9.8930291869738896e-01
   &BVA [&Type "ArrayOfDoubles", &Dim (41,1)] "Mayer's bonded valence"
                                                         0

0                                      3.9908361337763467e+00
1                                      4.0073566703512462e+00
2                                      2.1740736710530260e+00
3                                      4.9902425663942109e+00
4                                      2.0709541618340430e+00
5                                      2.1881780004822589e+00
6                                      3.9804706858204182e+00
7                                      4.0026362414418077e+00
8                                      2.2750098801600780e+00
9                                      3.8173623094102545e+00
10                                     2.2673882768310087e+00
11                                     4.9485376276392383e+00
12                                     2.0679742921769813e+00
13                                     2.2020659715696502e+00
14                                     4.0296022473306250e+00
15                                     4.0030136144071502e+00
16                                     2.1689982796170928e+00
17                                     4.0199676498081169e+00
18                                     3.9881882692565389e+00
19                                     9.5462482948903227e-01
20                                     9.6336903279749198e-01
21                                     9.8417112328630674e-01
22                                     9.8611901075258923e-01
23                                     9.4965232493865914e-01
24                                     9.5605831147735421e-01
25                                     9.8146239005681724e-01
26                                     9.5955810320183899e-01
27                                     9.5456357016902105e-01
28                                     9.8681928581182043e-01
29                                     9.3322544313113032e-01
30                                     9.9912389094870691e-01
31                                     9.4974075454563278e-01
32                                     9.5996856108634787e-01
33                                     9.7578277748810882e-01
34                                     9.5318014404534612e-01
35                                     9.6842233607457218e-01
36                                     9.4818439075437011e-01
37                                     9.4733323990316876e-01
38                                     9.5285359048607055e-01
39                                     9.6548998006496034e-01
40                                     9.8930291869739706e-01
   &FA [&Type "ArrayOfDoubles", &Dim (41,1)] "Mayer's free valence"
                                                         0

0                                      0.0000000000000000e+00
1                                      0.0000000000000000e+00
2                                      0.0000000000000000e+00
3                                      0.0000000000000000e+00
4                                      0.0000000000000000e+00
5                                      0.0000000000000000e+00
6                                      0.0000000000000000e+00
7                                      0.0000000000000000e+00
8                                      0.0000000000000000e+00
9                                      0.0000000000000000e+00
10                                     0.0000000000000000e+00
11                                     0.0000000000000000e+00
12                                     0.0000000000000000e+00
13                                     0.0000000000000000e+00
14                                     0.0000000000000000e+00
15                                     0.0000000000000000e+00
16                                     0.0000000000000000e+00
17                                     0.0000000000000000e+00
18                                     0.0000000000000000e+00
19                                     0.0000000000000000e+00
20                                     0.0000000000000000e+00
21                                     0.0000000000000000e+00
22                                     0.0000000000000000e+00
23                                     0.0000000000000000e+00
24                                     0.0000000000000000e+00
25                                     0.0000000000000000e+00
26                                     0.0000000000000000e+00
27                                     0.0000000000000000e+00
28                                     0.0000000000000000e+00
29                                     0.0000000000000000e+00
30                                     0.0000000000000000e+00
31                                     0.0000000000000000e+00
32                                     0.0000000000000000e+00
33                                     0.0000000000000000e+00
34                                     0.0000000000000000e+00
35                                     0.0000000000000000e+00
36                                     0.0000000000000000e+00
37                                     0.0000000000000000e+00
38                                     0.0000000000000000e+00
39                                     0.0000000000000000e+00
40                                     0.0000000000000000e+00
$End
$VdW_Correction
   &GeometryIndex 1
   &ListStatus       OUT
   &VDW [&Type "Double"]      -6.8676459881053739e-02
$End
$Calculation_Info
   &GeometryIndex 1
   &ListStatus       OUT
   &MULT [&Type "Integer"] 1
   &CHARGE [&Type "Integer"] 0
   &NUMOFATOMS [&Type "Integer"] 41
   &NUMOFELECTRONS [&Type "Integer"] 202
   &NUMOFFCELECTRONS [&Type "Integer"] 1
   &NUMOFCORRELECTRONS [&Type "Integer"] 0
   &NUMOFBASISFUNCTS [&Type "Integer"] 334
   &NUMOFAUXCBASISFUNCTS [&Type "Integer"] 0
   &NUMOFAUXJBASISFUNCTS [&Type "Integer"] 1185
   &NUMOFAUXJKBASISFUNCTS [&Type "Integer"] 0
   &NUMOFCABSBASISFUNCTS [&Type "Integer"] 0
   &TOTALENERGY [&Type "Double"]      -2.9295151708363483e+03  "Hartrees"
$End
$SCF_Dipole_Moment
   &GeometryIndex 1
   &ListStatus       OUT
   &METHOD [&Type "String"] "SCF"
   &LEVEL [&Type "String"] "Relaxed density"
   &MULT [&Type "Integer"] 1
   &STATE [&Type "Integer"] -1
   &IRREP [&Type "Integer"] 0
   &NATOMS [&Type "Integer"] 41
   &DODIPOLEATOM [&Type "Boolean"] false
   &DIPOLEELECCONTRIB [&Type "ArrayOfDoubles", &Dim (3,1)] "Electronic contribution"
                                                         0

0                                      1.7565829980241361e+00
1                                      6.0109927114329986e-01
2                                     -8.3188424468721394e+00
   &DIPOLENUCCONTRIB [&Type "ArrayOfDoubles", &Dim (3,1)] "Nuclear contribution"
                                                         0

0                                     -2.2176105349346793e+00
1                                     -1.6061166549354375e+00
2                                      9.3621554192926126e+00
   &DIPOLETOTAL [&Type "ArrayOfDoubles", &Dim (3,1)] "Total"
                                                         0

0                                     -4.6102753691054321e-01
1                                     -1.0050173837921377e+00
2                                      1.0433129724204733e+00
   &DIPOLEMAGNITUDE [&Type "Double", &Units "a.u."]       1.5202329722562389e+00
$End
