*************************************************
******************* ORCA 6.0.0 ******************
*************************************************
$Calculation_Status
   &GeometryIndex 1
   &ListStatus       OUT
   &VERSION [&Type "String"] "6.0.0"
   &PROGNAME [&Type "String"] "LeanSCF"
   &STATUS [&Type "String"] "NORMAL TERMINATION"
$End
$Geometry
   &GeometryIndex 1
   &ListStatus       OUT
   &NATOMS [&Type "Integer"] 41
   &NCORELESSECP [&Type "Integer"] 0
   &NGHOSTATOMS [&Type "Integer"] 0
   &CartesianCoordinates [&Type "Coordinates", &Dim(41,4), &Units "Bohr"] 
              C      6.126987144658   -4.503048620055   -3.220211961461
              C      6.967473990886   -1.771153640405   -3.030751500338
              O      4.883332143880   -0.099110864144   -2.421160936080
              P      3.870498022732    0.573606276006    0.294836072024
              S      1.852229759949    3.687321306729    0.076936650637
              O      6.427091704169    0.841305916463    1.849977829251
              C      6.670686458588    0.723764305213    4.557730175584
              C      4.870672806337    2.484714385232    5.915195110454
              S      2.309460365321   -2.714155226024    2.035174792693
              C     -0.009914500129   -3.847032327866   -0.265725288796
              S     -0.852718149275   -1.588841629633   -2.694215033146
              P     -3.717991080947    0.378594934849   -0.720119758038
              S     -4.860118701564    3.596738873192   -2.140286113301
              O     -2.604809735529    0.316755587298    2.060326160309
              C     -3.336180245879    2.137324974432    3.948001389953
              C     -6.100516384806    1.904452616615    4.640637365674
              O     -5.914691255610   -1.674162722061   -0.415909375816
              C     -7.927316773291   -1.926516275852   -2.214679842817
              C     -7.020763732503   -3.034804694743   -4.695678235808
              H      4.490718119615   -4.642379098662   -4.455837831102
              H      7.661635499996   -5.610993816303   -4.011493382566
              H      5.657346367425   -5.252299469641   -1.365970731850
              H      7.617219974476   -1.061683077026   -4.854658631563
              H      8.449037733245   -1.526257947115   -1.617787768015
              H      6.358254813183   -1.232975844701    5.144011239155
              H      8.636201526860    1.254029559270    4.889843997085
              H      5.213104836586    2.390434325514    7.934710058449
              H      5.126157804896    4.417328870057    5.264118222606
              H      2.925452669009    1.929956826903    5.531768322570
              H     -1.690434922308   -4.379934409583    0.793002444584
              H      0.801950267214   -5.462611587877   -1.242321204861
              H     -2.106915203476    1.701290661199    5.546038924708
              H     -2.894471325628    4.027848891768    3.232198388314
              H     -7.267779997470    2.393765166435    3.016666327388
              H     -6.527897487682   -0.019285686609    5.219303358648
              H     -6.521746952381    3.196147271409    6.177081283982
              H     -9.284618431478   -3.162249805081   -1.276565981687
              H     -8.763589683120   -0.059223213903   -2.522101396407
              H     -6.068384635491   -4.826803968760   -4.380815051630
              H     -8.628081276531   -3.324416200863   -5.935851144820
              H     -5.706463719216   -1.733288140369   -5.602486414568
$End
$SCF_Energy
   &GeometryIndex 1
   &ListStatus       OUT
   &SCF_ENERGY [&Type "Double"]      -2.9296179563229121e+03
$End
$DFT_Energy
   &GeometryIndex 1
   &ListStatus       OUT
   &NALPHAEL [&Type "Integer"] 100
   &NBETAEL [&Type "Integer"] 100
   &NTOTALEL [&Type "Integer"] 201
   &EEXCHANGE [&Type "Double"]      -2.3180320931806369e+02
   &ECORR [&Type "Double"]      -7.2999330163542977e+00
   &ECNL [&Type "Double"]       0.0000000000000000e+00
   &EXC [&Type "Double"]      -2.3910314233441798e+02
   &EEMBED [&Type "Double"]       0.0000000000000000e+00
   &FINALEN [&Type "Double"]      -2.9296179563229121e+03  "No Van der Waals correction"
$End
$Mulliken_Population_Analysis
   &GeometryIndex 1
   &ListStatus       OUT
   &NATOMS [&Type "Integer"] 41
   &ATNO [&Type "ArrayOfIntegers", &Dim (41,1)] 
                                                         0

0                                                        6
1                                                        6
2                                                        8
3                                                       15
4                                                       16
5                                                        8
6                                                        6
7                                                        6
8                                                       16
9                                                        6
10                                                      16
11                                                      15
12                                                      16
13                                                       8
14                                                       6
15                                                       6
16                                                       8
17                                                       6
18                                                       6
19                                                       1
20                                                       1
21                                                       1
22                                                       1
23                                                       1
24                                                       1
25                                                       1
26                                                       1
27                                                       1
28                                                       1
29                                                       1
30                                                       1
31                                                       1
32                                                       1
33                                                       1
34                                                       1
35                                                       1
36                                                       1
37                                                       1
38                                                       1
39                                                       1
40                                                       1
   &ATOMICCHARGES [&Type "ArrayOfDoubles", &Dim (41,1)] 
                                                         0

0                                     -3.2569943145385682e-01
1                                      1.8652125925884278e-03
2                                     -3.5644579829675571e-01
3                                      6.1126666883739844e-01
4                                     -2.9606296995721237e-01
5                                     -3.8383001524378280e-01
6                                     -8.6933325861568989e-03
7                                     -3.2578016428230239e-01
8                                     -1.5282674415372810e-01
9                                     -3.0125395380779274e-01
10                                    -7.6953195749737802e-02
11                                     6.1943176117649124e-01
12                                    -2.9720082245449575e-01
13                                    -3.7659624851911033e-01
14                                    -1.5584074112186208e-02
15                                    -2.9685470981577922e-01
16                                    -3.7895006462910708e-01
17                                    -6.0917141308971523e-03
18                                    -3.0389511725547891e-01
19                                     1.2179415762606571e-01
20                                     1.1321526951912098e-01
21                                     1.2505759915787673e-01
22                                     1.1228283326330490e-01
23                                     1.0870803344550861e-01
24                                     1.1178677091973510e-01
25                                     1.0919447034391294e-01
26                                     1.0855821041412528e-01
27                                     1.2968256851955595e-01
28                                     1.4068342533855949e-01
29                                     1.8610103004147138e-01
30                                     1.7721399921417891e-01
31                                     1.1223832503339692e-01
32                                     1.2072305685415019e-01
33                                     1.2261694979593707e-01
34                                     1.0924108184447423e-01
35                                     1.0901293106378185e-01
36                                     1.0054315617617005e-01
37                                     1.0881578449224205e-01
38                                     1.0781539105680293e-01
39                                     1.1047819352265542e-01
40                                     1.2439147619869395e-01
$End
$Loewdin_Population_Analysis
   &GeometryIndex 1
   &ListStatus       OUT
   &NATOMS [&Type "Integer"] 41
   &ATNO [&Type "ArrayOfIntegers", &Dim (41,1)] 
                                                         0

0                                                        6
1                                                        6
2                                                        8
3                                                       15
4                                                       16
5                                                        8
6                                                        6
7                                                        6
8                                                       16
9                                                        6
10                                                      16
11                                                      15
12                                                      16
13                                                       8
14                                                       6
15                                                       6
16                                                       8
17                                                       6
18                                                       6
19                                                       1
20                                                       1
21                                                       1
22                                                       1
23                                                       1
24                                                       1
25                                                       1
26                                                       1
27                                                       1
28                                                       1
29                                                       1
30                                                       1
31                                                       1
32                                                       1
33                                                       1
34                                                       1
35                                                       1
36                                                       1
37                                                       1
38                                                       1
39                                                       1
40                                                       1
   &ATOMICCHARGES [&Type "ArrayOfDoubles", &Dim (41,1)] 
                                                         0

0                                      1.5616829122625599e-05
1                                      5.0109193740088256e-04
2                                      2.6369986853413633e-03
3                                      1.4566983350043462e-04
4                                      6.8448967725982145e-05
5                                      1.4427090943212571e-03
6                                      3.1437609189919306e-04
7                                      2.3182000933859126e-05
8                                      8.8574023317859006e-05
9                                      2.9435660569998752e-04
10                                     1.2131543398205163e-04
11                                     4.3256176225745492e-02
12                                     9.0465502469196319e-05
13                                     2.8207433846988839e-01
14                                     3.1161170764391209e-02
15                                     1.2594627478672838e-03
16                                     5.3078902698966424e-01
17                                     1.0177730413468777e-01
18                                     2.3926780371832995e-03
19                                     8.2431856198112033e-08
20                                     3.8850478379196676e-07
21                                     1.3062113835594032e-06
22                                     3.7308596333288149e-06
23                                     9.2991885867094209e-07
24                                     8.9887937984541208e-07
25                                     2.7807416199885059e-06
26                                     6.4735254791051220e-07
27                                     6.5505654397481326e-07
28                                     8.3757350601085657e-06
29                                     3.2286785064381730e-05
30                                     1.0893003005204948e-05
31                                     2.2998688017664975e-04
32                                     2.7818839484969892e-05
33                                     7.6565568741019513e-05
34                                     3.8084533037538516e-05
35                                     1.3436953323501291e-04
36                                     6.3109317829300948e-04
37                                     1.7923969530033327e-04
38                                     2.9803985057760764e-06
39                                     1.4108143759963167e-04
40                                     2.2842080742857203e-05
$End
$Mayer_Population_Analysis
   &GeometryIndex 1
   &ListStatus       OUT
   &NATOMS [&Type "Integer"] 41 "Total number of atoms"
   &BONDTHRESH [&Type "Double"]       1.0000000000000001e-01  "The threshold for printing"
   &NBONDORDERSPRINT [&Type "Integer"] 41 "The number of bond orders larger than threshold"
   &BONDORDERS [&Type "ArrayOfDoubles", &Dim (41,1)] "The bond orders"
                                                         0

0                                      1.1655891422669586e+00
1                                      9.4282082163944048e-01
2                                      9.3675780874116599e-01
3                                      9.3131347828934463e-01
4                                      9.0402122395953355e-01
5                                      9.3529885574923022e-01
6                                      9.2072916904334445e-01
7                                      1.1159543705899688e+00
8                                      1.6498253169478279e+00
9                                      1.0677988804932625e+00
10                                     9.4401094392428642e-01
11                                     1.1869180824984175e-01
12                                     9.1830750738837885e-01
13                                     1.1672840017277617e+00
14                                     9.2340715712174759e-01
15                                     9.3320183432797688e-01
16                                     9.3361281101603999e-01
17                                     9.3993893481152524e-01
18                                     9.2776601200008346e-01
19                                     9.6821878820812257e-01
20                                     1.0236305777326267e+00
21                                     9.0103553982427209e-01
22                                     9.0541842686332574e-01
23                                     9.4738299702292694e-01
24                                     1.6399475288122325e+00
25                                     1.1111278541603078e+00
26                                     1.0616458663993198e+00
27                                     8.9731967125102263e-01
28                                     1.1611520202302734e+00
29                                     9.2756884560888331e-01
30                                     9.1743250522247366e-01
31                                     9.3173434492514662e-01
32                                     9.4464023929328511e-01
33                                     9.3872633179742238e-01
34                                     9.1984897167193058e-01
35                                     1.1652715986465081e+00
36                                     9.3393764901359988e-01
37                                     9.1188153827366070e-01
38                                     9.4602197547837086e-01
39                                     9.3897416673645728e-01
40                                     9.3687007906646347e-01
   &COMPONENTS [&Type "ArrayOfIntegers", &Dim (41,4)] "The indices and atomic numbers of the bonding atoms"
                                                         0                           1                           2                           3

0                                                        0                           6                           1                           6
1                                                        0                           6                          19                           1
2                                                        0                           6                          20                           1
3                                                        0                           6                          21                           1
4                                                        1                           6                           2                           8
5                                                        1                           6                          22                           1
6                                                        1                           6                          23                           1
7                                                        2                           8                           3                          15
8                                                        3                          15                           4                          16
9                                                        3                          15                           5                           8
10                                                       3                          15                           8                          16
11                                                       4                          16                           8                          16
12                                                       5                           8                           6                           6
13                                                       6                           6                           7                           6
14                                                       6                           6                          24                           1
15                                                       6                           6                          25                           1
16                                                       7                           6                          26                           1
17                                                       7                           6                          27                           1
18                                                       7                           6                          28                           1
19                                                       8                          16                           9                           6
20                                                       9                           6                          10                          16
21                                                       9                           6                          29                           1
22                                                       9                           6                          30                           1
23                                                      10                          16                          11                          15
24                                                      11                          15                          12                          16
25                                                      11                          15                          13                           8
26                                                      11                          15                          16                           8
27                                                      13                           8                          14                           6
28                                                      14                           6                          15                           6
29                                                      14                           6                          31                           1
30                                                      14                           6                          32                           1
31                                                      15                           6                          33                           1
32                                                      15                           6                          34                           1
33                                                      15                           6                          35                           1
34                                                      16                           8                          17                           6
35                                                      17                           6                          18                           6
36                                                      17                           6                          36                           1
37                                                      17                           6                          37                           1
38                                                      18                           6                          38                           1
39                                                      18                           6                          39                           1
40                                                      18                           6                          40                           1
   &ATNO [&Type "ArrayOfIntegers", &Dim (41,1)] "Atomic number of the elements"
                                                         0

0                                                        6
1                                                        6
2                                                        8
3                                                       15
4                                                       16
5                                                        8
6                                                        6
7                                                        6
8                                                       16
9                                                        6
10                                                      16
11                                                      15
12                                                      16
13                                                       8
14                                                       6
15                                                       6
16                                                       8
17                                                       6
18                                                       6
19                                                       1
20                                                       1
21                                                       1
22                                                       1
23                                                       1
24                                                       1
25                                                       1
26                                                       1
27                                                       1
28                                                       1
29                                                       1
30                                                       1
31                                                       1
32                                                       1
33                                                       1
34                                                       1
35                                                       1
36                                                       1
37                                                       1
38                                                       1
39                                                       1
40                                                       1
   &NA [&Type "ArrayOfDoubles", &Dim (41,1)] "Mulliken gross atomic population"
                                                         0

0                                      6.3256994314538586e+00
1                                      5.9981347874074116e+00
2                                      8.3564457982967379e+00
3                                      1.4388733331162593e+01
4                                      1.6296062969957113e+01
5                                      8.3838300152437810e+00
6                                      6.0086933325861640e+00
7                                      6.3257801642823104e+00
8                                      1.6152826744153717e+01
9                                      6.3012539538077945e+00
10                                     1.6076953195749752e+01
11                                     1.4380568238823528e+01
12                                     1.6297200822454492e+01
13                                     8.3765962485191228e+00
14                                     6.0155840741121800e+00
15                                     6.2968547098157943e+00
16                                     8.3789500646291177e+00
17                                     6.0060917141308909e+00
18                                     6.3038951172554887e+00
19                                     8.7820584237393506e-01
20                                     8.8678473048087914e-01
21                                     8.7494240084212338e-01
22                                     8.8771716673669543e-01
23                                     8.9129196655449161e-01
24                                     8.8821322908026568e-01
25                                     8.9080552965608739e-01
26                                     8.9144178958587406e-01
27                                     8.7031743148044427e-01
28                                     8.5931657466144062e-01
29                                     8.1389896995852906e-01
30                                     8.2278600078582098e-01
31                                     8.8776167496660252e-01
32                                     8.7927694314584992e-01
33                                     8.7738305020406282e-01
34                                     8.9075891815552521e-01
35                                     8.9098706893621793e-01
36                                     8.9945684382382896e-01
37                                     8.9118421550775806e-01
38                                     8.9218460894319740e-01
39                                     8.8952180647734447e-01
40                                     8.7560852380130627e-01
   &ZA [&Type "ArrayOfDoubles", &Dim (41,1)] "Total nuclear charge"
                                                         0

0                                      6.0000000000000000e+00
1                                      6.0000000000000000e+00
2                                      8.0000000000000000e+00
3                                      1.5000000000000000e+01
4                                      1.6000000000000000e+01
5                                      8.0000000000000000e+00
6                                      6.0000000000000000e+00
7                                      6.0000000000000000e+00
8                                      1.6000000000000000e+01
9                                      6.0000000000000000e+00
10                                     1.6000000000000000e+01
11                                     1.5000000000000000e+01
12                                     1.6000000000000000e+01
13                                     8.0000000000000000e+00
14                                     6.0000000000000000e+00
15                                     6.0000000000000000e+00
16                                     8.0000000000000000e+00
17                                     6.0000000000000000e+00
18                                     6.0000000000000000e+00
19                                     1.0000000000000000e+00
20                                     1.0000000000000000e+00
21                                     1.0000000000000000e+00
22                                     1.0000000000000000e+00
23                                     1.0000000000000000e+00
24                                     1.0000000000000000e+00
25                                     1.0000000000000000e+00
26                                     1.0000000000000000e+00
27                                     1.0000000000000000e+00
28                                     1.0000000000000000e+00
29                                     1.0000000000000000e+00
30                                     1.0000000000000000e+00
31                                     1.0000000000000000e+00
32                                     1.0000000000000000e+00
33                                     1.0000000000000000e+00
34                                     1.0000000000000000e+00
35                                     1.0000000000000000e+00
36                                     1.0000000000000000e+00
37                                     1.0000000000000000e+00
38                                     1.0000000000000000e+00
39                                     1.0000000000000000e+00
40                                     1.0000000000000000e+00
   &QA [&Type "ArrayOfDoubles", &Dim (41,1)] "Mulliken gross atomic charge"
                                                         0

0                                     -3.2569943145385860e-01
1                                      1.8652125925884278e-03
2                                     -3.5644579829673795e-01
3                                      6.1126666883740732e-01
4                                     -2.9606296995711290e-01
5                                     -3.8383001524378102e-01
6                                     -8.6933325861640043e-03
7                                     -3.2578016428231038e-01
8                                     -1.5282674415371744e-01
9                                     -3.0125395380779452e-01
10                                    -7.6953195749752012e-02
11                                     6.1943176117647170e-01
12                                    -2.9720082245449220e-01
13                                    -3.7659624851912277e-01
14                                    -1.5584074112179991e-02
15                                    -2.9685470981579432e-01
16                                    -3.7895006462911773e-01
17                                    -6.0917141308909351e-03
18                                    -3.0389511725548868e-01
19                                     1.2179415762606494e-01
20                                     1.1321526951912086e-01
21                                     1.2505759915787662e-01
22                                     1.1228283326330457e-01
23                                     1.0870803344550839e-01
24                                     1.1178677091973432e-01
25                                     1.0919447034391261e-01
26                                     1.0855821041412594e-01
27                                     1.2968256851955573e-01
28                                     1.4068342533855938e-01
29                                     1.8610103004147094e-01
30                                     1.7721399921417902e-01
31                                     1.1223832503339748e-01
32                                     1.2072305685415008e-01
33                                     1.2261694979593718e-01
34                                     1.0924108184447479e-01
35                                     1.0901293106378207e-01
36                                     1.0054315617617104e-01
37                                     1.0881578449224194e-01
38                                     1.0781539105680260e-01
39                                     1.1047819352265553e-01
40                                     1.2439147619869373e-01
   &VA [&Type "ArrayOfDoubles", &Dim (41,1)] "Mayer's total valence"
                                                         0

0                                      3.9970648279965140e+00
1                                      4.0173927599631982e+00
2                                      2.1730336035391011e+00
3                                      4.9491656909995756e+00
4                                      2.0421283787925191e+00
5                                      2.1670274423221438e+00
6                                      4.0143572297449834e+00
7                                      3.9950352433871767e+00
8                                      2.2768378329351600e+00
9                                      3.8695935879644732e+00
10                                     2.2976004919868882e+00
11                                     4.9430012205718423e+00
12                                     2.0567321453284482e+00
13                                     2.1797396379932046e+00
14                                     3.9973766938995157e+00
15                                     3.9876109644786100e+00
16                                     2.1639656035355017e+00
17                                     4.0101509512411697e+00
18                                     3.9962462879597336e+00
19                                     9.5945741714057919e-01
20                                     9.5444380861805067e-01
21                                     9.7927235839849069e-01
22                                     9.4843325529777611e-01
23                                     9.7061295397508496e-01
24                                     9.5104992835072055e-01
25                                     9.4718337779867234e-01
26                                     9.5238973003584682e-01
27                                     9.6936842009764790e-01
28                                     9.8463774743458610e-01
29                                     9.5542476865777093e-01
30                                     9.3168649917364776e-01
31                                     9.5055272635420074e-01
32                                     9.8127707106323958e-01
33                                     9.8751916611187918e-01
34                                     9.6141796472403851e-01
35                                     9.5470664504038916e-01
36                                     9.4938404675279031e-01
37                                     9.8763070668333575e-01
38                                     9.6502821348705559e-01
39                                     9.5468733249278959e-01
40                                     9.7746214668008580e-01
   &BVA [&Type "ArrayOfDoubles", &Dim (41,1)] "Mayer's bonded valence"
                                                         0

0                                      3.9970648279965917e+00
1                                      4.0173927599632089e+00
2                                      2.1730336035391522e+00
3                                      4.9491656909996093e+00
4                                      2.0421283787928175e+00
5                                      2.1670274423221354e+00
6                                      4.0143572297450092e+00
7                                      3.9950352433871390e+00
8                                      2.2768378329352399e+00
9                                      3.8695935879644900e+00
10                                     2.2976004919869228e+00
11                                     4.9430012205718583e+00
12                                     2.0567321453284695e+00
13                                     2.1797396379932681e+00
14                                     3.9973766938995059e+00
15                                     3.9876109644785367e+00
16                                     2.1639656035354773e+00
17                                     4.0101509512411928e+00
18                                     3.9962462879596963e+00
19                                     9.5945741714058352e-01
20                                     9.5444380861805511e-01
21                                     9.7927235839850157e-01
22                                     9.4843325529778044e-01
23                                     9.7061295397508274e-01
24                                     9.5104992835072055e-01
25                                     9.4718337779868045e-01
26                                     9.5238973003584459e-01
27                                     9.6936842009764801e-01
28                                     9.8463774743456878e-01
29                                     9.5542476865777104e-01
30                                     9.3168649917364987e-01
31                                     9.5055272635419319e-01
32                                     9.8127707106323059e-01
33                                     9.8751916611187462e-01
34                                     9.6141796472402274e-01
35                                     9.5470664504037916e-01
36                                     9.4938404675278221e-01
37                                     9.8763070668333497e-01
38                                     9.6502821348705592e-01
39                                     9.5468733249278726e-01
40                                     9.7746214668008558e-01
   &FA [&Type "ArrayOfDoubles", &Dim (41,1)] "Mayer's free valence"
                                                         0

0                                      0.0000000000000000e+00
1                                      0.0000000000000000e+00
2                                      0.0000000000000000e+00
3                                      0.0000000000000000e+00
4                                      0.0000000000000000e+00
5                                      0.0000000000000000e+00
6                                      0.0000000000000000e+00
7                                      0.0000000000000000e+00
8                                      0.0000000000000000e+00
9                                      0.0000000000000000e+00
10                                     0.0000000000000000e+00
11                                     0.0000000000000000e+00
12                                     0.0000000000000000e+00
13                                     0.0000000000000000e+00
14                                     0.0000000000000000e+00
15                                     0.0000000000000000e+00
16                                     0.0000000000000000e+00
17                                     0.0000000000000000e+00
18                                     0.0000000000000000e+00
19                                     0.0000000000000000e+00
20                                     0.0000000000000000e+00
21                                     0.0000000000000000e+00
22                                     0.0000000000000000e+00
23                                     0.0000000000000000e+00
24                                     0.0000000000000000e+00
25                                     0.0000000000000000e+00
26                                     0.0000000000000000e+00
27                                     0.0000000000000000e+00
28                                     0.0000000000000000e+00
29                                     0.0000000000000000e+00
30                                     0.0000000000000000e+00
31                                     0.0000000000000000e+00
32                                     0.0000000000000000e+00
33                                     0.0000000000000000e+00
34                                     0.0000000000000000e+00
35                                     0.0000000000000000e+00
36                                     0.0000000000000000e+00
37                                     0.0000000000000000e+00
38                                     0.0000000000000000e+00
39                                     0.0000000000000000e+00
40                                     0.0000000000000000e+00
$End
$VdW_Correction
   &GeometryIndex 1
   &ListStatus       OUT
   &VDW [&Type "Double"]      -6.9717631761154808e-02
$End
$Calculation_Info
   &GeometryIndex 1
   &ListStatus       OUT
   &MULT [&Type "Integer"] 1
   &CHARGE [&Type "Integer"] 0
   &NUMOFATOMS [&Type "Integer"] 41
   &NUMOFELECTRONS [&Type "Integer"] 202
   &NUMOFFCELECTRONS [&Type "Integer"] 1
   &NUMOFCORRELECTRONS [&Type "Integer"] 0
   &NUMOFBASISFUNCTS [&Type "Integer"] 334
   &NUMOFAUXCBASISFUNCTS [&Type "Integer"] 0
   &NUMOFAUXJBASISFUNCTS [&Type "Integer"] 1185
   &NUMOFAUXJKBASISFUNCTS [&Type "Integer"] 0
   &NUMOFCABSBASISFUNCTS [&Type "Integer"] 0
   &TOTALENERGY [&Type "Double"]      -2.9295015852676734e+03  "Hartrees"
$End
$SCF_Dipole_Moment
   &GeometryIndex 1
   &ListStatus       OUT
   &METHOD [&Type "String"] "SCF"
   &LEVEL [&Type "String"] "Relaxed density"
   &MULT [&Type "Integer"] 1
   &STATE [&Type "Integer"] -1
   &IRREP [&Type "Integer"] 0
   &NATOMS [&Type "Integer"] 41
   &DODIPOLEATOM [&Type "Boolean"] false
   &DIPOLEELECCONTRIB [&Type "ArrayOfDoubles", &Dim (3,1)] "Electronic contribution"
                                                         0

0                                      1.8346555662266841e+00
1                                      8.9831437221215804e+00
2                                     -7.1034688899746232e+00
   &DIPOLENUCCONTRIB [&Type "ArrayOfDoubles", &Dim (3,1)] "Nuclear contribution"
                                                         0

0                                     -1.2791921674333748e+00
1                                     -1.0918208528318976e+01
2                                      7.9378008766209884e+00
   &DIPOLETOTAL [&Type "ArrayOfDoubles", &Dim (3,1)] "Total"
                                                         0

0                                      5.5546339879330930e-01
1                                     -1.9350648061973956e+00
2                                      8.3433198664636521e-01
   &DIPOLEMAGNITUDE [&Type "Double", &Units "a.u."]       2.1792487823844366e+00
$End
