*************************************************
******************* ORCA 6.0.0 ******************
*************************************************
$Calculation_Status
   &GeometryIndex 1
   &ListStatus       OUT
   &VERSION [&Type "String"] "6.0.0"
   &PROGNAME [&Type "String"] "LeanSCF"
   &STATUS [&Type "String"] "NORMAL TERMINATION"
$End
$Geometry
   &GeometryIndex 1
   &ListStatus       OUT
   &NATOMS [&Type "Integer"] 41
   &NCORELESSECP [&Type "Integer"] 0
   &NGHOSTATOMS [&Type "Integer"] 0
   &CartesianCoordinates [&Type "Coordinates", &Dim(41,4), &Units "Bohr"] 
              C     10.791191574454   -0.309025194273    0.688289247132
              C      8.302526080846   -1.200304924773   -0.412769779148
              O      6.311313737848    0.285803240442    0.701512762601
              P      3.570970425712    0.410349118583   -0.525461388621
              S      3.565405482336    1.079179798455   -4.178152851486
              O      2.233423838485    2.380860255957    1.275300906228
              C      2.248308393935    5.055872322988    0.770834495330
              C      4.873263136341    6.168110235295    0.989965133765
              S      2.022530929929   -3.056564513797    0.642152928490
              C     -0.275986910262   -3.636811256824   -1.863164372796
              S     -3.474277898336   -3.871260815410   -0.699379092854
              P     -4.002934636594    0.001477749774    0.230913177445
              S     -2.923182050809    2.448112994250   -2.321531333987
              O     -2.639139073065    0.406615233092    2.846980566378
              C     -3.262290347965   -1.059008730743    5.084797871481
              C     -1.010775051742   -0.975230684553    6.848352451048
              O     -6.896171325336    0.141902250555    1.026196875040
              C     -8.913043308218    0.548433069392   -0.753568558217
              C     -9.198725453687   -1.622109764624   -2.597381637081
              H     11.114461554749    1.660991817323    0.210142305178
              H     10.758497221733   -0.501728918093    2.731200838644
              H     12.311669916832   -1.449701842724   -0.080182122046
              H      7.949912219037   -3.187141584987    0.032144141571
              H      8.241010704353   -0.946622374968   -2.466268711369
              H      1.461951966498    5.371829169348   -1.118031983465
              H      0.955249897145    5.824763128975    2.181087335390
              H      6.073565973911    5.414608753285   -0.503339971039
              H      4.762853160091    8.206979471682    0.792402159282
              H      5.693712625643    5.692147977946    2.811603857770
              H      0.158724783083   -5.456232392502   -2.710978990400
              H     -0.133315958801   -2.114036017904   -3.253367244275
              H     -4.935552615901   -0.203506772799    5.934430639385
              H     -3.700089100946   -2.995222623423    4.507093260426
              H      0.626855526272   -1.832772099002    5.951619798437
              H     -0.557390563074    0.970251963136    7.320924891579
              H     -1.463452015418   -2.007435205331    8.561507795762
              H    -10.578966614765    0.756047483574    0.443012712987
              H     -8.543807892302    2.316084326718   -1.761003357824
              H     -7.579668985339   -1.689138615723   -3.865540923184
              H     -9.326576302587   -3.407326205700   -1.589010713257
              H    -10.898798508590   -1.342067607714   -3.709863883418
$End
$SCF_Energy
   &GeometryIndex 1
   &ListStatus       OUT
   &SCF_ENERGY [&Type "Double"]      -2.9296406516116735e+03
$End
$DFT_Energy
   &GeometryIndex 1
   &ListStatus       OUT
   &NALPHAEL [&Type "Integer"] 100
   &NBETAEL [&Type "Integer"] 100
   &NTOTALEL [&Type "Integer"] 201
   &EEXCHANGE [&Type "Double"]      -2.3180429348508898e+02
   &ECORR [&Type "Double"]      -7.2959146526575518e+00
   &ECNL [&Type "Double"]       0.0000000000000000e+00
   &EXC [&Type "Double"]      -2.3910020813774653e+02
   &EEMBED [&Type "Double"]       0.0000000000000000e+00
   &FINALEN [&Type "Double"]      -2.9296406516116735e+03  "No Van der Waals correction"
$End
$Mulliken_Population_Analysis
   &GeometryIndex 1
   &ListStatus       OUT
   &NATOMS [&Type "Integer"] 41
   &ATNO [&Type "ArrayOfIntegers", &Dim (41,1)] 
                                                         0

0                                                        6
1                                                        6
2                                                        8
3                                                       15
4                                                       16
5                                                        8
6                                                        6
7                                                        6
8                                                       16
9                                                        6
10                                                      16
11                                                      15
12                                                      16
13                                                       8
14                                                       6
15                                                       6
16                                                       8
17                                                       6
18                                                       6
19                                                       1
20                                                       1
21                                                       1
22                                                       1
23                                                       1
24                                                       1
25                                                       1
26                                                       1
27                                                       1
28                                                       1
29                                                       1
30                                                       1
31                                                       1
32                                                       1
33                                                       1
34                                                       1
35                                                       1
36                                                       1
37                                                       1
38                                                       1
39                                                       1
40                                                       1
   &ATOMICCHARGES [&Type "ArrayOfDoubles", &Dim (41,1)] 
                                                         0

0                                     -2.8084503124564009e-01
1                                     -9.3956114248090472e-03
2                                     -3.7914010814517063e-01
3                                      6.1321614980366057e-01
4                                     -3.2062088194532379e-01
5                                     -3.4993338575978505e-01
6                                     -3.4464702571348482e-03
7                                     -3.0329750599506600e-01
8                                     -1.0341244483113954e-01
9                                     -3.5610663436465817e-01
10                                    -1.0302321776999079e-01
11                                     5.9502164990471051e-01
12                                    -2.9694987667108208e-01
13                                    -3.4741872045354683e-01
14                                    -1.1227003835173832e-02
15                                    -2.7820450471009561e-01
16                                    -3.8505456759424206e-01
17                                     2.3836090938456067e-03
18                                    -3.2341931707358818e-01
19                                     1.1988213317536878e-01
20                                     1.1525686054951079e-01
21                                     1.1075178809453390e-01
22                                     9.8085410829996666e-02
23                                     1.0351551056967589e-01
24                                     1.2383013117485109e-01
25                                     1.0176491459561188e-01
26                                     1.2072863848781679e-01
27                                     1.0909264642608130e-01
28                                     1.1221140865532175e-01
29                                     1.8273014925859099e-01
30                                     2.0980299123911028e-01
31                                     1.0537322204973787e-01
32                                     9.9493945534129380e-02
33                                     1.2561854668891759e-01
34                                     1.1644104156053392e-01
35                                     1.0471412596499552e-01
36                                     1.0418892632682497e-01
37                                     1.1188035054210976e-01
38                                     1.3260580961754376e-01
39                                     1.1785619796071312e-01
40                                     1.1504912397235345e-01
$End
$Loewdin_Population_Analysis
   &GeometryIndex 1
   &ListStatus       OUT
   &NATOMS [&Type "Integer"] 41
   &ATNO [&Type "ArrayOfIntegers", &Dim (41,1)] 
                                                         0

0                                                        6
1                                                        6
2                                                        8
3                                                       15
4                                                       16
5                                                        8
6                                                        6
7                                                        6
8                                                       16
9                                                        6
10                                                      16
11                                                      15
12                                                      16
13                                                       8
14                                                       6
15                                                       6
16                                                       8
17                                                       6
18                                                       6
19                                                       1
20                                                       1
21                                                       1
22                                                       1
23                                                       1
24                                                       1
25                                                       1
26                                                       1
27                                                       1
28                                                       1
29                                                       1
30                                                       1
31                                                       1
32                                                       1
33                                                       1
34                                                       1
35                                                       1
36                                                       1
37                                                       1
38                                                       1
39                                                       1
40                                                       1
   &ATOMICCHARGES [&Type "ArrayOfDoubles", &Dim (41,1)] 
                                                         0

0                                      6.5002419156088573e-03
1                                      8.8097734154884283e-02
2                                      4.8296116459642130e-01
3                                      4.6226644589530692e-02
4                                      6.8662804417522611e-05
5                                      2.4550825031624779e-01
6                                      2.1701434120443123e-02
7                                      9.9588645091052254e-04
8                                      2.7911135488860789e-04
9                                      1.4172787097537781e-04
10                                     4.5002976286601665e-05
11                                     7.0661732778349255e-03
12                                     4.5115143109320609e-05
13                                     4.2171768073904332e-02
14                                     3.3564451385707295e-03
15                                     4.5684934187770090e-04
16                                     4.6123296999779184e-02
17                                     7.2384080658201592e-03
18                                     1.6882164077463440e-04
19                                     1.1629281900198929e-05
20                                     7.5783140355991523e-06
21                                     9.5863739355439502e-05
22                                     6.7711269778236998e-05
23                                     1.6473431766711070e-04
24                                     3.3840002496558740e-05
25                                     1.8623274658301298e-04
26                                     2.8711598613179987e-05
27                                     1.0569279908287989e-04
28                                     3.9129358927234692e-05
29                                     7.1444087258206512e-06
30                                     3.5998941519712547e-06
31                                     1.6325085780769189e-06
32                                     4.5713817628239306e-06
33                                     1.0066947789110995e-06
34                                     1.7764546816471083e-06
35                                     6.7231458562320603e-06
36                                     5.5293120512385696e-05
37                                     8.6588732288722890e-06
38                                     1.4368294297752830e-06
39                                     9.3523132632921575e-07
40                                     1.3359196237401771e-05
$End
$Mayer_Population_Analysis
   &GeometryIndex 1
   &ListStatus       OUT
   &NATOMS [&Type "Integer"] 41 "Total number of atoms"
   &BONDTHRESH [&Type "Double"]       1.0000000000000001e-01  "The threshold for printing"
   &NBONDORDERSPRINT [&Type "Integer"] 42 "The number of bond orders larger than threshold"
   &BONDORDERS [&Type "ArrayOfDoubles", &Dim (42,1)] "The bond orders"
                                                         0

0                                      1.1596581871190577e+00
1                                      9.5167526921806889e-01
2                                      9.5043218538137741e-01
3                                      9.4229869065640914e-01
4                                      9.0777740453008104e-01
5                                      9.2728948121753652e-01
6                                      9.0764297668854144e-01
7                                      1.0924490574007901e+00
8                                      1.6063293990376233e+00
9                                      1.1555847399471562e+00
10                                     9.6182275812457629e-01
11                                     1.1543528629353710e-01
12                                     9.0004129550236023e-01
13                                     1.1588802641013818e+00
14                                     9.1246377672300860e-01
15                                     9.3552183514702136e-01
16                                     9.3550734951785908e-01
17                                     9.3889644876195055e-01
18                                     9.4481979568146435e-01
19                                     9.9150365381894323e-01
20                                     1.0012899268566691e+00
21                                     9.1170250708952616e-01
22                                     8.4739246357585385e-01
23                                     9.4357213298407006e-01
24                                     1.0435064314684320e-01
25                                     1.6486090210101654e+00
26                                     1.1446424580566577e+00
27                                     1.0826106427503071e+00
28                                     8.8884884389092711e-01
29                                     1.1651612935883950e+00
30                                     9.3182444553302712e-01
31                                     9.0909824501675374e-01
32                                     9.4286843302197665e-01
33                                     9.4912392710293780e-01
34                                     9.4036279699832936e-01
35                                     9.0766100706103436e-01
36                                     1.1661967288086028e+00
37                                     9.3449488825678240e-01
38                                     9.1835616423426669e-01
39                                     9.3455187016968699e-01
40                                     9.4332243673516214e-01
41                                     9.3691660520267794e-01
   &COMPONENTS [&Type "ArrayOfIntegers", &Dim (42,4)] "The indices and atomic numbers of the bonding atoms"
                                                         0                           1                           2                           3

0                                                        0                           6                           1                           6
1                                                        0                           6                          19                           1
2                                                        0                           6                          20                           1
3                                                        0                           6                          21                           1
4                                                        1                           6                           2                           8
5                                                        1                           6                          22                           1
6                                                        1                           6                          23                           1
7                                                        2                           8                           3                          15
8                                                        3                          15                           4                          16
9                                                        3                          15                           5                           8
10                                                       3                          15                           8                          16
11                                                       4                          16                           8                          16
12                                                       5                           8                           6                           6
13                                                       6                           6                           7                           6
14                                                       6                           6                          24                           1
15                                                       6                           6                          25                           1
16                                                       7                           6                          26                           1
17                                                       7                           6                          27                           1
18                                                       7                           6                          28                           1
19                                                       8                          16                           9                           6
20                                                       9                           6                          10                          16
21                                                       9                           6                          29                           1
22                                                       9                           6                          30                           1
23                                                      10                          16                          11                          15
24                                                      10                          16                          12                          16
25                                                      11                          15                          12                          16
26                                                      11                          15                          13                           8
27                                                      11                          15                          16                           8
28                                                      13                           8                          14                           6
29                                                      14                           6                          15                           6
30                                                      14                           6                          31                           1
31                                                      14                           6                          32                           1
32                                                      15                           6                          33                           1
33                                                      15                           6                          34                           1
34                                                      15                           6                          35                           1
35                                                      16                           8                          17                           6
36                                                      17                           6                          18                           6
37                                                      17                           6                          36                           1
38                                                      17                           6                          37                           1
39                                                      18                           6                          38                           1
40                                                      18                           6                          39                           1
41                                                      18                           6                          40                           1
   &ATNO [&Type "ArrayOfIntegers", &Dim (41,1)] "Atomic number of the elements"
                                                         0

0                                                        6
1                                                        6
2                                                        8
3                                                       15
4                                                       16
5                                                        8
6                                                        6
7                                                        6
8                                                       16
9                                                        6
10                                                      16
11                                                      15
12                                                      16
13                                                       8
14                                                       6
15                                                       6
16                                                       8
17                                                       6
18                                                       6
19                                                       1
20                                                       1
21                                                       1
22                                                       1
23                                                       1
24                                                       1
25                                                       1
26                                                       1
27                                                       1
28                                                       1
29                                                       1
30                                                       1
31                                                       1
32                                                       1
33                                                       1
34                                                       1
35                                                       1
36                                                       1
37                                                       1
38                                                       1
39                                                       1
40                                                       1
   &NA [&Type "ArrayOfDoubles", &Dim (41,1)] "Mulliken gross atomic population"
                                                         0

0                                      6.2808450312456383e+00
1                                      6.0093956114248099e+00
2                                      8.3791401081451937e+00
3                                      1.4386783850196371e+01
4                                      1.6320620881945288e+01
5                                      8.3499333857597833e+00
6                                      6.0034464702571224e+00
7                                      6.3032975059950527e+00
8                                      1.6103412444831122e+01
9                                      6.3561066343646466e+00
10                                     1.6103023217769987e+01
11                                     1.4404978350095311e+01
12                                     1.6296949876671018e+01
13                                     8.3474187204535841e+00
14                                     6.0112270038351738e+00
15                                     6.2782045047100894e+00
16                                     8.3850545675942794e+00
17                                     5.9976163909061544e+00
18                                     6.3234193170735908e+00
19                                     8.8011786682463022e-01
20                                     8.8474313945049010e-01
21                                     8.8924821190546621e-01
22                                     9.0191458917000367e-01
23                                     8.9648448943032411e-01
24                                     8.7616986882514847e-01
25                                     8.9823508540438746e-01
26                                     8.7927136151218344e-01
27                                     8.9090735357391848e-01
28                                     8.8778859134467814e-01
29                                     8.1726985074140890e-01
30                                     7.9019700876089072e-01
31                                     8.9462677795026169e-01
32                                     9.0050605446586984e-01
33                                     8.7438145331108308e-01
34                                     8.8355895843946652e-01
35                                     8.9528587403500437e-01
36                                     8.9581107367317558e-01
37                                     8.8811964945789079e-01
38                                     8.6739419038245635e-01
39                                     8.8214380203928655e-01
40                                     8.8495087602764710e-01
   &ZA [&Type "ArrayOfDoubles", &Dim (41,1)] "Total nuclear charge"
                                                         0

0                                      6.0000000000000000e+00
1                                      6.0000000000000000e+00
2                                      8.0000000000000000e+00
3                                      1.5000000000000000e+01
4                                      1.6000000000000000e+01
5                                      8.0000000000000000e+00
6                                      6.0000000000000000e+00
7                                      6.0000000000000000e+00
8                                      1.6000000000000000e+01
9                                      6.0000000000000000e+00
10                                     1.6000000000000000e+01
11                                     1.5000000000000000e+01
12                                     1.6000000000000000e+01
13                                     8.0000000000000000e+00
14                                     6.0000000000000000e+00
15                                     6.0000000000000000e+00
16                                     8.0000000000000000e+00
17                                     6.0000000000000000e+00
18                                     6.0000000000000000e+00
19                                     1.0000000000000000e+00
20                                     1.0000000000000000e+00
21                                     1.0000000000000000e+00
22                                     1.0000000000000000e+00
23                                     1.0000000000000000e+00
24                                     1.0000000000000000e+00
25                                     1.0000000000000000e+00
26                                     1.0000000000000000e+00
27                                     1.0000000000000000e+00
28                                     1.0000000000000000e+00
29                                     1.0000000000000000e+00
30                                     1.0000000000000000e+00
31                                     1.0000000000000000e+00
32                                     1.0000000000000000e+00
33                                     1.0000000000000000e+00
34                                     1.0000000000000000e+00
35                                     1.0000000000000000e+00
36                                     1.0000000000000000e+00
37                                     1.0000000000000000e+00
38                                     1.0000000000000000e+00
39                                     1.0000000000000000e+00
40                                     1.0000000000000000e+00
   &QA [&Type "ArrayOfDoubles", &Dim (41,1)] "Mulliken gross atomic charge"
                                                         0

0                                     -2.8084503124563831e-01
1                                     -9.3956114248099354e-03
2                                     -3.7914010814519372e-01
3                                      6.1321614980362860e-01
4                                     -3.2062088194528826e-01
5                                     -3.4993338575978328e-01
6                                     -3.4464702571224137e-03
7                                     -3.0329750599505267e-01
8                                     -1.0341244483112177e-01
9                                     -3.5610663436464662e-01
10                                    -1.0302321776998724e-01
11                                     5.9502164990468920e-01
12                                    -2.9694987667101813e-01
13                                    -3.4741872045358413e-01
14                                    -1.1227003835173832e-02
15                                    -2.7820450471008940e-01
16                                    -3.8505456759427936e-01
17                                     2.3836090938456067e-03
18                                    -3.2341931707359084e-01
19                                     1.1988213317536978e-01
20                                     1.1525686054950990e-01
21                                     1.1075178809453379e-01
22                                     9.8085410829996333e-02
23                                     1.0351551056967589e-01
24                                     1.2383013117485153e-01
25                                     1.0176491459561254e-01
26                                     1.2072863848781656e-01
27                                     1.0909264642608152e-01
28                                     1.1221140865532186e-01
29                                     1.8273014925859110e-01
30                                     2.0980299123910928e-01
31                                     1.0537322204973831e-01
32                                     9.9493945534130157e-02
33                                     1.2561854668891692e-01
34                                     1.1644104156053348e-01
35                                     1.0471412596499563e-01
36                                     1.0418892632682442e-01
37                                     1.1188035054210921e-01
38                                     1.3260580961754365e-01
39                                     1.1785619796071345e-01
40                                     1.1504912397235290e-01
   &VA [&Type "ArrayOfDoubles", &Dim (41,1)] "Mayer's total valence"
                                                         0

0                                      4.0057144776610007e+00
1                                      3.9623447734973056e+00
2                                      2.1649671862568689e+00
3                                      4.9947760131192238e+00
4                                      2.0717302878808885e+00
5                                      2.2088202957167073e+00
6                                      3.9901949660242941e+00
7                                      3.9896819915578390e+00
8                                      2.2625402287187861e+00
9                                      3.8079890202019975e+00
10                                     2.2741303751680810e+00
11                                     4.9784176954974679e+00
12                                     2.0698494499819042e+00
13                                     2.1803015766446432e+00
14                                     3.9881622581513727e+00
15                                     4.0021768769594184e+00
16                                     2.1630673274624947e+00
17                                     4.0065804897233992e+00
18                                     3.9877200491625300e+00
19                                     9.5980489373873479e-01
20                                     9.5865210185016114e-01
21                                     9.5445381039032651e-01
22                                     9.6329993386006596e-01
23                                     9.9673520591024944e-01
24                                     9.7891035203817156e-01
25                                     9.5721340118192000e-01
26                                     9.8132435921018379e-01
27                                     9.5413732531871376e-01
28                                     9.6089229521211672e-01
29                                     9.3322442509656678e-01
30                                     9.9751726815959918e-01
31                                     9.5386570807020576e-01
32                                     9.7991811331694134e-01
33                                     9.7740055881602383e-01
34                                     9.6034645261515794e-01
35                                     9.5358823217135025e-01
36                                     9.4934206593334491e-01
37                                     9.7968674899831343e-01
38                                     9.8086284481477104e-01
39                                     9.6024393593591917e-01
40                                     9.5485608345806572e-01
   &BVA [&Type "ArrayOfDoubles", &Dim (41,1)] "Mayer's bonded valence"
                                                         0

0                                      4.0057144776610114e+00
1                                      3.9623447734972781e+00
2                                      2.1649671862567770e+00
3                                      4.9947760131191297e+00
4                                      2.0717302878809076e+00
5                                      2.2088202957166856e+00
6                                      3.9901949660243083e+00
7                                      3.9896819915578408e+00
8                                      2.2625402287188106e+00
9                                      3.8079890202020072e+00
10                                     2.2741303751681139e+00
11                                     4.9784176954973871e+00
12                                     2.0698494499820539e+00
13                                     2.1803015766445615e+00
14                                     3.9881622581514269e+00
15                                     4.0021768769594646e+00
16                                     2.1630673274624117e+00
17                                     4.0065804897234258e+00
18                                     3.9877200491625029e+00
19                                     9.5980489373874744e-01
20                                     9.5865210185015348e-01
21                                     9.5445381039033317e-01
22                                     9.6329993386005786e-01
23                                     9.9673520591024811e-01
24                                     9.7891035203816845e-01
25                                     9.5721340118192022e-01
26                                     9.8132435921018657e-01
27                                     9.5413732531870854e-01
28                                     9.6089229521212238e-01
29                                     9.3322442509657377e-01
30                                     9.9751726815959785e-01
31                                     9.5386570807021520e-01
32                                     9.7991811331695411e-01
33                                     9.7740055881602317e-01
34                                     9.6034645261516749e-01
35                                     9.5358823217135635e-01
36                                     9.4934206593334780e-01
37                                     9.7968674899831898e-01
38                                     9.8086284481476893e-01
39                                     9.6024393593591217e-01
40                                     9.5485608345806539e-01
   &FA [&Type "ArrayOfDoubles", &Dim (41,1)] "Mayer's free valence"
                                                         0

0                                      0.0000000000000000e+00
1                                      0.0000000000000000e+00
2                                      0.0000000000000000e+00
3                                      0.0000000000000000e+00
4                                      0.0000000000000000e+00
5                                      0.0000000000000000e+00
6                                      0.0000000000000000e+00
7                                      0.0000000000000000e+00
8                                      0.0000000000000000e+00
9                                      0.0000000000000000e+00
10                                     0.0000000000000000e+00
11                                     0.0000000000000000e+00
12                                     0.0000000000000000e+00
13                                     0.0000000000000000e+00
14                                     0.0000000000000000e+00
15                                     0.0000000000000000e+00
16                                     0.0000000000000000e+00
17                                     0.0000000000000000e+00
18                                     0.0000000000000000e+00
19                                     0.0000000000000000e+00
20                                     0.0000000000000000e+00
21                                     0.0000000000000000e+00
22                                     0.0000000000000000e+00
23                                     0.0000000000000000e+00
24                                     0.0000000000000000e+00
25                                     0.0000000000000000e+00
26                                     0.0000000000000000e+00
27                                     0.0000000000000000e+00
28                                     0.0000000000000000e+00
29                                     0.0000000000000000e+00
30                                     0.0000000000000000e+00
31                                     0.0000000000000000e+00
32                                     0.0000000000000000e+00
33                                     0.0000000000000000e+00
34                                     0.0000000000000000e+00
35                                     0.0000000000000000e+00
36                                     0.0000000000000000e+00
37                                     0.0000000000000000e+00
38                                     0.0000000000000000e+00
39                                     0.0000000000000000e+00
40                                     0.0000000000000000e+00
$End
$VdW_Correction
   &GeometryIndex 1
   &ListStatus       OUT
   &VDW [&Type "Double"]      -6.7149088631792600e-02
$End
$Calculation_Info
   &GeometryIndex 1
   &ListStatus       OUT
   &MULT [&Type "Integer"] 1
   &CHARGE [&Type "Integer"] 0
   &NUMOFATOMS [&Type "Integer"] 41
   &NUMOFELECTRONS [&Type "Integer"] 202
   &NUMOFFCELECTRONS [&Type "Integer"] 1
   &NUMOFCORRELECTRONS [&Type "Integer"] 0
   &NUMOFBASISFUNCTS [&Type "Integer"] 334
   &NUMOFAUXCBASISFUNCTS [&Type "Integer"] 0
   &NUMOFAUXJBASISFUNCTS [&Type "Integer"] 1185
   &NUMOFAUXJKBASISFUNCTS [&Type "Integer"] 0
   &NUMOFCABSBASISFUNCTS [&Type "Integer"] 0
   &TOTALENERGY [&Type "Double"]      -2.9295223773268053e+03  "Hartrees"
$End
$SCF_Dipole_Moment
   &GeometryIndex 1
   &ListStatus       OUT
   &METHOD [&Type "String"] "SCF"
   &LEVEL [&Type "String"] "Relaxed density"
   &MULT [&Type "Integer"] 1
   &STATE [&Type "Integer"] -1
   &IRREP [&Type "Integer"] 0
   &NATOMS [&Type "Integer"] 41
   &DODIPOLEATOM [&Type "Boolean"] false
   &DIPOLEELECCONTRIB [&Type "ArrayOfDoubles", &Dim (3,1)] "Electronic contribution"
                                                         0

0                                     -6.6277989293574722e+00
1                                     -4.9253326433688978e+00
2                                     -9.3321575027869201e+00
   &DIPOLENUCCONTRIB [&Type "ArrayOfDoubles", &Dim (3,1)] "Nuclear contribution"
                                                         0

0                                      6.3604285990596559e+00
1                                      4.3907992163989844e+00
2                                      1.0423044794537358e+01
   &DIPOLETOTAL [&Type "ArrayOfDoubles", &Dim (3,1)] "Total"
                                                         0

0                                     -2.6737033029781632e-01
1                                     -5.3453342696991335e-01
2                                      1.0908872917504375e+00
   &DIPOLEMAGNITUDE [&Type "Double", &Units "a.u."]       1.2438842234606753e+00
$End
