*************************************************
******************* ORCA 6.0.0 ******************
*************************************************
$Calculation_Status
   &GeometryIndex 1
   &ListStatus       OUT
   &VERSION [&Type "String"] "6.0.0"
   &PROGNAME [&Type "String"] "LeanSCF"
   &STATUS [&Type "String"] "NORMAL TERMINATION"
$End
$Geometry
   &GeometryIndex 1
   &ListStatus       OUT
   &NATOMS [&Type "Integer"] 41
   &NCORELESSECP [&Type "Integer"] 0
   &NGHOSTATOMS [&Type "Integer"] 0
   &CartesianCoordinates [&Type "Coordinates", &Dim(41,4), &Units "Bohr"] 
              C     10.366157563404   -2.885571174929   -2.892938710679
              C      9.245471063686   -0.494723325181   -1.784654936735
              O      6.949171082053   -1.147107916552   -0.455109126626
              P      4.442225448356    0.460392923351   -0.709244686115
              S      3.598176603480    1.504710945050   -4.171242377182
              O      5.037862555654    2.719504406706    1.184725006608
              C      3.487423859067    4.931223438710    1.486049979980
              C      1.853774383918    4.709620643917    3.828133698743
              S      1.998922015176   -2.019604084298    1.195609189656
              C      0.139701629512   -3.121893584395   -1.507904556705
              S     -3.084743940209   -3.739480007760   -0.637577319862
              P     -4.075913204254   -0.001949316002    0.530876921556
              S     -2.548988925531    2.794063936824   -1.349551511665
              O     -3.326873824282    0.230141055945    3.402986827390
              C     -4.171881835184   -1.514499079948    5.338361096418
              C     -6.344418804970   -0.383440047526    6.820306998849
              O     -7.069670751540   -0.148803944624    0.673872109771
              C     -8.696005446801   -1.088865146235   -1.295646977319
              C     -8.230318647871    0.178549876144   -3.818156699135
              H     10.668760160017   -4.268938629570   -1.407282930783
              H      9.090537393804   -3.678222475516   -4.294014032274
              H     12.156803833382   -2.438956448911   -3.786876621799
              H      8.795282845707    0.878133230819   -3.266082777738
              H     10.511984064791    0.373201309320   -0.406812291655
              H      4.825583941159    6.492396136328    1.653500178723
              H      2.331510684792    5.195099309987   -0.210404751478
              H      0.878077326105    6.487611853558    4.132429659669
              H      0.450970021114    3.224265122418    3.590690433747
              H      3.020950038713    4.274141752752    5.459829957873
              H      0.907681529677   -4.902850698795   -2.185156319024
              H      0.208294691969   -1.665346436652   -2.973756050937
              H     -4.715306352320   -3.297472938235    4.446686537690
              H     -2.513354470939   -1.813899707026    6.527886117578
              H     -5.778159461975    1.411782202223    7.640043355208
              H     -7.956512870473   -0.066820150122    5.587838601174
              H     -6.878202862691   -1.676639329858    8.320364800942
              H     -8.413701906405   -3.130406498272   -1.440641340826
              H    -10.592804059547   -0.687010966077   -0.592582136913
              H     -8.389038786575    2.219888692814   -3.638011122559
              H     -6.338714599549   -0.264184454106   -4.499503699997
              H     -9.604144880364   -0.492348897521   -5.184934229716
$End
$SCF_Energy
   &GeometryIndex 1
   &ListStatus       OUT
   &SCF_ENERGY [&Type "Double"]      -2.9296378210021080e+03
$End
$DFT_Energy
   &GeometryIndex 1
   &ListStatus       OUT
   &NALPHAEL [&Type "Integer"] 101
   &NBETAEL [&Type "Integer"] 101
   &NTOTALEL [&Type "Integer"] 202
   &EEXCHANGE [&Type "Double"]      -2.3180599163714109e+02
   &ECORR [&Type "Double"]      -7.2942496647469337e+00
   &ECNL [&Type "Double"]       0.0000000000000000e+00
   &EXC [&Type "Double"]      -2.3910024130188802e+02
   &EEMBED [&Type "Double"]       0.0000000000000000e+00
   &FINALEN [&Type "Double"]      -2.9296378210021080e+03  "No Van der Waals correction"
$End
$Mulliken_Population_Analysis
   &GeometryIndex 1
   &ListStatus       OUT
   &NATOMS [&Type "Integer"] 41
   &ATNO [&Type "ArrayOfIntegers", &Dim (41,1)] 
                                                         0

0                                                        6
1                                                        6
2                                                        8
3                                                       15
4                                                       16
5                                                        8
6                                                        6
7                                                        6
8                                                       16
9                                                        6
10                                                      16
11                                                      15
12                                                      16
13                                                       8
14                                                       6
15                                                       6
16                                                       8
17                                                       6
18                                                       6
19                                                       1
20                                                       1
21                                                       1
22                                                       1
23                                                       1
24                                                       1
25                                                       1
26                                                       1
27                                                       1
28                                                       1
29                                                       1
30                                                       1
31                                                       1
32                                                       1
33                                                       1
34                                                       1
35                                                       1
36                                                       1
37                                                       1
38                                                       1
39                                                       1
40                                                       1
   &ATOMICCHARGES [&Type "ArrayOfDoubles", &Dim (41,1)] 
                                                         0

0                                     -2.8089985924388117e-01
1                                     -4.6752260338305263e-03
2                                     -3.7203921922677452e-01
3                                      6.2355161841181328e-01
4                                     -3.2033091035343375e-01
5                                     -3.7857980888828813e-01
6                                     -9.0121181167157616e-03
7                                     -3.1409353584603128e-01
8                                     -1.0048042713688332e-01
9                                     -3.4702697379779046e-01
10                                    -1.2168631057638990e-01
11                                     5.9012458691871927e-01
12                                    -2.9176746874855297e-01
13                                    -3.4294259050239440e-01
14                                    -7.9804147472186671e-03
15                                    -2.8681302668339992e-01
16                                    -3.7714837219638220e-01
17                                    -1.2044498687751926e-02
18                                    -3.1084828096441619e-01
19                                     1.1558981971319882e-01
20                                     1.1613293360751231e-01
21                                     1.0825916288863535e-01
22                                     1.0365602759716475e-01
23                                     1.0320881250597624e-01
24                                     9.7262598703566905e-02
25                                     1.1901860759294558e-01
26                                     1.0398028857578545e-01
27                                     1.4719680363484344e-01
28                                     1.0142674461049528e-01
29                                     1.8159697190086987e-01
30                                     2.1329876601537490e-01
31                                     9.7167838971799148e-02
32                                     1.1165007655214776e-01
33                                     1.2069376226067907e-01
34                                     1.1954031755128880e-01
35                                     1.0949287974424204e-01
36                                     1.1351704668529805e-01
37                                     1.1003838732957205e-01
38                                     1.2898269022719933e-01
39                                     1.3067455424013397e-01
40                                     1.1230774551098432e-01
$End
$Loewdin_Population_Analysis
   &GeometryIndex 1
   &ListStatus       OUT
   &NATOMS [&Type "Integer"] 41
   &ATNO [&Type "ArrayOfIntegers", &Dim (41,1)] 
                                                         0

0                                                        6
1                                                        6
2                                                        8
3                                                       15
4                                                       16
5                                                        8
6                                                        6
7                                                        6
8                                                       16
9                                                        6
10                                                      16
11                                                      15
12                                                      16
13                                                       8
14                                                       6
15                                                       6
16                                                       8
17                                                       6
18                                                       6
19                                                       1
20                                                       1
21                                                       1
22                                                       1
23                                                       1
24                                                       1
25                                                       1
26                                                       1
27                                                       1
28                                                       1
29                                                       1
30                                                       1
31                                                       1
32                                                       1
33                                                       1
34                                                       1
35                                                       1
36                                                       1
37                                                       1
38                                                       1
39                                                       1
40                                                       1
   &ATOMICCHARGES [&Type "ArrayOfDoubles", &Dim (41,1)] 
                                                         0

0                                      3.0768874330279151e-03
1                                      4.5413564256786207e-02
2                                      3.5691527190477879e-01
3                                      4.2812159486825860e-02
4                                      1.1073305804828131e-04
5                                      4.5695638895744017e-01
6                                      9.0980163274301251e-02
7                                      1.8003484117584060e-03
8                                      5.1621312807853916e-04
9                                      1.4724961261935795e-04
10                                     3.5024233074609989e-05
11                                     1.9727709062107287e-05
12                                     3.1118596934932849e-05
13                                     5.2099265450133144e-05
14                                     2.2517242717291713e-06
15                                     3.8380631481336632e-07
16                                     6.5061522401569397e-05
17                                     1.3797874311076173e-05
18                                     1.3262014515402520e-06
19                                     1.0422784053063164e-06
20                                     5.8636436307334947e-07
21                                     6.1399447743984669e-05
22                                     1.2623507987001640e-04
23                                     1.3772729000346051e-05
24                                     4.5879465240023231e-04
25                                     2.7341237007377425e-04
26                                     8.4114848674094801e-05
27                                     1.4140053268841861e-06
28                                     4.7906164130586262e-06
29                                     1.9130604946145469e-05
30                                     3.8449147765623939e-06
31                                     9.4069156241891239e-08
32                                     1.1166570824579545e-06
33                                     4.6518134629155198e-08
34                                     1.8312179417924240e-09
35                                     2.9032552070824013e-08
36                                     2.5371015777663663e-08
37                                     2.0395608236327669e-07
38                                     3.2935094704232278e-08
39                                     1.0161559068669933e-07
40                                     3.9645140876067867e-08
$End
$Mayer_Population_Analysis
   &GeometryIndex 1
   &ListStatus       OUT
   &NATOMS [&Type "Integer"] 41 "Total number of atoms"
   &BONDTHRESH [&Type "Double"]       1.0000000000000001e-01  "The threshold for printing"
   &NBONDORDERSPRINT [&Type "Integer"] 42 "The number of bond orders larger than threshold"
   &BONDORDERS [&Type "ArrayOfDoubles", &Dim (42,1)] "The bond orders"
                                                         0

0                                      1.1652621548814575e+00
1                                      9.5016827500604017e-01
2                                      9.4996736864750508e-01
3                                      9.4189177670408120e-01
4                                      8.9881112694865251e-01
5                                      9.0420622103570614e-01
6                                      9.3331075391570173e-01
7                                      1.1288097858879576e+00
8                                      1.6168849984010902e+00
9                                      1.1194026458666988e+00
10                                     9.6223112484598039e-01
11                                     1.1872819225620518e-01
12                                     9.0063902787131012e-01
13                                     1.1711106277461485e+00
14                                     9.3480228390092601e-01
15                                     9.0468346639904107e-01
16                                     9.4034042876087331e-01
17                                     9.2333115282736145e-01
18                                     9.4613862248410796e-01
19                                     9.9177748992476555e-01
20                                     1.0077895944335795e+00
21                                     9.0882446873410794e-01
22                                     8.4587754911490176e-01
23                                     9.3009640216847123e-01
24                                     1.0981920697174968e-01
25                                     1.6627583926474703e+00
26                                     1.1188978803671079e+00
27                                     1.0819134507065893e+00
28                                     8.8868506947027803e-01
29                                     1.1649339261616738e+00
30                                     9.1230254578376302e-01
31                                     9.3409586679633672e-01
32                                     9.4750753711773594e-01
33                                     9.4336198141791927e-01
34                                     9.4061122955531817e-01
35                                     9.1041405644752627e-01
36                                     1.1672267663751705e+00
37                                     9.2652899012059320e-01
38                                     9.3283881650083034e-01
39                                     9.4247298329206353e-01
40                                     9.3204220480863742e-01
41                                     9.3454420900760826e-01
   &COMPONENTS [&Type "ArrayOfIntegers", &Dim (42,4)] "The indices and atomic numbers of the bonding atoms"
                                                         0                           1                           2                           3

0                                                        0                           6                           1                           6
1                                                        0                           6                          19                           1
2                                                        0                           6                          20                           1
3                                                        0                           6                          21                           1
4                                                        1                           6                           2                           8
5                                                        1                           6                          22                           1
6                                                        1                           6                          23                           1
7                                                        2                           8                           3                          15
8                                                        3                          15                           4                          16
9                                                        3                          15                           5                           8
10                                                       3                          15                           8                          16
11                                                       4                          16                           8                          16
12                                                       5                           8                           6                           6
13                                                       6                           6                           7                           6
14                                                       6                           6                          24                           1
15                                                       6                           6                          25                           1
16                                                       7                           6                          26                           1
17                                                       7                           6                          27                           1
18                                                       7                           6                          28                           1
19                                                       8                          16                           9                           6
20                                                       9                           6                          10                          16
21                                                       9                           6                          29                           1
22                                                       9                           6                          30                           1
23                                                      10                          16                          11                          15
24                                                      10                          16                          12                          16
25                                                      11                          15                          12                          16
26                                                      11                          15                          13                           8
27                                                      11                          15                          16                           8
28                                                      13                           8                          14                           6
29                                                      14                           6                          15                           6
30                                                      14                           6                          31                           1
31                                                      14                           6                          32                           1
32                                                      15                           6                          33                           1
33                                                      15                           6                          34                           1
34                                                      15                           6                          35                           1
35                                                      16                           8                          17                           6
36                                                      17                           6                          18                           6
37                                                      17                           6                          36                           1
38                                                      17                           6                          37                           1
39                                                      18                           6                          38                           1
40                                                      18                           6                          39                           1
41                                                      18                           6                          40                           1
   &ATNO [&Type "ArrayOfIntegers", &Dim (41,1)] "Atomic number of the elements"
                                                         0

0                                                        6
1                                                        6
2                                                        8
3                                                       15
4                                                       16
5                                                        8
6                                                        6
7                                                        6
8                                                       16
9                                                        6
10                                                      16
11                                                      15
12                                                      16
13                                                       8
14                                                       6
15                                                       6
16                                                       8
17                                                       6
18                                                       6
19                                                       1
20                                                       1
21                                                       1
22                                                       1
23                                                       1
24                                                       1
25                                                       1
26                                                       1
27                                                       1
28                                                       1
29                                                       1
30                                                       1
31                                                       1
32                                                       1
33                                                       1
34                                                       1
35                                                       1
36                                                       1
37                                                       1
38                                                       1
39                                                       1
40                                                       1
   &NA [&Type "ArrayOfDoubles", &Dim (41,1)] "Mulliken gross atomic population"
                                                         0

0                                      6.2808998592438936e+00
1                                      6.0046752260338332e+00
2                                      8.3720392192267656e+00
3                                      1.4376448381588236e+01
4                                      1.6320330910353405e+01
5                                      8.3785798088883183e+00
6                                      6.0090121181167087e+00
7                                      6.3140935358460339e+00
8                                      1.6100480427136972e+01
9                                      6.3470269737977958e+00
10                                     1.6121686310576465e+01
11                                     1.4409875413081311e+01
12                                     1.6291767468748560e+01
13                                     8.3429425905023766e+00
14                                     6.0079804147472107e+00
15                                     6.2868130266833866e+00
16                                     8.3771483721963964e+00
17                                     6.0120444986877679e+00
18                                     6.3108482809644144e+00
19                                     8.8441018028680118e-01
20                                     8.8386706639248724e-01
21                                     8.9174083711136432e-01
22                                     8.9634397240283492e-01
23                                     8.9679118749402231e-01
24                                     9.0273740129643298e-01
25                                     8.8098139240705475e-01
26                                     8.9601971142421521e-01
27                                     8.5280319636515689e-01
28                                     8.9857325538950550e-01
29                                     8.1840302809912946e-01
30                                     7.8670123398462566e-01
31                                     9.0283216102820074e-01
32                                     8.8834992344785269e-01
33                                     8.7930623773932082e-01
34                                     8.8045968244871231e-01
35                                     8.9050712025575818e-01
36                                     8.8648295331470228e-01
37                                     8.8996161267042828e-01
38                                     8.7101730977280101e-01
39                                     8.6932544575986570e-01
40                                     8.8769225448901568e-01
   &ZA [&Type "ArrayOfDoubles", &Dim (41,1)] "Total nuclear charge"
                                                         0

0                                      6.0000000000000000e+00
1                                      6.0000000000000000e+00
2                                      8.0000000000000000e+00
3                                      1.5000000000000000e+01
4                                      1.6000000000000000e+01
5                                      8.0000000000000000e+00
6                                      6.0000000000000000e+00
7                                      6.0000000000000000e+00
8                                      1.6000000000000000e+01
9                                      6.0000000000000000e+00
10                                     1.6000000000000000e+01
11                                     1.5000000000000000e+01
12                                     1.6000000000000000e+01
13                                     8.0000000000000000e+00
14                                     6.0000000000000000e+00
15                                     6.0000000000000000e+00
16                                     8.0000000000000000e+00
17                                     6.0000000000000000e+00
18                                     6.0000000000000000e+00
19                                     1.0000000000000000e+00
20                                     1.0000000000000000e+00
21                                     1.0000000000000000e+00
22                                     1.0000000000000000e+00
23                                     1.0000000000000000e+00
24                                     1.0000000000000000e+00
25                                     1.0000000000000000e+00
26                                     1.0000000000000000e+00
27                                     1.0000000000000000e+00
28                                     1.0000000000000000e+00
29                                     1.0000000000000000e+00
30                                     1.0000000000000000e+00
31                                     1.0000000000000000e+00
32                                     1.0000000000000000e+00
33                                     1.0000000000000000e+00
34                                     1.0000000000000000e+00
35                                     1.0000000000000000e+00
36                                     1.0000000000000000e+00
37                                     1.0000000000000000e+00
38                                     1.0000000000000000e+00
39                                     1.0000000000000000e+00
40                                     1.0000000000000000e+00
   &QA [&Type "ArrayOfDoubles", &Dim (41,1)] "Mulliken gross atomic charge"
                                                         0

0                                     -2.8089985924389360e-01
1                                     -4.6752260338331908e-03
2                                     -3.7203921922676564e-01
3                                      6.2355161841176354e-01
4                                     -3.2033091035340533e-01
5                                     -3.7857980888831833e-01
6                                     -9.0121181167086561e-03
7                                     -3.1409353584603394e-01
8                                     -1.0048042713697214e-01
9                                     -3.4702697379779579e-01
10                                    -1.2168631057646451e-01
11                                     5.9012458691868908e-01
12                                    -2.9176746874856008e-01
13                                    -3.4294259050237663e-01
14                                    -7.9804147472106735e-03
15                                    -2.8681302668338660e-01
16                                    -3.7714837219639641e-01
17                                    -1.2044498687767913e-02
18                                    -3.1084828096441441e-01
19                                     1.1558981971319882e-01
20                                     1.1613293360751276e-01
21                                     1.0825916288863568e-01
22                                     1.0365602759716508e-01
23                                     1.0320881250597769e-01
24                                     9.7262598703567016e-02
25                                     1.1901860759294525e-01
26                                     1.0398028857578479e-01
27                                     1.4719680363484311e-01
28                                     1.0142674461049450e-01
29                                     1.8159697190087054e-01
30                                     2.1329876601537434e-01
31                                     9.7167838971799259e-02
32                                     1.1165007655214731e-01
33                                     1.2069376226067918e-01
34                                     1.1954031755128769e-01
35                                     1.0949287974424182e-01
36                                     1.1351704668529772e-01
37                                     1.1003838732957172e-01
38                                     1.2898269022719899e-01
39                                     1.3067455424013430e-01
40                                     1.1230774551098432e-01
   &VA [&Type "ArrayOfDoubles", &Dim (41,1)] "Mayer's total valence"
                                                         0

0                                      4.0015531960766344e+00
1                                      3.9827401062637677e+00
2                                      2.1522923651581332e+00
3                                      4.9872759935991517e+00
4                                      2.0855872891340077e+00
5                                      2.1809573665925623e+00
6                                      3.9907616756086335e+00
7                                      3.9844380398775741e+00
8                                      2.2488905839623810e+00
9                                      3.8101440304489254e+00
10                                     2.2776079438940124e+00
11                                     4.9564135234483295e+00
12                                     2.0639144029637615e+00
13                                     2.1875446534928784e+00
14                                     4.0048822098583656e+00
15                                     3.9943981419828458e+00
16                                     2.1744916044289182e+00
17                                     4.0164273586332566e+00
18                                     3.9905031631378010e+00
19                                     9.5870095115506870e-01
20                                     9.6467936324798020e-01
21                                     9.5504028171009170e-01
22                                     9.9620094932554304e-01
23                                     9.4817109420695433e-01
24                                     9.4805603422964535e-01
25                                     9.9091197433855172e-01
26                                     9.5846511221666308e-01
27                                     1.0006673658533753e+00
28                                     9.5849116375426524e-01
29                                     9.3092930177827959e-01
30                                     9.9111684763337515e-01
31                                     9.7705956420377627e-01
32                                     9.5014020301437485e-01
33                                     9.5746444357025629e-01
34                                     9.7868103757700031e-01
35                                     9.5440227921229859e-01
36                                     9.5065420892857622e-01
37                                     9.4626555407869606e-01
38                                     9.6625309124622272e-01
39                                     9.8440260136221491e-01
40                                     9.5271122316884926e-01
   &BVA [&Type "ArrayOfDoubles", &Dim (41,1)] "Mayer's bonded valence"
                                                         0

0                                      4.0015531960766522e+00
1                                      3.9827401062637624e+00
2                                      2.1522923651581283e+00
3                                      4.9872759935990567e+00
4                                      2.0855872891340064e+00
5                                      2.1809573665924580e+00
6                                      3.9907616756086681e+00
7                                      3.9844380398775359e+00
8                                      2.2488905839622730e+00
9                                      3.8101440304489405e+00
10                                     2.2776079438938233e+00
11                                     4.9564135234482025e+00
12                                     2.0639144029637824e+00
13                                     2.1875446534928740e+00
14                                     4.0048822098583710e+00
15                                     3.9943981419828880e+00
16                                     2.1744916044288858e+00
17                                     4.0164273586332007e+00
18                                     3.9905031631378134e+00
19                                     9.5870095115507270e-01
20                                     9.6467936324797943e-01
21                                     9.5504028171010080e-01
22                                     9.9620094932553649e-01
23                                     9.4817109420695089e-01
24                                     9.4805603422963236e-01
25                                     9.9091197433854761e-01
26                                     9.5846511221665842e-01
27                                     1.0006673658533700e+00
28                                     9.5849116375426258e-01
29                                     9.3092930177828559e-01
30                                     9.9111684763337393e-01
31                                     9.7705956420378137e-01
32                                     9.5014020301437185e-01
33                                     9.5746444357026417e-01
34                                     9.7868103757699976e-01
35                                     9.5440227921229159e-01
36                                     9.5065420892857022e-01
37                                     9.4626555407869439e-01
38                                     9.6625309124622061e-01
39                                     9.8440260136221069e-01
40                                     9.5271122316886070e-01
   &FA [&Type "ArrayOfDoubles", &Dim (41,1)] "Mayer's free valence"
                                                         0

0                                      0.0000000000000000e+00
1                                      0.0000000000000000e+00
2                                      0.0000000000000000e+00
3                                      0.0000000000000000e+00
4                                      0.0000000000000000e+00
5                                      0.0000000000000000e+00
6                                      0.0000000000000000e+00
7                                      0.0000000000000000e+00
8                                      0.0000000000000000e+00
9                                      0.0000000000000000e+00
10                                     0.0000000000000000e+00
11                                     0.0000000000000000e+00
12                                     0.0000000000000000e+00
13                                     0.0000000000000000e+00
14                                     0.0000000000000000e+00
15                                     0.0000000000000000e+00
16                                     0.0000000000000000e+00
17                                     0.0000000000000000e+00
18                                     0.0000000000000000e+00
19                                     0.0000000000000000e+00
20                                     0.0000000000000000e+00
21                                     0.0000000000000000e+00
22                                     0.0000000000000000e+00
23                                     0.0000000000000000e+00
24                                     0.0000000000000000e+00
25                                     0.0000000000000000e+00
26                                     0.0000000000000000e+00
27                                     0.0000000000000000e+00
28                                     0.0000000000000000e+00
29                                     0.0000000000000000e+00
30                                     0.0000000000000000e+00
31                                     0.0000000000000000e+00
32                                     0.0000000000000000e+00
33                                     0.0000000000000000e+00
34                                     0.0000000000000000e+00
35                                     0.0000000000000000e+00
36                                     0.0000000000000000e+00
37                                     0.0000000000000000e+00
38                                     0.0000000000000000e+00
39                                     0.0000000000000000e+00
40                                     0.0000000000000000e+00
$End
$VdW_Correction
   &GeometryIndex 1
   &ListStatus       OUT
   &VDW [&Type "Double"]      -6.5125424952282587e-02
$End
$Calculation_Info
   &GeometryIndex 1
   &ListStatus       OUT
   &MULT [&Type "Integer"] 1
   &CHARGE [&Type "Integer"] 0
   &NUMOFATOMS [&Type "Integer"] 41
   &NUMOFELECTRONS [&Type "Integer"] 202
   &NUMOFFCELECTRONS [&Type "Integer"] 1
   &NUMOFCORRELECTRONS [&Type "Integer"] 0
   &NUMOFBASISFUNCTS [&Type "Integer"] 334
   &NUMOFAUXCBASISFUNCTS [&Type "Integer"] 0
   &NUMOFAUXJBASISFUNCTS [&Type "Integer"] 1185
   &NUMOFAUXJKBASISFUNCTS [&Type "Integer"] 0
   &NUMOFCABSBASISFUNCTS [&Type "Integer"] 0
   &TOTALENERGY [&Type "Double"]      -2.9295187155648605e+03  "Hartrees"
$End
$SCF_Dipole_Moment
   &GeometryIndex 1
   &ListStatus       OUT
   &METHOD [&Type "String"] "SCF"
   &LEVEL [&Type "String"] "Relaxed density"
   &MULT [&Type "Integer"] 1
   &STATE [&Type "Integer"] -1
   &IRREP [&Type "Integer"] 0
   &NATOMS [&Type "Integer"] 41
   &DODIPOLEATOM [&Type "Boolean"] false
   &DIPOLEELECCONTRIB [&Type "ArrayOfDoubles", &Dim (3,1)] "Electronic contribution"
                                                         0

0                                      3.1341589193630761e+00
1                                     -1.7526528351596369e+00
2                                     -6.0884173460672306e+00
   &DIPOLENUCCONTRIB [&Type "ArrayOfDoubles", &Dim (3,1)] "Nuclear contribution"
                                                         0

0                                     -3.8009595353750409e+00
1                                      8.9758269045497707e-01
2                                      6.8869252055031831e+00
   &DIPOLETOTAL [&Type "ArrayOfDoubles", &Dim (3,1)] "Total"
                                                         0

0                                     -6.6680061601196483e-01
1                                     -8.5507014470465981e-01
2                                      7.9850785943595248e-01
   &DIPOLEMAGNITUDE [&Type "Double", &Units "a.u."]       1.3466190313003044e+00
$End
