*************************************************
******************* ORCA 6.0.0 ******************
*************************************************
$Calculation_Status
   &GeometryIndex 1
   &ListStatus       OUT
   &VERSION [&Type "String"] "6.0.0"
   &PROGNAME [&Type "String"] "LeanSCF"
   &STATUS [&Type "String"] "NORMAL TERMINATION"
$End
$Geometry
   &GeometryIndex 1
   &ListStatus       OUT
   &NATOMS [&Type "Integer"] 41
   &NCORELESSECP [&Type "Integer"] 0
   &NGHOSTATOMS [&Type "Integer"] 0
   &CartesianCoordinates [&Type "Coordinates", &Dim(41,4), &Units "Bohr"] 
              C      3.488797406319   -1.793552983979   -5.508933733872
              C      6.118778696463   -1.274635347140   -4.503394371152
              O      6.333636254984   -1.824805901982   -1.850659201756
              P      4.993544965379   -0.185202142237    0.284123645240
              S      5.062354599334    3.483469547039   -0.158343981913
              O      6.508712806179   -0.984303507654    2.724177782016
              C      6.854134083839   -3.598548840978    3.496827509531
              C      5.312968004484   -4.146494730658    5.848486059410
              S      1.396511056049   -1.908322197481    0.701942466293
              C      0.027819883716    0.628044720346    2.602388592139
              S     -3.337843824707    0.291680565563    2.882299816540
              P     -4.394532624469    1.340619935199   -0.884481762364
              S     -1.745774966136    2.812561110637   -3.000234784299
              O     -6.690094309566    3.188790231577   -0.521497329952
              C     -8.865168213255    2.592268193120    1.049220306339
              C     -8.903494678533    4.299242266893    3.347784578802
              O     -5.771550440374   -1.072068020508   -2.041394632944
              C     -4.469039490944   -3.224889240189   -3.078172916844
              C     -4.216580970235   -5.317210723113   -1.136662155637
              H      2.876315551249   -3.678233147556   -4.965563341327
              H      2.157376516210   -0.407567404108   -4.768503529104
              H      3.505647390521   -1.644756114679   -7.554242725499
              H      6.638183584824    0.703751021697   -4.809001220735
              H      7.522044719362   -2.512170658806   -5.370140096414
              H      6.323737113226   -4.840893908544    1.937675896122
              H      8.874765491294   -3.771784187025    3.865661701440
              H      5.786204135164   -6.021407268156    6.532160217755
              H      5.745209726562   -2.767748798942    7.307544892802
              H      3.302183279423   -4.078500878247    5.432067185083
              H      0.483732888123    2.422391425016    1.687123170267
              H      0.789155490354    0.551990077839    4.510620303675
              H    -10.500736864218    2.921667706111   -0.161751536834
              H     -8.786472061291    0.603279906037    1.589264606656
              H     -7.281948337078    3.920343375643    4.550922761463
              H     -8.852923367675    6.266546118177    2.762302193618
              H    -10.623320381200    3.952434074814    4.409842353749
              H     -5.646048374227   -3.816111163758   -4.665744024826
              H     -2.621583243460   -2.618064879156   -3.782143282644
              H     -6.057242251414   -5.770262065725   -0.349238449618
              H     -3.441627289752   -6.981192605721   -2.049645155135
              H     -2.954362753495   -4.749964293577    0.383214890625
$End
$SCF_Energy
   &GeometryIndex 1
   &ListStatus       OUT
   &SCF_ENERGY [&Type "Double"]      -2.9296342070617761e+03
$End
$DFT_Energy
   &GeometryIndex 1
   &ListStatus       OUT
   &NALPHAEL [&Type "Integer"] 100
   &NBETAEL [&Type "Integer"] 100
   &NTOTALEL [&Type "Integer"] 201
   &EEXCHANGE [&Type "Double"]      -2.3180554547112840e+02
   &ECORR [&Type "Double"]      -7.2937429809062282e+00
   &ECNL [&Type "Double"]       0.0000000000000000e+00
   &EXC [&Type "Double"]      -2.3909928845203461e+02
   &EEMBED [&Type "Double"]       0.0000000000000000e+00
   &FINALEN [&Type "Double"]      -2.9296342070617761e+03  "No Van der Waals correction"
$End
$Mulliken_Population_Analysis
   &GeometryIndex 1
   &ListStatus       OUT
   &NATOMS [&Type "Integer"] 41
   &ATNO [&Type "ArrayOfIntegers", &Dim (41,1)] 
                                                         0

0                                                        6
1                                                        6
2                                                        8
3                                                       15
4                                                       16
5                                                        8
6                                                        6
7                                                        6
8                                                       16
9                                                        6
10                                                      16
11                                                      15
12                                                      16
13                                                       8
14                                                       6
15                                                       6
16                                                       8
17                                                       6
18                                                       6
19                                                       1
20                                                       1
21                                                       1
22                                                       1
23                                                       1
24                                                       1
25                                                       1
26                                                       1
27                                                       1
28                                                       1
29                                                       1
30                                                       1
31                                                       1
32                                                       1
33                                                       1
34                                                       1
35                                                       1
36                                                       1
37                                                       1
38                                                       1
39                                                       1
40                                                       1
   &ATOMICCHARGES [&Type "ArrayOfDoubles", &Dim (41,1)] 
                                                         0

0                                     -3.5982904730791709e-01
1                                      7.5511657799847143e-03
2                                     -3.8092302325808447e-01
3                                      6.0650370505015871e-01
4                                     -2.9612832477641859e-01
5                                     -3.6246994636225338e-01
6                                     -9.1215492546075083e-03
7                                     -2.9275583243580172e-01
8                                     -1.3388777509987904e-01
9                                     -3.3398162786260865e-01
10                                    -1.3036554914572918e-01
11                                     5.9279756062577427e-01
12                                    -2.7645070478065037e-01
13                                    -3.5443460615619848e-01
14                                    -2.2287802431042891e-02
15                                    -2.8513578928304018e-01
16                                    -3.7805693367006654e-01
17                                    -1.2983601064558314e-02
18                                    -3.0460505332106713e-01
19                                     1.0979999058568635e-01
20                                     1.7383647132718527e-01
21                                     1.1259367281409882e-01
22                                     1.1313638025001693e-01
23                                     1.0241076626780865e-01
24                                     1.0470591127264361e-01
25                                     1.1217877432530421e-01
26                                     1.0960149070835701e-01
27                                     1.2001540375584185e-01
28                                     1.1836428646205710e-01
29                                     2.1313735288952129e-01
30                                     1.7981175588532994e-01
31                                     1.1620950579273448e-01
32                                     1.0919098707104202e-01
33                                     1.2269015191592203e-01
34                                     1.2476162625252651e-01
35                                     1.1025848762508939e-01
36                                     1.0581128022510522e-01
37                                     1.1868283552980485e-01
38                                     1.1032729163535282e-01
39                                     1.0749078018267555e-01
40                                     1.3154953197985453e-01
$End
$Loewdin_Population_Analysis
   &GeometryIndex 1
   &ListStatus       OUT
   &NATOMS [&Type "Integer"] 41
   &ATNO [&Type "ArrayOfIntegers", &Dim (41,1)] 
                                                         0

0                                                        6
1                                                        6
2                                                        8
3                                                       15
4                                                       16
5                                                        8
6                                                        6
7                                                        6
8                                                       16
9                                                        6
10                                                      16
11                                                      15
12                                                      16
13                                                       8
14                                                       6
15                                                       6
16                                                       8
17                                                       6
18                                                       6
19                                                       1
20                                                       1
21                                                       1
22                                                       1
23                                                       1
24                                                       1
25                                                       1
26                                                       1
27                                                       1
28                                                       1
29                                                       1
30                                                       1
31                                                       1
32                                                       1
33                                                       1
34                                                       1
35                                                       1
36                                                       1
37                                                       1
38                                                       1
39                                                       1
40                                                       1
   &ATOMICCHARGES [&Type "ArrayOfDoubles", &Dim (41,1)] 
                                                         0

0                                      2.0539350098750155e-03
1                                      9.2703904314082985e-02
2                                      5.0156330952531625e-01
3                                      4.8365801204286255e-02
4                                      7.2304620611080028e-05
5                                      3.0754987168651216e-01
6                                      3.0966828805230058e-02
7                                      9.6415970591137820e-04
8                                      3.5055976836666382e-04
9                                      2.1094625360961158e-04
10                                     1.7396876429316298e-05
11                                     4.7048031153526672e-04
12                                     1.3623145740612746e-05
13                                     2.9355825692370698e-03
14                                     3.1436905172312930e-04
15                                     1.6778295132148742e-05
16                                     8.2706795110314181e-03
17                                     1.7844284001215663e-03
18                                     2.6080159794596979e-05
19                                     3.8917361441349707e-06
20                                     1.2343953635330893e-05
21                                     1.2735855542825349e-04
22                                     1.7339658511390514e-04
23                                     6.4280433390369839e-04
24                                     2.2982939295705028e-04
25                                     7.7238840573931933e-05
26                                     3.9552356860979735e-05
27                                     5.5872159777732550e-06
28                                     4.1051171792007718e-06
29                                     2.0298372902940288e-06
30                                     6.3772460346609292e-06
31                                     4.4733360692209280e-07
32                                     2.2650227982701114e-06
33                                     3.5844152833792044e-08
34                                     4.9084350574968152e-08
35                                     5.6852804397448591e-07
36                                     1.2565253891627854e-05
37                                     7.0807279930568732e-06
38                                     1.1706003494770142e-07
39                                     1.0812030103497518e-06
40                                     2.3555646931093455e-07
$End
$Mayer_Population_Analysis
   &GeometryIndex 1
   &ListStatus       OUT
   &NATOMS [&Type "Integer"] 41 "Total number of atoms"
   &BONDTHRESH [&Type "Double"]       1.0000000000000001e-01  "The threshold for printing"
   &NBONDORDERSPRINT [&Type "Integer"] 42 "The number of bond orders larger than threshold"
   &BONDORDERS [&Type "ArrayOfDoubles", &Dim (42,1)] "The bond orders"
                                                         0

0                                      1.1636384891741258e+00
1                                      9.4327294404440443e-01
2                                      9.1552472169137777e-01
3                                      9.3628549721019594e-01
4                                      9.0547279450120177e-01
5                                      9.1724776213594283e-01
6                                      9.3417425248332286e-01
7                                      1.0943051208134236e+00
8                                      1.6588032879561956e+00
9                                      1.1298902461019655e+00
10                                     9.4022867806427235e-01
11                                     1.1068689512023319e-01
12                                     8.9106255835320747e-01
13                                     1.1637911983661535e+00
14                                     9.1743686321159124e-01
15                                     9.3433921226938188e-01
16                                     9.3974176321970615e-01
17                                     9.4610631799092404e-01
18                                     9.3583225020527938e-01
19                                     9.7308422374655867e-01
20                                     1.0303721402077430e+00
21                                     8.5323374090272130e-01
22                                     9.0227305431987448e-01
23                                     9.0806017367699710e-01
24                                     1.1359700057292715e-01
25                                     1.6758787833633058e+00
26                                     1.1498614661840214e+00
27                                     1.0874490475988170e+00
28                                     8.8658233416800958e-01
29                                     1.1629616930346598e+00
30                                     9.3403936326644743e-01
31                                     9.1878252572215791e-01
32                                     9.4095242108710031e-01
33                                     9.4576499805033198e-01
34                                     9.3961975588306590e-01
35                                     9.0774005057521234e-01
36                                     1.1692293361160935e+00
37                                     9.3514220055490294e-01
38                                     9.0542616143762289e-01
39                                     9.4581214348661935e-01
40                                     9.3983358627100888e-01
41                                     9.2772926268338507e-01
   &COMPONENTS [&Type "ArrayOfIntegers", &Dim (42,4)] "The indices and atomic numbers of the bonding atoms"
                                                         0                           1                           2                           3

0                                                        0                           6                           1                           6
1                                                        0                           6                          19                           1
2                                                        0                           6                          20                           1
3                                                        0                           6                          21                           1
4                                                        1                           6                           2                           8
5                                                        1                           6                          22                           1
6                                                        1                           6                          23                           1
7                                                        2                           8                           3                          15
8                                                        3                          15                           4                          16
9                                                        3                          15                           5                           8
10                                                       3                          15                           8                          16
11                                                       4                          16                           8                          16
12                                                       5                           8                           6                           6
13                                                       6                           6                           7                           6
14                                                       6                           6                          24                           1
15                                                       6                           6                          25                           1
16                                                       7                           6                          26                           1
17                                                       7                           6                          27                           1
18                                                       7                           6                          28                           1
19                                                       8                          16                           9                           6
20                                                       9                           6                          10                          16
21                                                       9                           6                          29                           1
22                                                       9                           6                          30                           1
23                                                      10                          16                          11                          15
24                                                      10                          16                          12                          16
25                                                      11                          15                          12                          16
26                                                      11                          15                          13                           8
27                                                      11                          15                          16                           8
28                                                      13                           8                          14                           6
29                                                      14                           6                          15                           6
30                                                      14                           6                          31                           1
31                                                      14                           6                          32                           1
32                                                      15                           6                          33                           1
33                                                      15                           6                          34                           1
34                                                      15                           6                          35                           1
35                                                      16                           8                          17                           6
36                                                      17                           6                          18                           6
37                                                      17                           6                          36                           1
38                                                      17                           6                          37                           1
39                                                      18                           6                          38                           1
40                                                      18                           6                          39                           1
41                                                      18                           6                          40                           1
   &ATNO [&Type "ArrayOfIntegers", &Dim (41,1)] "Atomic number of the elements"
                                                         0

0                                                        6
1                                                        6
2                                                        8
3                                                       15
4                                                       16
5                                                        8
6                                                        6
7                                                        6
8                                                       16
9                                                        6
10                                                      16
11                                                      15
12                                                      16
13                                                       8
14                                                       6
15                                                       6
16                                                       8
17                                                       6
18                                                       6
19                                                       1
20                                                       1
21                                                       1
22                                                       1
23                                                       1
24                                                       1
25                                                       1
26                                                       1
27                                                       1
28                                                       1
29                                                       1
30                                                       1
31                                                       1
32                                                       1
33                                                       1
34                                                       1
35                                                       1
36                                                       1
37                                                       1
38                                                       1
39                                                       1
40                                                       1
   &NA [&Type "ArrayOfDoubles", &Dim (41,1)] "Mulliken gross atomic population"
                                                         0

0                                      6.3598290473079082e+00
1                                      5.9924488342200188e+00
2                                      8.3809230232581164e+00
3                                      1.4393496294949832e+01
4                                      1.6296128324776390e+01
5                                      8.3624699463622534e+00
6                                      6.0091215492545951e+00
7                                      6.2927558324358017e+00
8                                      1.6133887775099858e+01
9                                      6.3339816278626078e+00
10                                     1.6130365549145765e+01
11                                     1.4407202439374190e+01
12                                     1.6276450704780626e+01
13                                     8.3544346061561789e+00
14                                     6.0222878024310438e+00
15                                     6.2851357892830455e+00
16                                     8.3780569336700470e+00
17                                     6.0129836010645654e+00
18                                     6.3046050533210591e+00
19                                     8.9020000941431343e-01
20                                     8.2616352867281340e-01
21                                     8.8740632718590029e-01
22                                     8.8686361974998218e-01
23                                     8.9758923373219157e-01
24                                     8.9529408872735583e-01
25                                     8.8782122567469413e-01
26                                     8.9039850929164333e-01
27                                     8.7998459624415704e-01
28                                     8.8163571353794279e-01
29                                     7.8686264711047860e-01
30                                     8.2018824411467151e-01
31                                     8.8379049420726508e-01
32                                     8.9080901292895887e-01
33                                     8.7730984808407730e-01
34                                     8.7523837374747349e-01
35                                     8.8974151237491184e-01
36                                     8.9418871977489434e-01
37                                     8.8131716447019415e-01
38                                     8.8967270836464718e-01
39                                     8.9250921981732367e-01
40                                     8.6845046802014580e-01
   &ZA [&Type "ArrayOfDoubles", &Dim (41,1)] "Total nuclear charge"
                                                         0

0                                      6.0000000000000000e+00
1                                      6.0000000000000000e+00
2                                      8.0000000000000000e+00
3                                      1.5000000000000000e+01
4                                      1.6000000000000000e+01
5                                      8.0000000000000000e+00
6                                      6.0000000000000000e+00
7                                      6.0000000000000000e+00
8                                      1.6000000000000000e+01
9                                      6.0000000000000000e+00
10                                     1.6000000000000000e+01
11                                     1.5000000000000000e+01
12                                     1.6000000000000000e+01
13                                     8.0000000000000000e+00
14                                     6.0000000000000000e+00
15                                     6.0000000000000000e+00
16                                     8.0000000000000000e+00
17                                     6.0000000000000000e+00
18                                     6.0000000000000000e+00
19                                     1.0000000000000000e+00
20                                     1.0000000000000000e+00
21                                     1.0000000000000000e+00
22                                     1.0000000000000000e+00
23                                     1.0000000000000000e+00
24                                     1.0000000000000000e+00
25                                     1.0000000000000000e+00
26                                     1.0000000000000000e+00
27                                     1.0000000000000000e+00
28                                     1.0000000000000000e+00
29                                     1.0000000000000000e+00
30                                     1.0000000000000000e+00
31                                     1.0000000000000000e+00
32                                     1.0000000000000000e+00
33                                     1.0000000000000000e+00
34                                     1.0000000000000000e+00
35                                     1.0000000000000000e+00
36                                     1.0000000000000000e+00
37                                     1.0000000000000000e+00
38                                     1.0000000000000000e+00
39                                     1.0000000000000000e+00
40                                     1.0000000000000000e+00
   &QA [&Type "ArrayOfDoubles", &Dim (41,1)] "Mulliken gross atomic charge"
                                                         0

0                                     -3.5982904730790821e-01
1                                      7.5511657799811616e-03
2                                     -3.8092302325811644e-01
3                                      6.0650370505016760e-01
4                                     -2.9612832477639017e-01
5                                     -3.6246994636225338e-01
6                                     -9.1215492545950738e-03
7                                     -2.9275583243580172e-01
8                                     -1.3388777509985772e-01
9                                     -3.3398162786260777e-01
10                                    -1.3036554914576470e-01
11                                     5.9279756062580979e-01
12                                    -2.7645070478062550e-01
13                                    -3.5443460615617894e-01
14                                    -2.2287802431043779e-02
15                                    -2.8513578928304550e-01
16                                    -3.7805693367004700e-01
17                                    -1.2983601064565420e-02
18                                    -3.0460505332105914e-01
19                                     1.0979999058568657e-01
20                                     1.7383647132718660e-01
21                                     1.1259367281409971e-01
22                                     1.1313638025001782e-01
23                                     1.0241076626780843e-01
24                                     1.0470591127264417e-01
25                                     1.1217877432530587e-01
26                                     1.0960149070835667e-01
27                                     1.2001540375584296e-01
28                                     1.1836428646205721e-01
29                                     2.1313735288952140e-01
30                                     1.7981175588532849e-01
31                                     1.1620950579273492e-01
32                                     1.0919098707104113e-01
33                                     1.2269015191592270e-01
34                                     1.2476162625252651e-01
35                                     1.1025848762508816e-01
36                                     1.0581128022510566e-01
37                                     1.1868283552980585e-01
38                                     1.1032729163535282e-01
39                                     1.0749078018267633e-01
40                                     1.3154953197985420e-01
   &VA [&Type "ArrayOfDoubles", &Dim (41,1)] "Mayer's total valence"
                                                         0

0                                      3.9832808296133586e+00
1                                      3.9951295353622065e+00
2                                      2.1784539663493678e+00
3                                      4.9783111624893692e+00
4                                      2.0582915469695959e+00
5                                      2.1560300166127795e+00
6                                      4.0093951185001586e+00
7                                      3.9863544909014768e+00
8                                      2.2738146738362635e+00
9                                      3.8201862897112697e+00
10                                     2.2799491889640136e+00
11                                     4.9720190870859255e+00
12                                     2.0905723774851763e+00
13                                     2.1640689238152921e+00
14                                     4.0051830293751287e+00
15                                     3.9865626036557447e+00
16                                     2.1643308271653274e+00
17                                     3.9963442473790023e+00
18                                     3.9932401049183031e+00
19                                     9.5955696951618041e-01
20                                     9.7845388978796566e-01
21                                     9.5462624922127359e-01
22                                     9.8028300470862706e-01
23                                     9.4916710158271700e-01
24                                     9.7362437915271094e-01
25                                     9.4837350758429984e-01
26                                     9.5499838531758652e-01
27                                     9.5793641823158993e-01
28                                     9.8312150547647337e-01
29                                     9.8798818101925057e-01
30                                     9.3458749935091778e-01
31                                     9.4726157885451190e-01
32                                     9.6356025473831963e-01
33                                     9.7776735348077259e-01
34                                     9.5790953032351711e-01
35                                     9.5444832840380545e-01
36                                     9.4820558659100596e-01
37                                     9.9096736835039223e-01
38                                     9.6020492590447926e-01
39                                     9.5602082787243259e-01
40                                     9.8217206757367426e-01
   &BVA [&Type "ArrayOfDoubles", &Dim (41,1)] "Mayer's bonded valence"
                                                         0

0                                      3.9832808296133324e+00
1                                      3.9951295353621705e+00
2                                      2.1784539663492799e+00
3                                      4.9783111624894554e+00
4                                      2.0582915469696044e+00
5                                      2.1560300166127804e+00
6                                      4.0093951185001400e+00
7                                      3.9863544909014772e+00
8                                      2.2738146738363563e+00
9                                      3.8201862897112879e+00
10                                     2.2799491889640242e+00
11                                     4.9720190870861032e+00
12                                     2.0905723774852474e+00
13                                     2.1640689238153348e+00
14                                     4.0051830293751198e+00
15                                     3.9865626036557638e+00
16                                     2.1643308271653492e+00
17                                     3.9963442473789454e+00
18                                     3.9932401049183612e+00
19                                     9.5955696951617464e-01
20                                     9.7845388978795200e-01
21                                     9.5462624922127182e-01
22                                     9.8028300470863838e-01
23                                     9.4916710158271012e-01
24                                     9.7362437915271105e-01
25                                     9.4837350758430006e-01
26                                     9.5499838531757331e-01
27                                     9.5793641823157960e-01
28                                     9.8312150547646904e-01
29                                     9.8798818101925312e-01
30                                     9.3458749935091601e-01
31                                     9.4726157885450735e-01
32                                     9.6356025473832418e-01
33                                     9.7776735348077537e-01
34                                     9.5790953032352355e-01
35                                     9.5444832840381477e-01
36                                     9.4820558659099186e-01
37                                     9.9096736835039168e-01
38                                     9.6020492590448614e-01
39                                     9.5602082787244269e-01
40                                     9.8217206757367737e-01
   &FA [&Type "ArrayOfDoubles", &Dim (41,1)] "Mayer's free valence"
                                                         0

0                                      0.0000000000000000e+00
1                                      0.0000000000000000e+00
2                                      0.0000000000000000e+00
3                                      0.0000000000000000e+00
4                                      0.0000000000000000e+00
5                                      0.0000000000000000e+00
6                                      0.0000000000000000e+00
7                                      0.0000000000000000e+00
8                                      0.0000000000000000e+00
9                                      0.0000000000000000e+00
10                                     0.0000000000000000e+00
11                                     0.0000000000000000e+00
12                                     0.0000000000000000e+00
13                                     0.0000000000000000e+00
14                                     0.0000000000000000e+00
15                                     0.0000000000000000e+00
16                                     0.0000000000000000e+00
17                                     0.0000000000000000e+00
18                                     0.0000000000000000e+00
19                                     0.0000000000000000e+00
20                                     0.0000000000000000e+00
21                                     0.0000000000000000e+00
22                                     0.0000000000000000e+00
23                                     0.0000000000000000e+00
24                                     0.0000000000000000e+00
25                                     0.0000000000000000e+00
26                                     0.0000000000000000e+00
27                                     0.0000000000000000e+00
28                                     0.0000000000000000e+00
29                                     0.0000000000000000e+00
30                                     0.0000000000000000e+00
31                                     0.0000000000000000e+00
32                                     0.0000000000000000e+00
33                                     0.0000000000000000e+00
34                                     0.0000000000000000e+00
35                                     0.0000000000000000e+00
36                                     0.0000000000000000e+00
37                                     0.0000000000000000e+00
38                                     0.0000000000000000e+00
39                                     0.0000000000000000e+00
40                                     0.0000000000000000e+00
$End
$VdW_Correction
   &GeometryIndex 1
   &ListStatus       OUT
   &VDW [&Type "Double"]      -6.4854922345552291e-02
$End
$Calculation_Info
   &GeometryIndex 1
   &ListStatus       OUT
   &MULT [&Type "Integer"] 1
   &CHARGE [&Type "Integer"] 0
   &NUMOFATOMS [&Type "Integer"] 41
   &NUMOFELECTRONS [&Type "Integer"] 202
   &NUMOFFCELECTRONS [&Type "Integer"] 1
   &NUMOFCORRELECTRONS [&Type "Integer"] 0
   &NUMOFBASISFUNCTS [&Type "Integer"] 334
   &NUMOFAUXCBASISFUNCTS [&Type "Integer"] 0
   &NUMOFAUXJBASISFUNCTS [&Type "Integer"] 1185
   &NUMOFAUXJKBASISFUNCTS [&Type "Integer"] 0
   &NUMOFCABSBASISFUNCTS [&Type "Integer"] 0
   &TOTALENERGY [&Type "Double"]      -2.9295147905236217e+03  "Hartrees"
$End
$SCF_Dipole_Moment
   &GeometryIndex 1
   &ListStatus       OUT
   &METHOD [&Type "String"] "SCF"
   &LEVEL [&Type "String"] "Relaxed density"
   &MULT [&Type "Integer"] 1
   &STATE [&Type "Integer"] -1
   &IRREP [&Type "Integer"] 0
   &NATOMS [&Type "Integer"] 41
   &DODIPOLEATOM [&Type "Boolean"] false
   &DIPOLEELECCONTRIB [&Type "ArrayOfDoubles", &Dim (3,1)] "Electronic contribution"
                                                         0

0                                      5.8688278342859324e+00
1                                      1.4724966494172806e+01
2                                     -2.9977502556753852e+00
   &DIPOLENUCCONTRIB [&Type "ArrayOfDoubles", &Dim (3,1)] "Nuclear contribution"
                                                         0

0                                     -6.6369762788358226e+00
1                                     -1.6667113335611283e+01
2                                      3.4873270067502724e+00
   &DIPOLETOTAL [&Type "ArrayOfDoubles", &Dim (3,1)] "Total"
                                                         0

0                                     -7.6814844454989029e-01
1                                     -1.9421468414384773e+00
2                                      4.8957675107488718e-01
   &DIPOLEMAGNITUDE [&Type "Double", &Units "a.u."]       2.1451507596826174e+00
$End
