*************************************************
******************* ORCA 6.0.0 ******************
*************************************************
$Calculation_Status
   &GeometryIndex 1
   &ListStatus       OUT
   &VERSION [&Type "String"] "6.0.0"
   &PROGNAME [&Type "String"] "LeanSCF"
   &STATUS [&Type "String"] "NORMAL TERMINATION"
$End
$Geometry
   &GeometryIndex 1
   &ListStatus       OUT
   &NATOMS [&Type "Integer"] 41
   &NCORELESSECP [&Type "Integer"] 0
   &NGHOSTATOMS [&Type "Integer"] 0
   &CartesianCoordinates [&Type "Coordinates", &Dim(41,4), &Units "Bohr"] 
              C      2.603963681895   -4.401469206662    2.357905488992
              C      5.399404205217   -3.812439746566    2.522995736512
              O      5.940925534377   -1.193443449367    2.049238414450
              P      5.426637933114    0.150790533395   -0.594114860332
              S      5.988793813855   -1.914800165062   -3.609873673390
              O      7.316097767206    2.454467263760   -0.483817592641
              C      8.072146783726    3.794573307023    1.779451662374
              C      5.859725967529    4.998002266191    3.135209763531
              S      1.752413797221    1.840966467603   -0.312785806728
              C      0.260481322585    0.591066570884   -3.114908374636
              S     -1.824904175866   -2.066728392769   -2.494366214185
              P     -4.381170383071   -0.075772943300   -0.165191087086
              S     -5.136634819236    3.415643077877   -1.180264928277
              O     -3.158946822125   -0.460058991358    2.531832254840
              C     -3.612751180917    1.282174062220    4.580472232330
              C     -6.311585650164    1.117906199514    5.514577554417
              O     -6.754970881084   -1.903201025863   -0.020721228783
              C     -8.554589671469   -2.075346407356   -2.058594666803
              C    -10.939738329052   -3.277681223974   -1.026027046109
              H      1.963974199000   -4.239929929348    0.407894852829
              H      2.273525669718   -6.323336396610    2.992489171042
              H      1.513399880491   -3.106905657524    3.523884072390
              H      6.456274396011   -4.955664233017    1.162472673145
              H      6.132516168875   -4.123731587591    4.425072981360
              H      9.059273070926    2.467622377190    3.012650551072
              H      9.391219777142    5.209998549176    1.067328309196
              H      6.557011557899    6.068928291181    4.739965315698
              H      4.836325893403    6.255644005785    1.873889839446
              H      4.566239497847    3.546000639612    3.807674968794
              H      1.709186456472   -0.088910511568   -4.416737357810
              H     -0.845682609305    2.117728741758   -3.940125872575
              H     -2.262774219333    0.711293228424    6.029144853100
              H     -3.171936961519    3.193851599032    3.924450885879
              H     -6.770179496977   -0.818680204674    6.021012178011
              H     -6.545327952478    2.332141681167    7.151139512900
              H     -7.596079291875    1.739158146203    4.030446199963
              H     -8.915586421714   -0.170160691140   -2.783576675821
              H     -7.720750964172   -3.222275573201   -3.561690748653
              H    -11.746764439590   -2.099784248399    0.448682238721
              H    -12.300211013453   -3.486072107728   -2.545817960732
              H    -10.505821775393   -5.123762918117   -0.241523147247
$End
$SCF_Energy
   &GeometryIndex 1
   &ListStatus       OUT
   &SCF_ENERGY [&Type "Double"]      -2.9296424871174281e+03
$End
$DFT_Energy
   &GeometryIndex 1
   &ListStatus       OUT
   &NALPHAEL [&Type "Integer"] 101
   &NBETAEL [&Type "Integer"] 101
   &NTOTALEL [&Type "Integer"] 202
   &EEXCHANGE [&Type "Double"]      -2.3180535133195804e+02
   &ECORR [&Type "Double"]      -7.2932821092881115e+00
   &ECNL [&Type "Double"]       0.0000000000000000e+00
   &EXC [&Type "Double"]      -2.3909863344124614e+02
   &EEMBED [&Type "Double"]       0.0000000000000000e+00
   &FINALEN [&Type "Double"]      -2.9296424871174281e+03  "No Van der Waals correction"
$End
$Mulliken_Population_Analysis
   &GeometryIndex 1
   &ListStatus       OUT
   &NATOMS [&Type "Integer"] 41
   &ATNO [&Type "ArrayOfIntegers", &Dim (41,1)] 
                                                         0

0                                                        6
1                                                        6
2                                                        8
3                                                       15
4                                                       16
5                                                        8
6                                                        6
7                                                        6
8                                                       16
9                                                        6
10                                                      16
11                                                      15
12                                                      16
13                                                       8
14                                                       6
15                                                       6
16                                                       8
17                                                       6
18                                                       6
19                                                       1
20                                                       1
21                                                       1
22                                                       1
23                                                       1
24                                                       1
25                                                       1
26                                                       1
27                                                       1
28                                                       1
29                                                       1
30                                                       1
31                                                       1
32                                                       1
33                                                       1
34                                                       1
35                                                       1
36                                                       1
37                                                       1
38                                                       1
39                                                       1
40                                                       1
   &ATOMICCHARGES [&Type "ArrayOfDoubles", &Dim (41,1)] 
                                                         0

0                                     -3.3569375771127774e-01
1                                      5.3068891238261529e-03
2                                     -3.8901116391593504e-01
3                                      6.1597048097898544e-01
4                                     -3.1091678234801989e-01
5                                     -3.6325687124542938e-01
6                                      9.9022511165030025e-03
7                                     -3.3573003173830518e-01
8                                     -1.0295873782114384e-01
9                                     -3.5355033484622211e-01
10                                    -8.3184906276301263e-02
11                                     6.0560556716573188e-01
12                                    -3.3461719566118475e-01
13                                    -3.5361912922297734e-01
14                                    -5.1098731629721783e-03
15                                    -3.0702347676893549e-01
16                                    -3.7370417403749201e-01
17                                    -1.3147050486454148e-02
18                                    -2.8122622639706218e-01
19                                     1.3836189248340203e-01
20                                     1.0847900203725058e-01
21                                     1.2431738037885343e-01
22                                     1.1136519658356669e-01
23                                     1.0018817528614343e-01
24                                     1.0888144777325404e-01
25                                     1.1238770899037931e-01
26                                     1.1688874739348942e-01
27                                     1.3378765713724672e-01
28                                     1.2761929553537499e-01
29                                     1.9214296510427087e-01
30                                     1.9587708970565565e-01
31                                     1.0461623024092126e-01
32                                     1.1422045413617343e-01
33                                     1.1712577765492371e-01
34                                     1.1242113489023642e-01
35                                     1.2390716319726913e-01
36                                     1.0721382611183750e-01
37                                     1.0533920201722458e-01
38                                     1.1903933083383400e-01
39                                     1.1366116799109771e-01
40                                     1.1812367777225108e-01
$End
$Loewdin_Population_Analysis
   &GeometryIndex 1
   &ListStatus       OUT
   &NATOMS [&Type "Integer"] 41
   &ATNO [&Type "ArrayOfIntegers", &Dim (41,1)] 
                                                         0

0                                                        6
1                                                        6
2                                                        8
3                                                       15
4                                                       16
5                                                        8
6                                                        6
7                                                        6
8                                                       16
9                                                        6
10                                                      16
11                                                      15
12                                                      16
13                                                       8
14                                                       6
15                                                       6
16                                                       8
17                                                       6
18                                                       6
19                                                       1
20                                                       1
21                                                       1
22                                                       1
23                                                       1
24                                                       1
25                                                       1
26                                                       1
27                                                       1
28                                                       1
29                                                       1
30                                                       1
31                                                       1
32                                                       1
33                                                       1
34                                                       1
35                                                       1
36                                                       1
37                                                       1
38                                                       1
39                                                       1
40                                                       1
   &ATOMICCHARGES [&Type "ArrayOfDoubles", &Dim (41,1)] 
                                                         0

0                                      5.7500946291868785e-06
1                                      6.8363079483942115e-05
2                                      5.5628349035967872e-04
3                                      1.3530849937238166e-04
4                                      1.9254736181389577e-06
5                                      7.8526943482032743e-04
6                                      8.4231404444668633e-05
7                                      1.5075516716958477e-05
8                                      7.0700465841581046e-05
9                                      1.7945986687107720e-04
10                                     4.1126654400492648e-04
11                                     5.4946091567854578e-02
12                                     8.1358777168258109e-05
13                                     2.6580781747033710e-01
14                                     2.1383663967096286e-02
15                                     8.7460820418234705e-04
16                                     5.5002182954631085e-01
17                                     9.6441121411484990e-02
18                                     7.3335982346604796e-03
19                                     8.3980357149546697e-07
20                                     5.3316184358398274e-07
21                                     6.3857949373610635e-06
22                                     7.7337359805949869e-08
23                                     6.7912739864417253e-07
24                                     6.4695338529369896e-08
25                                     6.1536997258048734e-07
26                                     6.1910580668930284e-08
27                                     5.4312787066467927e-07
28                                     3.2126847546063724e-06
29                                     7.2714004924980952e-06
30                                     7.2791899315090521e-06
31                                     1.7345420780986098e-04
32                                     2.8483013676508149e-05
33                                     3.9648916800496750e-05
34                                     1.0196891592919035e-04
35                                     3.3403089381218415e-05
36                                     1.8599863037922147e-04
37                                     7.4102448141883536e-05
38                                     1.5931026832406154e-05
39                                     1.0719161430848198e-04
40                                     8.5314834313785434e-06
$End
$Mayer_Population_Analysis
   &GeometryIndex 1
   &ListStatus       OUT
   &NATOMS [&Type "Integer"] 41 "Total number of atoms"
   &BONDTHRESH [&Type "Double"]       1.0000000000000001e-01  "The threshold for printing"
   &NBONDORDERSPRINT [&Type "Integer"] 43 "The number of bond orders larger than threshold"
   &BONDORDERS [&Type "ArrayOfDoubles", &Dim (43,1)] "The bond orders"
                                                         0

0                                      1.1607315655967800e+00
1                                      9.2258336738660640e-01
2                                      9.3623564737215703e-01
3                                      9.4003671865858440e-01
4                                      9.0506509979097138e-01
5                                      9.2051125178582716e-01
6                                      9.3389577387611189e-01
7                                      1.0706113466722218e+00
8                                      1.6289529548056991e+00
9                                      1.1377563645884063e+00
10                                     9.4121620893135149e-01
11                                     1.1431584649174184e-01
12                                     1.0820546393333183e-01
13                                     9.0264593767047085e-01
14                                     1.1701541454788815e+00
15                                     9.2779212705279746e-01
16                                     9.3358528262664942e-01
17                                     9.3536922362389929e-01
18                                     9.4036125093912382e-01
19                                     9.3286189700421340e-01
20                                     1.0192283269608888e+00
21                                     9.9671715808659878e-01
22                                     8.5553265723358118e-01
23                                     8.8155137992385491e-01
24                                     9.7173039266411532e-01
25                                     1.0886501740642901e-01
26                                     1.5961495973399944e+00
27                                     1.1322448170247117e+00
28                                     1.1129750669616987e+00
29                                     9.0235335667572458e-01
30                                     1.1651098933491935e+00
31                                     9.3270219922692377e-01
32                                     9.1629953685341414e-01
33                                     9.4584779854868350e-01
34                                     9.3898533117236749e-01
35                                     9.3439744182614592e-01
36                                     9.0263456252518004e-01
37                                     1.1610420706827207e+00
38                                     9.1045889789547507e-01
39                                     9.2892515534831055e-01
40                                     9.5145539410817914e-01
41                                     9.4172579956183544e-01
42                                     9.5029095161897903e-01
   &COMPONENTS [&Type "ArrayOfIntegers", &Dim (43,4)] "The indices and atomic numbers of the bonding atoms"
                                                         0                           1                           2                           3

0                                                        0                           6                           1                           6
1                                                        0                           6                          19                           1
2                                                        0                           6                          20                           1
3                                                        0                           6                          21                           1
4                                                        1                           6                           2                           8
5                                                        1                           6                          22                           1
6                                                        1                           6                          23                           1
7                                                        2                           8                           3                          15
8                                                        3                          15                           4                          16
9                                                        3                          15                           5                           8
10                                                       3                          15                           8                          16
11                                                       4                          16                           8                          16
12                                                       4                          16                          29                           1
13                                                       5                           8                           6                           6
14                                                       6                           6                           7                           6
15                                                       6                           6                          24                           1
16                                                       6                           6                          25                           1
17                                                       7                           6                          26                           1
18                                                       7                           6                          27                           1
19                                                       7                           6                          28                           1
20                                                       8                          16                           9                           6
21                                                       9                           6                          10                          16
22                                                       9                           6                          29                           1
23                                                       9                           6                          30                           1
24                                                      10                          16                          11                          15
25                                                      10                          16                          12                          16
26                                                      11                          15                          12                          16
27                                                      11                          15                          13                           8
28                                                      11                          15                          16                           8
29                                                      13                           8                          14                           6
30                                                      14                           6                          15                           6
31                                                      14                           6                          31                           1
32                                                      14                           6                          32                           1
33                                                      15                           6                          33                           1
34                                                      15                           6                          34                           1
35                                                      15                           6                          35                           1
36                                                      16                           8                          17                           6
37                                                      17                           6                          18                           6
38                                                      17                           6                          36                           1
39                                                      17                           6                          37                           1
40                                                      18                           6                          38                           1
41                                                      18                           6                          39                           1
42                                                      18                           6                          40                           1
   &ATNO [&Type "ArrayOfIntegers", &Dim (41,1)] "Atomic number of the elements"
                                                         0

0                                                        6
1                                                        6
2                                                        8
3                                                       15
4                                                       16
5                                                        8
6                                                        6
7                                                        6
8                                                       16
9                                                        6
10                                                      16
11                                                      15
12                                                      16
13                                                       8
14                                                       6
15                                                       6
16                                                       8
17                                                       6
18                                                       6
19                                                       1
20                                                       1
21                                                       1
22                                                       1
23                                                       1
24                                                       1
25                                                       1
26                                                       1
27                                                       1
28                                                       1
29                                                       1
30                                                       1
31                                                       1
32                                                       1
33                                                       1
34                                                       1
35                                                       1
36                                                       1
37                                                       1
38                                                       1
39                                                       1
40                                                       1
   &NA [&Type "ArrayOfDoubles", &Dim (41,1)] "Mulliken gross atomic population"
                                                         0

0                                      6.3356937577112671e+00
1                                      5.9946931108761827e+00
2                                      8.3890111639159386e+00
3                                      1.4384029519021002e+01
4                                      1.6310916782348048e+01
5                                      8.3632568712454276e+00
6                                      5.9900977488835032e+00
7                                      6.3357300317383007e+00
8                                      1.6102958737821080e+01
9                                      6.3535503348462434e+00
10                                     1.6083184906276234e+01
11                                     1.4394394432834279e+01
12                                     1.6334617195661171e+01
13                                     8.3536191292229738e+00
14                                     6.0051098731629962e+00
15                                     6.3070234767689213e+00
16                                     8.3737041740374973e+00
17                                     6.0131470504864586e+00
18                                     6.2812262263970569e+00
19                                     8.6163810751659842e-01
20                                     8.9152099796274997e-01
21                                     8.7568261962114613e-01
22                                     8.8863480341643375e-01
23                                     8.9981182471385635e-01
24                                     8.9111855222674519e-01
25                                     8.8761229100962125e-01
26                                     8.8311125260651058e-01
27                                     8.6621234286275373e-01
28                                     8.7238070446462579e-01
29                                     8.0785703489572946e-01
30                                     8.0412291029434591e-01
31                                     8.9538376975907763e-01
32                                     8.8577954586382723e-01
33                                     8.8287422234507684e-01
34                                     8.8757886510976347e-01
35                                     8.7609283680273087e-01
36                                     8.9278617388816206e-01
37                                     8.9466079798277531e-01
38                                     8.8096066916616655e-01
39                                     8.8633883200890218e-01
40                                     8.8187632222774859e-01
   &ZA [&Type "ArrayOfDoubles", &Dim (41,1)] "Total nuclear charge"
                                                         0

0                                      6.0000000000000000e+00
1                                      6.0000000000000000e+00
2                                      8.0000000000000000e+00
3                                      1.5000000000000000e+01
4                                      1.6000000000000000e+01
5                                      8.0000000000000000e+00
6                                      6.0000000000000000e+00
7                                      6.0000000000000000e+00
8                                      1.6000000000000000e+01
9                                      6.0000000000000000e+00
10                                     1.6000000000000000e+01
11                                     1.5000000000000000e+01
12                                     1.6000000000000000e+01
13                                     8.0000000000000000e+00
14                                     6.0000000000000000e+00
15                                     6.0000000000000000e+00
16                                     8.0000000000000000e+00
17                                     6.0000000000000000e+00
18                                     6.0000000000000000e+00
19                                     1.0000000000000000e+00
20                                     1.0000000000000000e+00
21                                     1.0000000000000000e+00
22                                     1.0000000000000000e+00
23                                     1.0000000000000000e+00
24                                     1.0000000000000000e+00
25                                     1.0000000000000000e+00
26                                     1.0000000000000000e+00
27                                     1.0000000000000000e+00
28                                     1.0000000000000000e+00
29                                     1.0000000000000000e+00
30                                     1.0000000000000000e+00
31                                     1.0000000000000000e+00
32                                     1.0000000000000000e+00
33                                     1.0000000000000000e+00
34                                     1.0000000000000000e+00
35                                     1.0000000000000000e+00
36                                     1.0000000000000000e+00
37                                     1.0000000000000000e+00
38                                     1.0000000000000000e+00
39                                     1.0000000000000000e+00
40                                     1.0000000000000000e+00
   &QA [&Type "ArrayOfDoubles", &Dim (41,1)] "Mulliken gross atomic charge"
                                                         0

0                                     -3.3569375771126708e-01
1                                      5.3068891238172711e-03
2                                     -3.8901116391593860e-01
3                                      6.1597048097899787e-01
4                                     -3.1091678234804832e-01
5                                     -3.6325687124542760e-01
6                                      9.9022511164967852e-03
7                                     -3.3573003173830074e-01
8                                     -1.0295873782107989e-01
9                                     -3.5355033484624343e-01
10                                    -8.3184906276233761e-02
11                                     6.0560556716572123e-01
12                                    -3.3461719566117054e-01
13                                    -3.5361912922297378e-01
14                                    -5.1098731629961591e-03
15                                    -3.0702347676892128e-01
16                                    -3.7370417403749734e-01
17                                    -1.3147050486458589e-02
18                                    -2.8122622639705686e-01
19                                     1.3836189248340158e-01
20                                     1.0847900203725003e-01
21                                     1.2431738037885387e-01
22                                     1.1136519658356625e-01
23                                     1.0018817528614365e-01
24                                     1.0888144777325481e-01
25                                     1.1238770899037875e-01
26                                     1.1688874739348942e-01
27                                     1.3378765713724627e-01
28                                     1.2761929553537421e-01
29                                     1.9214296510427054e-01
30                                     1.9587708970565409e-01
31                                     1.0461623024092237e-01
32                                     1.1422045413617277e-01
33                                     1.1712577765492316e-01
34                                     1.1242113489023653e-01
35                                     1.2390716319726913e-01
36                                     1.0721382611183794e-01
37                                     1.0533920201722469e-01
38                                     1.1903933083383345e-01
39                                     1.1366116799109782e-01
40                                     1.1812367777225141e-01
   &VA [&Type "ArrayOfDoubles", &Dim (41,1)] "Mayer's total valence"
                                                         0

0                                      3.9805029749068956e+00
1                                      3.9922412254309045e+00
2                                      2.1677890332777410e+00
3                                      4.9359557512864924e+00
4                                      2.0539656416556844e+00
5                                      2.1725986438023126e+00
6                                      4.0289334983542533e+00
7                                      4.0000583236861242e+00
8                                      2.2960278841278181e+00
9                                      3.8136118415668605e+00
10                                     2.2787990229460542e+00
11                                     4.9697967072657132e+00
12                                     2.0555389676146301e+00
13                                     2.1929711992392802e+00
14                                     3.9996664181075778e+00
15                                     3.9922242981657501e+00
16                                     2.1730141310199813e+00
17                                     3.9666123088718592e+00
18                                     4.0045162726968284e+00
19                                     9.9538263984114683e-01
20                                     9.5458487573685669e-01
21                                     9.7653940356042057e-01
22                                     9.7372717340198756e-01
23                                     9.4930955750836354e-01
24                                     9.5973661058521786e-01
25                                     9.4781070007042578e-01
26                                     9.5433354537522552e-01
27                                     9.6081378875987378e-01
28                                     9.6908609593048889e-01
29                                     9.9509197748602185e-01
30                                     9.6033566274367399e-01
31                                     9.4658735332113786e-01
32                                     9.8142774489274465e-01
33                                     9.5938076645789827e-01
34                                     9.5403772077799276e-01
35                                     9.8390817087560190e-01
36                                     9.8992633136981667e-01
37                                     9.5782424884466555e-01
38                                     9.5989911624655710e-01
39                                     9.5432500095041450e-01
40                                     9.5831145027370157e-01
   &BVA [&Type "ArrayOfDoubles", &Dim (41,1)] "Mayer's bonded valence"
                                                         0

0                                      3.9805029749069036e+00
1                                      3.9922412254309068e+00
2                                      2.1677890332777112e+00
3                                      4.9359557512865759e+00
4                                      2.0539656416557013e+00
5                                      2.1725986438022971e+00
6                                      4.0289334983542213e+00
7                                      4.0000583236861633e+00
8                                      2.2960278841279309e+00
9                                      3.8136118415667557e+00
10                                     2.2787990229461226e+00
11                                     4.9697967072657363e+00
12                                     2.0555389676147242e+00
13                                     2.1929711992393002e+00
14                                     3.9996664181075432e+00
15                                     3.9922242981657972e+00
16                                     2.1730141310199813e+00
17                                     3.9666123088718201e+00
18                                     4.0045162726968258e+00
19                                     9.9538263984114483e-01
20                                     9.5458487573685891e-01
21                                     9.7653940356041924e-01
22                                     9.7372717340199089e-01
23                                     9.4930955750837076e-01
24                                     9.5973661058520887e-01
25                                     9.4781070007041368e-01
26                                     9.5433354537522419e-01
27                                     9.6081378875987644e-01
28                                     9.6908609593048567e-01
29                                     9.9509197748601685e-01
30                                     9.6033566274366489e-01
31                                     9.4658735332114596e-01
32                                     9.8142774489273743e-01
33                                     9.5938076645790249e-01
34                                     9.5403772077799898e-01
35                                     9.8390817087561044e-01
36                                     9.8992633136981378e-01
37                                     9.5782424884466777e-01
38                                     9.5989911624655000e-01
39                                     9.5432500095040684e-01
40                                     9.5831145027369724e-01
   &FA [&Type "ArrayOfDoubles", &Dim (41,1)] "Mayer's free valence"
                                                         0

0                                      0.0000000000000000e+00
1                                      0.0000000000000000e+00
2                                      0.0000000000000000e+00
3                                      0.0000000000000000e+00
4                                      0.0000000000000000e+00
5                                      0.0000000000000000e+00
6                                      0.0000000000000000e+00
7                                      0.0000000000000000e+00
8                                      0.0000000000000000e+00
9                                      0.0000000000000000e+00
10                                     0.0000000000000000e+00
11                                     0.0000000000000000e+00
12                                     0.0000000000000000e+00
13                                     0.0000000000000000e+00
14                                     0.0000000000000000e+00
15                                     0.0000000000000000e+00
16                                     0.0000000000000000e+00
17                                     0.0000000000000000e+00
18                                     0.0000000000000000e+00
19                                     0.0000000000000000e+00
20                                     0.0000000000000000e+00
21                                     0.0000000000000000e+00
22                                     0.0000000000000000e+00
23                                     0.0000000000000000e+00
24                                     0.0000000000000000e+00
25                                     0.0000000000000000e+00
26                                     0.0000000000000000e+00
27                                     0.0000000000000000e+00
28                                     0.0000000000000000e+00
29                                     0.0000000000000000e+00
30                                     0.0000000000000000e+00
31                                     0.0000000000000000e+00
32                                     0.0000000000000000e+00
33                                     0.0000000000000000e+00
34                                     0.0000000000000000e+00
35                                     0.0000000000000000e+00
36                                     0.0000000000000000e+00
37                                     0.0000000000000000e+00
38                                     0.0000000000000000e+00
39                                     0.0000000000000000e+00
40                                     0.0000000000000000e+00
$End
$VdW_Correction
   &GeometryIndex 1
   &ListStatus       OUT
   &VDW [&Type "Double"]      -6.4005653468984708e-02
$End
$Calculation_Info
   &GeometryIndex 1
   &ListStatus       OUT
   &MULT [&Type "Integer"] 1
   &CHARGE [&Type "Integer"] 0
   &NUMOFATOMS [&Type "Integer"] 41
   &NUMOFELECTRONS [&Type "Integer"] 202
   &NUMOFFCELECTRONS [&Type "Integer"] 1
   &NUMOFCORRELECTRONS [&Type "Integer"] 0
   &NUMOFBASISFUNCTS [&Type "Integer"] 334
   &NUMOFAUXCBASISFUNCTS [&Type "Integer"] 0
   &NUMOFAUXJBASISFUNCTS [&Type "Integer"] 1185
   &NUMOFAUXJKBASISFUNCTS [&Type "Integer"] 0
   &NUMOFCABSBASISFUNCTS [&Type "Integer"] 0
   &TOTALENERGY [&Type "Double"]      -2.9295215875466970e+03  "Hartrees"
$End
$SCF_Dipole_Moment
   &GeometryIndex 1
   &ListStatus       OUT
   &METHOD [&Type "String"] "SCF"
   &LEVEL [&Type "String"] "Relaxed density"
   &MULT [&Type "Integer"] 1
   &STATE [&Type "Integer"] -1
   &IRREP [&Type "Integer"] 0
   &NATOMS [&Type "Integer"] 41
   &DODIPOLEATOM [&Type "Boolean"] false
   &DIPOLEELECCONTRIB [&Type "ArrayOfDoubles", &Dim (3,1)] "Electronic contribution"
                                                         0

0                                      1.1868103614308184e+01
1                                      1.9412902497783378e+00
2                                     -1.7314209254007086e+01
   &DIPOLENUCCONTRIB [&Type "ArrayOfDoubles", &Dim (3,1)] "Nuclear contribution"
                                                         0

0                                     -1.2356442228753941e+01
1                                     -2.1074866485532868e+00
2                                      1.8940238254456702e+01
   &DIPOLETOTAL [&Type "ArrayOfDoubles", &Dim (3,1)] "Total"
                                                         0

0                                     -4.8833861444575710e-01
1                                     -1.6619639877494907e-01
2                                      1.6260290004496163e+00
   &DIPOLEMAGNITUDE [&Type "Double", &Units "a.u."]       1.7058916013708909e+00
$End
