*************************************************
******************* ORCA 6.0.0 ******************
*************************************************
$Calculation_Status
   &GeometryIndex 1
   &ListStatus       OUT
   &VERSION [&Type "String"] "6.0.0"
   &PROGNAME [&Type "String"] "LeanSCF"
   &STATUS [&Type "String"] "NORMAL TERMINATION"
$End
$Geometry
   &GeometryIndex 1
   &ListStatus       OUT
   &NATOMS [&Type "Integer"] 41
   &NCORELESSECP [&Type "Integer"] 0
   &NGHOSTATOMS [&Type "Integer"] 0
   &CartesianCoordinates [&Type "Coordinates", &Dim(41,4), &Units "Bohr"] 
              C      9.264259149689    2.274891127997   -1.963356833787
              C      8.364015999326   -0.403361869053   -2.413291615492
              O      6.771672162170   -1.332167153163   -0.412039989214
              P      4.299826075106    0.024324395492    0.624188131158
              S      4.715104441886    2.872782668180    2.937699320033
              O      2.946529642327   -2.225637155998    2.031370305334
              C      2.575096752329   -4.738616159142    0.995942199765
              C      2.622779038158   -6.597601379916    3.171178840432
              S      2.228465983424    0.780789192579   -2.757932569863
              C      0.105931970464    3.102684403727   -1.398476604231
              S     -1.709576844600    1.946997968620    1.263971560583
              P     -4.432209908538   -0.193755142307   -0.821196033170
              S     -3.215709944060   -3.056276272358   -2.815219718714
              O     -5.874737600448    1.779522022925   -2.527915894559
              C     -7.551118172751    3.741644952852   -1.591944150252
              C     -6.223385002124    6.277321571296   -1.474066630734
              O     -6.470026264357   -0.890079005506    1.274095437833
              C     -6.271792982850   -3.141220276361    2.784973591426
              C     -4.268489583398   -2.891253006937    4.815692321267
              H     10.194467842503    2.420777120419   -0.136998894062
              H     10.579336896207    2.807472468954   -3.444108993762
              H      7.667475777981    3.572839597672   -1.982464876313
              H      9.938557653863   -1.735743283523   -2.434075427092
              H      7.310911269079   -0.534117209069   -4.187113184292
              H      0.754187530264   -4.752348488853    0.016389388212
              H      4.074453503254   -5.135060084182   -0.362924037331
              H      4.459899448394   -6.564065762883    4.087876884096
              H      1.186462800272   -6.107556889842    4.553564273754
              H      2.253129584568   -8.479697682210    2.445600247708
              H     -1.152600867599    3.693521088482   -2.913352085689
              H      1.214879481422    4.678658541538   -0.672656423816
              H     -9.090826768323    3.771120264629   -2.963456470731
              H     -8.273074207153    3.181105373770    0.255067459223
              H     -7.598493637542    7.717753492672   -0.981117336039
              H     -4.740738537019    6.264602761237   -0.051392997607
              H     -5.403825775843    6.737363991457   -3.300443860594
              H     -8.152356688715   -3.359266126201    3.600936904712
              H     -5.858272889074   -4.735961052539    1.533022904569
              H     -2.402062208770   -2.722476559843    3.964388692664
              H     -4.612332891549   -1.220642051601    5.960737418441
              H     -4.308387129189   -4.556029530911    6.013239130465
$End
$SCF_Energy
   &GeometryIndex 1
   &ListStatus       OUT
   &SCF_ENERGY [&Type "Double"]      -2.9296361496441618e+03
$End
$DFT_Energy
   &GeometryIndex 1
   &ListStatus       OUT
   &NALPHAEL [&Type "Integer"] 100
   &NBETAEL [&Type "Integer"] 100
   &NTOTALEL [&Type "Integer"] 201
   &EEXCHANGE [&Type "Double"]      -2.3180510924404069e+02
   &ECORR [&Type "Double"]      -7.2939647366480473e+00
   &ECNL [&Type "Double"]       0.0000000000000000e+00
   &EXC [&Type "Double"]      -2.3909907398068873e+02
   &EEMBED [&Type "Double"]       0.0000000000000000e+00
   &FINALEN [&Type "Double"]      -2.9296361496441618e+03  "No Van der Waals correction"
$End
$Mulliken_Population_Analysis
   &GeometryIndex 1
   &ListStatus       OUT
   &NATOMS [&Type "Integer"] 41
   &ATNO [&Type "ArrayOfIntegers", &Dim (41,1)] 
                                                         0

0                                                        6
1                                                        6
2                                                        8
3                                                       15
4                                                       16
5                                                        8
6                                                        6
7                                                        6
8                                                       16
9                                                        6
10                                                      16
11                                                      15
12                                                      16
13                                                       8
14                                                       6
15                                                       6
16                                                       8
17                                                       6
18                                                       6
19                                                       1
20                                                       1
21                                                       1
22                                                       1
23                                                       1
24                                                       1
25                                                       1
26                                                       1
27                                                       1
28                                                       1
29                                                       1
30                                                       1
31                                                       1
32                                                       1
33                                                       1
34                                                       1
35                                                       1
36                                                       1
37                                                       1
38                                                       1
39                                                       1
40                                                       1
   &ATOMICCHARGES [&Type "ArrayOfDoubles", &Dim (41,1)] 
                                                         0

0                                     -3.0708295321075418e-01
1                                     -9.8996231100274557e-03
2                                     -3.8215780520483378e-01
3                                      6.0700014533360935e-01
4                                     -3.1925508932409485e-01
5                                     -3.5884364631886356e-01
6                                     -2.4070217087793111e-02
7                                     -2.8928935566500691e-01
8                                     -9.4233992930380595e-02
9                                     -3.5653040823002513e-01
10                                    -8.0892186367250929e-02
11                                     6.0357752071916160e-01
12                                    -3.0059339410090757e-01
13                                    -3.6818546024254317e-01
14                                    -1.0510957023156742e-02
15                                    -3.1078628680331732e-01
16                                    -3.8380611862272396e-01
17                                    -3.1517115286723296e-03
18                                    -3.5383327361663497e-01
19                                     1.2680790334455283e-01
20                                     1.1023107582544411e-01
21                                     1.2312894029258881e-01
22                                     1.0808815218261558e-01
23                                     1.1414883087237393e-01
24                                     1.2485306865657475e-01
25                                     1.0003150853758280e-01
26                                     1.1534388281905950e-01
27                                     1.1777458738034385e-01
28                                     1.0908131119048958e-01
29                                     1.8549199606505151e-01
30                                     1.9374295945540965e-01
31                                     1.1278979110808518e-01
32                                     1.1525872310407004e-01
33                                     1.1449095699801970e-01
34                                     1.2900627472028925e-01
35                                     1.2174074719562800e-01
36                                     1.0578927783478420e-01
37                                     1.1019349738826223e-01
38                                     1.6605391291458871e-01
39                                     1.2064849140543421e-01
40                                     1.1784892404283775e-01
$End
$Loewdin_Population_Analysis
   &GeometryIndex 1
   &ListStatus       OUT
   &NATOMS [&Type "Integer"] 41
   &ATNO [&Type "ArrayOfIntegers", &Dim (41,1)] 
                                                         0

0                                                        6
1                                                        6
2                                                        8
3                                                       15
4                                                       16
5                                                        8
6                                                        6
7                                                        6
8                                                       16
9                                                        6
10                                                      16
11                                                      15
12                                                      16
13                                                       8
14                                                       6
15                                                       6
16                                                       8
17                                                       6
18                                                       6
19                                                       1
20                                                       1
21                                                       1
22                                                       1
23                                                       1
24                                                       1
25                                                       1
26                                                       1
27                                                       1
28                                                       1
29                                                       1
30                                                       1
31                                                       1
32                                                       1
33                                                       1
34                                                       1
35                                                       1
36                                                       1
37                                                       1
38                                                       1
39                                                       1
40                                                       1
   &ATOMICCHARGES [&Type "ArrayOfDoubles", &Dim (41,1)] 
                                                         0

0                                      1.7549513086023981e-04
1                                      5.1929078327990902e-03
2                                      2.7933189468199129e-02
3                                      3.4841657860382024e-03
4                                      1.7055997670959354e-05
5                                      3.5538859606233347e-02
6                                      5.5011485816862009e-03
7                                      3.2898454655292883e-04
8                                      2.8405379258599555e-05
9                                      1.3296235709531125e-04
10                                     2.8369191431956643e-04
11                                     4.6402139822357941e-02
12                                     1.5185424724329462e-04
13                                     2.3323787376946375e-01
14                                     1.9124352609763872e-02
15                                     3.3084426839893177e-04
16                                     5.2339085815231423e-01
17                                     9.5456860331665810e-02
18                                     1.8194128697883174e-03
19                                     6.5246141352550252e-07
20                                     9.9356195332643495e-06
21                                     2.1635946027472025e-06
22                                     3.4125526245010089e-05
23                                     7.4311348763775071e-06
24                                     1.5349032462945223e-05
25                                     3.0850989602921524e-05
26                                     1.0568949502766358e-06
27                                     4.0598836375555983e-06
28                                     5.0449635598359102e-06
29                                     6.0445117600857919e-07
30                                     2.9116980911818186e-06
31                                     8.4507920986924307e-05
32                                     2.3984431229140087e-04
33                                     1.8336022828432794e-05
34                                     5.5604004144363644e-06
35                                     6.4724863597024178e-06
36                                     6.6415577269462978e-04
37                                     1.8031973777051506e-04
38                                     2.1944847255283217e-05
39                                     3.4480028158536470e-06
40                                     1.3016157472021337e-04
$End
$Mayer_Population_Analysis
   &GeometryIndex 1
   &ListStatus       OUT
   &NATOMS [&Type "Integer"] 41 "Total number of atoms"
   &BONDTHRESH [&Type "Double"]       1.0000000000000001e-01  "The threshold for printing"
   &NBONDORDERSPRINT [&Type "Integer"] 42 "The number of bond orders larger than threshold"
   &BONDORDERS [&Type "ArrayOfDoubles", &Dim (42,1)] "The bond orders"
                                                         0

0                                      1.1671621762215370e+00
1                                      9.4286418700696828e-01
2                                      9.3502508862946354e-01
3                                      9.3235969615642245e-01
4                                      9.1180556937292645e-01
5                                      9.3338181477046378e-01
6                                      9.2607757434855953e-01
7                                      1.0880920298798560e+00
8                                      1.6300632346803929e+00
9                                      1.1396854181689859e+00
10                                     9.4176331144034708e-01
11                                     1.1232833803312563e-01
12                                     8.7708247996581790e-01
13                                     1.1683243795695375e+00
14                                     9.0018329237730244e-01
15                                     9.1968579604026679e-01
16                                     9.4845006316904878e-01
17                                     9.5019284817606953e-01
18                                     9.4108279200966904e-01
19                                     1.0096316454384855e+00
20                                     9.9303929676997216e-01
21                                     8.9164142835158777e-01
22                                     8.8587569875989292e-01
23                                     9.5090986809661870e-01
24                                     1.1241279794618116e-01
25                                     1.6573152488651415e+00
26                                     1.1176591006062515e+00
27                                     1.0794312915910982e+00
28                                     8.9538387721684565e-01
29                                     1.1687261702375147e+00
30                                     9.3530560066602442e-01
31                                     9.1810485188271840e-01
32                                     9.3824442346072734e-01
33                                     9.3187531735714768e-01
34                                     9.4285949104816713e-01
35                                     9.0578093743393506e-01
36                                     1.1622085410688419e+00
37                                     9.3273989663003010e-01
38                                     9.1140442993968540e-01
39                                     9.1971481118915832e-01
40                                     9.4270462346074246e-01
41                                     9.3696615782045733e-01
   &COMPONENTS [&Type "ArrayOfIntegers", &Dim (42,4)] "The indices and atomic numbers of the bonding atoms"
                                                         0                           1                           2                           3

0                                                        0                           6                           1                           6
1                                                        0                           6                          19                           1
2                                                        0                           6                          20                           1
3                                                        0                           6                          21                           1
4                                                        1                           6                           2                           8
5                                                        1                           6                          22                           1
6                                                        1                           6                          23                           1
7                                                        2                           8                           3                          15
8                                                        3                          15                           4                          16
9                                                        3                          15                           5                           8
10                                                       3                          15                           8                          16
11                                                       4                          16                           8                          16
12                                                       5                           8                           6                           6
13                                                       6                           6                           7                           6
14                                                       6                           6                          24                           1
15                                                       6                           6                          25                           1
16                                                       7                           6                          26                           1
17                                                       7                           6                          27                           1
18                                                       7                           6                          28                           1
19                                                       8                          16                           9                           6
20                                                       9                           6                          10                          16
21                                                       9                           6                          29                           1
22                                                       9                           6                          30                           1
23                                                      10                          16                          11                          15
24                                                      10                          16                          12                          16
25                                                      11                          15                          12                          16
26                                                      11                          15                          13                           8
27                                                      11                          15                          16                           8
28                                                      13                           8                          14                           6
29                                                      14                           6                          15                           6
30                                                      14                           6                          31                           1
31                                                      14                           6                          32                           1
32                                                      15                           6                          33                           1
33                                                      15                           6                          34                           1
34                                                      15                           6                          35                           1
35                                                      16                           8                          17                           6
36                                                      17                           6                          18                           6
37                                                      17                           6                          36                           1
38                                                      17                           6                          37                           1
39                                                      18                           6                          38                           1
40                                                      18                           6                          39                           1
41                                                      18                           6                          40                           1
   &ATNO [&Type "ArrayOfIntegers", &Dim (41,1)] "Atomic number of the elements"
                                                         0

0                                                        6
1                                                        6
2                                                        8
3                                                       15
4                                                       16
5                                                        8
6                                                        6
7                                                        6
8                                                       16
9                                                        6
10                                                      16
11                                                      15
12                                                      16
13                                                       8
14                                                       6
15                                                       6
16                                                       8
17                                                       6
18                                                       6
19                                                       1
20                                                       1
21                                                       1
22                                                       1
23                                                       1
24                                                       1
25                                                       1
26                                                       1
27                                                       1
28                                                       1
29                                                       1
30                                                       1
31                                                       1
32                                                       1
33                                                       1
34                                                       1
35                                                       1
36                                                       1
37                                                       1
38                                                       1
39                                                       1
40                                                       1
   &NA [&Type "ArrayOfDoubles", &Dim (41,1)] "Mulliken gross atomic population"
                                                         0

0                                      6.3070829532107577e+00
1                                      6.0098996231100239e+00
2                                      8.3821578052048444e+00
3                                      1.4392999854666380e+01
4                                      1.6319255089324081e+01
5                                      8.3588436463188476e+00
6                                      6.0240702170877869e+00
7                                      6.2892893556649998e+00
8                                      1.6094233992930274e+01
9                                      6.3565304082300402e+00
10                                     1.6080892186367308e+01
11                                     1.4396422479280863e+01
12                                     1.6300593394100957e+01
13                                     8.3681854602425378e+00
14                                     6.0105109570231612e+00
15                                     6.3107862868033138e+00
16                                     8.3838061186227382e+00
17                                     6.0031517115286723e+00
18                                     6.3538332736166394e+00
19                                     8.7319209665544728e-01
20                                     8.8976892417455600e-01
21                                     8.7687105970741142e-01
22                                     8.9191184781738420e-01
23                                     8.8585116912762574e-01
24                                     8.7514693134342525e-01
25                                     8.9996849146241620e-01
26                                     8.8465611718094062e-01
27                                     8.8222541261965648e-01
28                                     8.9091868880951008e-01
29                                     8.1450800393494860e-01
30                                     8.0625704054459080e-01
31                                     8.8721020889191526e-01
32                                     8.8474127689593152e-01
33                                     8.8550904300197975e-01
34                                     8.7099372527971042e-01
35                                     8.7825925280437211e-01
36                                     8.9421072216521547e-01
37                                     8.8980650261173755e-01
38                                     8.3394608708540985e-01
39                                     8.7935150859456590e-01
40                                     8.8215107595716147e-01
   &ZA [&Type "ArrayOfDoubles", &Dim (41,1)] "Total nuclear charge"
                                                         0

0                                      6.0000000000000000e+00
1                                      6.0000000000000000e+00
2                                      8.0000000000000000e+00
3                                      1.5000000000000000e+01
4                                      1.6000000000000000e+01
5                                      8.0000000000000000e+00
6                                      6.0000000000000000e+00
7                                      6.0000000000000000e+00
8                                      1.6000000000000000e+01
9                                      6.0000000000000000e+00
10                                     1.6000000000000000e+01
11                                     1.5000000000000000e+01
12                                     1.6000000000000000e+01
13                                     8.0000000000000000e+00
14                                     6.0000000000000000e+00
15                                     6.0000000000000000e+00
16                                     8.0000000000000000e+00
17                                     6.0000000000000000e+00
18                                     6.0000000000000000e+00
19                                     1.0000000000000000e+00
20                                     1.0000000000000000e+00
21                                     1.0000000000000000e+00
22                                     1.0000000000000000e+00
23                                     1.0000000000000000e+00
24                                     1.0000000000000000e+00
25                                     1.0000000000000000e+00
26                                     1.0000000000000000e+00
27                                     1.0000000000000000e+00
28                                     1.0000000000000000e+00
29                                     1.0000000000000000e+00
30                                     1.0000000000000000e+00
31                                     1.0000000000000000e+00
32                                     1.0000000000000000e+00
33                                     1.0000000000000000e+00
34                                     1.0000000000000000e+00
35                                     1.0000000000000000e+00
36                                     1.0000000000000000e+00
37                                     1.0000000000000000e+00
38                                     1.0000000000000000e+00
39                                     1.0000000000000000e+00
40                                     1.0000000000000000e+00
   &QA [&Type "ArrayOfDoubles", &Dim (41,1)] "Mulliken gross atomic charge"
                                                         0

0                                     -3.0708295321075774e-01
1                                     -9.8996231100239029e-03
2                                     -3.8215780520484444e-01
3                                      6.0700014533362001e-01
4                                     -3.1925508932408064e-01
5                                     -3.5884364631884758e-01
6                                     -2.4070217087786894e-02
7                                     -2.8928935566499980e-01
8                                     -9.4233992930274013e-02
9                                     -3.5653040823004023e-01
10                                    -8.0892186367307772e-02
11                                     6.0357752071913673e-01
12                                    -3.0059339410095731e-01
13                                    -3.6818546024253784e-01
14                                    -1.0510957023161183e-02
15                                    -3.1078628680331377e-01
16                                    -3.8380611862273817e-01
17                                    -3.1517115286723296e-03
18                                    -3.5383327361663941e-01
19                                     1.2680790334455272e-01
20                                     1.1023107582544400e-01
21                                     1.2312894029258858e-01
22                                     1.0808815218261580e-01
23                                     1.1414883087237426e-01
24                                     1.2485306865657475e-01
25                                     1.0003150853758380e-01
26                                     1.1534388281905938e-01
27                                     1.1777458738034352e-01
28                                     1.0908131119048992e-01
29                                     1.8549199606505140e-01
30                                     1.9374295945540920e-01
31                                     1.1278979110808474e-01
32                                     1.1525872310406848e-01
33                                     1.1449095699802025e-01
34                                     1.2900627472028958e-01
35                                     1.2174074719562789e-01
36                                     1.0578927783478453e-01
37                                     1.1019349738826245e-01
38                                     1.6605391291459015e-01
39                                     1.2064849140543410e-01
40                                     1.1784892404283853e-01
   &VA [&Type "ArrayOfDoubles", &Dim (41,1)] "Mayer's total valence"
                                                         0

0                                      3.9886367316318645e+00
1                                      4.0192543532695932e+00
2                                      2.1777508461664490e+00
3                                      4.9526875732321001e+00
4                                      2.0176056787834820e+00
5                                      2.1705026132886989e+00
6                                      3.9568765901946201e+00
7                                      4.0133608531551834e+00
8                                      2.2963130808453922e+00
9                                      3.8406383085841913e+00
10                                     2.3113152855215633e+00
11                                     4.9662329040455164e+00
12                                     2.0710154164284003e+00
13                                     2.1612149087021493e+00
14                                     4.0111112900631314e+00
15                                     3.9926064995657100e+00
16                                     2.1705696808878212e+00
17                                     3.9891998597731266e+00
18                                     3.9819754588432561e+00
19                                     9.6626849248994573e-01
20                                     9.5288492515909329e-01
21                                     9.8982275940276510e-01
22                                     9.4787675671453153e-01
23                                     9.5255167781582528e-01
24                                     9.9651730016374429e-01
25                                     9.7052926822132068e-01
26                                     9.5919336692661661e-01
27                                     9.6713869344886627e-01
28                                     9.5418611768215078e-01
29                                     9.5293228684074349e-01
30                                     9.6493613584979110e-01
31                                     9.4772387169570493e-01
32                                     9.7340005089523929e-01
33                                     9.5429614566298304e-01
34                                     9.7992652104448641e-01
35                                     9.5465332936093528e-01
36                                     9.4868177998007241e-01
37                                     9.9030989010774395e-01
38                                     9.7167767723212228e-01
39                                     9.5773241682877086e-01
40                                     9.5408578798042598e-01
   &BVA [&Type "ArrayOfDoubles", &Dim (41,1)] "Mayer's bonded valence"
                                                         0

0                                      3.9886367316318712e+00
1                                      4.0192543532696403e+00
2                                      2.1777508461664534e+00
3                                      4.9526875732320983e+00
4                                      2.0176056787835766e+00
5                                      2.1705026132887388e+00
6                                      3.9568765901946454e+00
7                                      4.0133608531551550e+00
8                                      2.2963130808457013e+00
9                                      3.8406383085841509e+00
10                                     2.3113152855214607e+00
11                                     4.9662329040454729e+00
12                                     2.0710154164283359e+00
13                                     2.1612149087021706e+00
14                                     4.0111112900631296e+00
15                                     3.9926064995657393e+00
16                                     2.1705696808877497e+00
17                                     3.9891998597731435e+00
18                                     3.9819754588432166e+00
19                                     9.6626849248994562e-01
20                                     9.5288492515909518e-01
21                                     9.8982275940276998e-01
22                                     9.4787675671454341e-01
23                                     9.5255167781584182e-01
24                                     9.9651730016375106e-01
25                                     9.7052926822132435e-01
26                                     9.5919336692660317e-01
27                                     9.6713869344887227e-01
28                                     9.5418611768214923e-01
29                                     9.5293228684074960e-01
30                                     9.6493613584978832e-01
31                                     9.4772387169570471e-01
32                                     9.7340005089523951e-01
33                                     9.5429614566298682e-01
34                                     9.7992652104449018e-01
35                                     9.5465332936093861e-01
36                                     9.4868177998007464e-01
37                                     9.9030989010774839e-01
38                                     9.7167767723212040e-01
39                                     9.5773241682876575e-01
40                                     9.5408578798043253e-01
   &FA [&Type "ArrayOfDoubles", &Dim (41,1)] "Mayer's free valence"
                                                         0

0                                      0.0000000000000000e+00
1                                      0.0000000000000000e+00
2                                      0.0000000000000000e+00
3                                      0.0000000000000000e+00
4                                      0.0000000000000000e+00
5                                      0.0000000000000000e+00
6                                      0.0000000000000000e+00
7                                      0.0000000000000000e+00
8                                      0.0000000000000000e+00
9                                      0.0000000000000000e+00
10                                     0.0000000000000000e+00
11                                     0.0000000000000000e+00
12                                     0.0000000000000000e+00
13                                     0.0000000000000000e+00
14                                     0.0000000000000000e+00
15                                     0.0000000000000000e+00
16                                     0.0000000000000000e+00
17                                     0.0000000000000000e+00
18                                     0.0000000000000000e+00
19                                     0.0000000000000000e+00
20                                     0.0000000000000000e+00
21                                     0.0000000000000000e+00
22                                     0.0000000000000000e+00
23                                     0.0000000000000000e+00
24                                     0.0000000000000000e+00
25                                     0.0000000000000000e+00
26                                     0.0000000000000000e+00
27                                     0.0000000000000000e+00
28                                     0.0000000000000000e+00
29                                     0.0000000000000000e+00
30                                     0.0000000000000000e+00
31                                     0.0000000000000000e+00
32                                     0.0000000000000000e+00
33                                     0.0000000000000000e+00
34                                     0.0000000000000000e+00
35                                     0.0000000000000000e+00
36                                     0.0000000000000000e+00
37                                     0.0000000000000000e+00
38                                     0.0000000000000000e+00
39                                     0.0000000000000000e+00
40                                     0.0000000000000000e+00
$End
$VdW_Correction
   &GeometryIndex 1
   &ListStatus       OUT
   &VDW [&Type "Double"]      -6.6008609625823472e-02
$End
$Calculation_Info
   &GeometryIndex 1
   &ListStatus       OUT
   &MULT [&Type "Integer"] 1
   &CHARGE [&Type "Integer"] 0
   &NUMOFATOMS [&Type "Integer"] 41
   &NUMOFELECTRONS [&Type "Integer"] 202
   &NUMOFFCELECTRONS [&Type "Integer"] 1
   &NUMOFCORRELECTRONS [&Type "Integer"] 0
   &NUMOFBASISFUNCTS [&Type "Integer"] 334
   &NUMOFAUXCBASISFUNCTS [&Type "Integer"] 0
   &NUMOFAUXJBASISFUNCTS [&Type "Integer"] 1185
   &NUMOFAUXJKBASISFUNCTS [&Type "Integer"] 0
   &NUMOFCABSBASISFUNCTS [&Type "Integer"] 0
   &TOTALENERGY [&Type "Double"]      -2.9295174058674879e+03  "Hartrees"
$End
$SCF_Dipole_Moment
   &GeometryIndex 1
   &ListStatus       OUT
   &METHOD [&Type "String"] "SCF"
   &LEVEL [&Type "String"] "Relaxed density"
   &MULT [&Type "Integer"] 1
   &STATE [&Type "Integer"] -1
   &IRREP [&Type "Integer"] 0
   &NATOMS [&Type "Integer"] 41
   &DODIPOLEATOM [&Type "Boolean"] false
   &DIPOLEELECCONTRIB [&Type "ArrayOfDoubles", &Dim (3,1)] "Electronic contribution"
                                                         0

0                                      3.6563657729980292e-01
1                                      2.4790867805273074e+00
2                                     -4.8043664876349466e+00
   &DIPOLENUCCONTRIB [&Type "ArrayOfDoubles", &Dim (3,1)] "Nuclear contribution"
                                                         0

0                                     -9.6157497867424979e-01
1                                     -2.4907421538407144e+00
2                                      4.5855119905799464e+00
   &DIPOLETOTAL [&Type "ArrayOfDoubles", &Dim (3,1)] "Total"
                                                         0

0                                     -5.9593840137444687e-01
1                                     -1.1655373313407047e-02
2                                     -2.1885449705500015e-01
   &DIPOLEMAGNITUDE [&Type "Double", &Units "a.u."]       6.3496119317719191e-01
$End
