*************************************************
******************* ORCA 6.0.0 ******************
*************************************************
$Calculation_Status
   &GeometryIndex 1
   &ListStatus       OUT
   &VERSION [&Type "String"] "6.0.0"
   &PROGNAME [&Type "String"] "LeanSCF"
   &STATUS [&Type "String"] "NORMAL TERMINATION"
$End
$Geometry
   &GeometryIndex 1
   &ListStatus       OUT
   &NATOMS [&Type "Integer"] 41
   &NCORELESSECP [&Type "Integer"] 0
   &NGHOSTATOMS [&Type "Integer"] 0
   &CartesianCoordinates [&Type "Coordinates", &Dim(41,4), &Units "Bohr"] 
              C     10.189620086667   -0.123089205239   -1.508554164048
              C      8.351814523906   -1.526449220470    0.184286154752
              O      6.372097929789    0.131241500599    1.050996834665
              P      3.697302122639    0.286966759184   -0.317586937918
              S      3.777365014683    0.855290313908   -3.985850951472
              O      2.341601091023    2.344095601708    1.375577046182
              C      2.433376470118    5.000135687250    0.791689004041
              C      5.078137147163    6.055743521522    1.049401358543
              S      2.025653619028   -3.099502743078    0.901752123892
              C     -0.307970470277   -3.650335071319   -1.580086817961
              S     -3.508536806157   -3.730503393829   -0.402484697677
              P     -3.978756553337    0.204261857096    0.253833851483
              S     -2.680670938677    2.431659569077   -2.397221977068
              O     -2.779285123456    0.805798675400    2.915519584557
              C     -3.684569029652   -0.250581593123    5.285682988664
              C     -1.910349377759   -2.285837409147    6.238848658101
              O     -6.915748621821    0.463058126005    0.832647589482
              C     -8.779327750197    0.825229058528   -1.115181731458
              C     -9.043511548568   -1.461351139601   -2.816656687631
              H      9.231541641398    0.530301058319   -3.206273006448
              H     10.968560268207    1.497414664070   -0.517488405216
              H     11.712139010504   -1.386958152370   -2.046373142144
              H      9.270145135992   -2.187852925524    1.908673793312
              H      7.512663185498   -3.132805414326   -0.809521204014
              H      1.708109984184    5.275353759978   -1.127809034175
              H      1.121189263056    5.841956209776    2.141461885784
              H      5.833948225808    5.625490680264    2.910085703137
              H      6.300453941905    5.217769576226   -0.379613744789
              H      5.026158155308    8.088209297883    0.776682974349
              H      0.051823117039   -5.506380798336   -2.382169945772
              H     -0.113635540527   -2.169907524341   -3.009309991101
              H     -3.730710266684    1.360864367559    6.571557917189
              H     -5.594795721288   -0.976136254166    5.010911863190
              H      0.011028480835   -1.563632610252    6.325435894250
              H     -2.504282118380   -2.855030248286    8.117769594802
              H     -1.936436284533   -3.925720472682    5.001107213597
              H    -10.512754541662    1.196106428569   -0.062510340357
              H     -8.252989571169    2.495156719508   -2.215512647014
              H     -9.320675756889   -3.160934575345   -1.696733211705
              H    -10.652607713793   -1.192033508447   -4.059421994007
              H     -7.350768275898   -1.689211581262   -3.963564222915
$End
$SCF_Energy
   &GeometryIndex 1
   &ListStatus       OUT
   &SCF_ENERGY [&Type "Double"]      -2.9296381024183797e+03
$End
$DFT_Energy
   &GeometryIndex 1
   &ListStatus       OUT
   &NALPHAEL [&Type "Integer"] 100
   &NBETAEL [&Type "Integer"] 100
   &NTOTALEL [&Type "Integer"] 201
   &EEXCHANGE [&Type "Double"]      -2.3180291415967514e+02
   &ECORR [&Type "Double"]      -7.2971609125428882e+00
   &ECNL [&Type "Double"]       0.0000000000000000e+00
   &EXC [&Type "Double"]      -2.3910007507221803e+02
   &EEMBED [&Type "Double"]       0.0000000000000000e+00
   &FINALEN [&Type "Double"]      -2.9296381024183797e+03  "No Van der Waals correction"
$End
$Mulliken_Population_Analysis
   &GeometryIndex 1
   &ListStatus       OUT
   &NATOMS [&Type "Integer"] 41
   &ATNO [&Type "ArrayOfIntegers", &Dim (41,1)] 
                                                         0

0                                                        6
1                                                        6
2                                                        8
3                                                       15
4                                                       16
5                                                        8
6                                                        6
7                                                        6
8                                                       16
9                                                        6
10                                                      16
11                                                      15
12                                                      16
13                                                       8
14                                                       6
15                                                       6
16                                                       8
17                                                       6
18                                                       6
19                                                       1
20                                                       1
21                                                       1
22                                                       1
23                                                       1
24                                                       1
25                                                       1
26                                                       1
27                                                       1
28                                                       1
29                                                       1
30                                                       1
31                                                       1
32                                                       1
33                                                       1
34                                                       1
35                                                       1
36                                                       1
37                                                       1
38                                                       1
39                                                       1
40                                                       1
   &ATOMICCHARGES [&Type "ArrayOfDoubles", &Dim (41,1)] 
                                                         0

0                                     -2.9222647539856172e-01
1                                     -7.4218049639567241e-03
2                                     -3.7560331422163529e-01
3                                      6.0628269347579788e-01
4                                     -3.1976189139113487e-01
5                                     -3.5189828046341631e-01
6                                     -2.8556688806435915e-03
7                                     -3.0551956527162094e-01
8                                     -9.5826041640513893e-02
9                                     -3.5412218264874706e-01
10                                    -1.0932293670219195e-01
11                                     6.0516092610596317e-01
12                                    -2.9788163444770177e-01
13                                    -3.4786783193680648e-01
14                                    -1.8742056713355382e-02
15                                    -2.8367316754966243e-01
16                                    -3.8423276538564544e-01
17                                     1.1465974873159368e-03
18                                    -3.1977940634751167e-01
19                                     1.2837744952896313e-01
20                                     1.1364826456729127e-01
21                                     1.0589084604925048e-01
22                                     1.0453013815381973e-01
23                                     9.7724061961630415e-02
24                                     1.2343097410410153e-01
25                                     1.0054101967764306e-01
26                                     1.1197180946379870e-01
27                                     1.2362320077947364e-01
28                                     1.0843213855359579e-01
29                                     1.8222931819605770e-01
30                                     2.0982653720758515e-01
31                                     1.0830450560947202e-01
32                                     1.0698295855372697e-01
33                                     1.2397205552783130e-01
34                                     1.0446434689840800e-01
35                                     1.2040964608413929e-01
36                                     1.0429812982249542e-01
37                                     1.1257307413846507e-01
38                                     1.1656644874953337e-01
39                                     1.1473069555288951e-01
40                                     1.3161718771363118e-01
$End
$Loewdin_Population_Analysis
   &GeometryIndex 1
   &ListStatus       OUT
   &NATOMS [&Type "Integer"] 41
   &ATNO [&Type "ArrayOfIntegers", &Dim (41,1)] 
                                                         0

0                                                        6
1                                                        6
2                                                        8
3                                                       15
4                                                       16
5                                                        8
6                                                        6
7                                                        6
8                                                       16
9                                                        6
10                                                      16
11                                                      15
12                                                      16
13                                                       8
14                                                       6
15                                                       6
16                                                       8
17                                                       6
18                                                       6
19                                                       1
20                                                       1
21                                                       1
22                                                       1
23                                                       1
24                                                       1
25                                                       1
26                                                       1
27                                                       1
28                                                       1
29                                                       1
30                                                       1
31                                                       1
32                                                       1
33                                                       1
34                                                       1
35                                                       1
36                                                       1
37                                                       1
38                                                       1
39                                                       1
40                                                       1
   &ATOMICCHARGES [&Type "ArrayOfDoubles", &Dim (41,1)] 
                                                         0

0                                      1.4245520562945740e-03
1                                      8.5892772155663294e-02
2                                      4.6143781039831788e-01
3                                      4.5424353927503644e-02
4                                      9.6718547149798631e-05
5                                      3.2617313249299962e-01
6                                      3.7380388576101653e-02
7                                      1.4268762712111628e-03
8                                      3.9325119518140593e-04
9                                      2.2573110334057553e-04
10                                     4.7625895218417326e-05
11                                     2.6175134820804213e-03
12                                     3.8578386165450334e-05
13                                     1.3447526029480870e-02
14                                     7.2369918309753080e-04
15                                     1.8005096128076983e-05
16                                     1.8719816318291352e-02
17                                     2.9768896234557626e-03
18                                     7.1923899893848033e-05
19                                     2.0753382478435895e-06
20                                     4.4479301479164325e-06
21                                     7.6262186894650021e-05
22                                     4.7945033737803190e-04
23                                     2.9075473033986671e-04
24                                     5.6015990314226387e-05
25                                     2.9113473833623977e-04
26                                     3.8825543658545904e-05
27                                     3.1535643917278102e-05
28                                     1.2940230875966153e-04
29                                     9.7126776494763729e-06
30                                     1.6004833118979099e-06
31                                     1.0560018943783584e-06
32                                     1.1814852479500116e-05
33                                     3.4212695153452263e-06
34                                     4.2923464210065948e-07
35                                     1.0995633475521468e-06
36                                     2.2695412555517548e-05
37                                     3.8583366017338542e-06
38                                     4.5200000185682399e-07
39                                     6.2111393587245422e-06
40                                     5.7964307483634879e-07
$End
$Mayer_Population_Analysis
   &GeometryIndex 1
   &ListStatus       OUT
   &NATOMS [&Type "Integer"] 41 "Total number of atoms"
   &BONDTHRESH [&Type "Double"]       1.0000000000000001e-01  "The threshold for printing"
   &NBONDORDERSPRINT [&Type "Integer"] 42 "The number of bond orders larger than threshold"
   &BONDORDERS [&Type "ArrayOfDoubles", &Dim (42,1)] "The bond orders"
                                                         0

0                                      1.1681372566366428e+00
1                                      9.3081259170448549e-01
2                                      9.4575332366158771e-01
3                                      9.3990381174423898e-01
4                                      9.0809146724279066e-01
5                                      9.3610005747470804e-01
6                                      9.1273508790712521e-01
7                                      1.0934784839711480e+00
8                                      1.6002141705814010e+00
9                                      1.1500940043485552e+00
10                                     9.7055209122716757e-01
11                                     1.1634782488141923e-01
12                                     9.0145525673533788e-01
13                                     1.1583605551887575e+00
14                                     9.1209813032706633e-01
15                                     9.3569179111151024e-01
16                                     9.4479560584290501e-01
17                                     9.3465150530560781e-01
18                                     9.3876636618821041e-01
19                                     9.9232768235847690e-01
20                                     1.0080787640721240e+00
21                                     9.1128700621428860e-01
22                                     8.4716919192900553e-01
23                                     9.3703970011514570e-01
24                                     1.0541020001185848e-01
25                                     1.6422541697355904e+00
26                                     1.1458919869406363e+00
27                                     1.0825248471367632e+00
28                                     8.9325846791291252e-01
29                                     1.1685288688708853e+00
30                                     9.3515332700027920e-01
31                                     9.1869332464125664e-01
32                                     9.4242090585842675e-01
33                                     9.3698245506349165e-01
34                                     9.3349281833801612e-01
35                                     9.0548091571870581e-01
36                                     1.1669687373884321e+00
37                                     9.3441322094444301e-01
38                                     9.1682185414661221e-01
39                                     9.4367005409660598e-01
40                                     9.3695649558760807e-01
41                                     9.3472606944561332e-01
   &COMPONENTS [&Type "ArrayOfIntegers", &Dim (42,4)] "The indices and atomic numbers of the bonding atoms"
                                                         0                           1                           2                           3

0                                                        0                           6                           1                           6
1                                                        0                           6                          19                           1
2                                                        0                           6                          20                           1
3                                                        0                           6                          21                           1
4                                                        1                           6                           2                           8
5                                                        1                           6                          22                           1
6                                                        1                           6                          23                           1
7                                                        2                           8                           3                          15
8                                                        3                          15                           4                          16
9                                                        3                          15                           5                           8
10                                                       3                          15                           8                          16
11                                                       4                          16                           8                          16
12                                                       5                           8                           6                           6
13                                                       6                           6                           7                           6
14                                                       6                           6                          24                           1
15                                                       6                           6                          25                           1
16                                                       7                           6                          26                           1
17                                                       7                           6                          27                           1
18                                                       7                           6                          28                           1
19                                                       8                          16                           9                           6
20                                                       9                           6                          10                          16
21                                                       9                           6                          29                           1
22                                                       9                           6                          30                           1
23                                                      10                          16                          11                          15
24                                                      10                          16                          12                          16
25                                                      11                          15                          12                          16
26                                                      11                          15                          13                           8
27                                                      11                          15                          16                           8
28                                                      13                           8                          14                           6
29                                                      14                           6                          15                           6
30                                                      14                           6                          31                           1
31                                                      14                           6                          32                           1
32                                                      15                           6                          33                           1
33                                                      15                           6                          34                           1
34                                                      15                           6                          35                           1
35                                                      16                           8                          17                           6
36                                                      17                           6                          18                           6
37                                                      17                           6                          36                           1
38                                                      17                           6                          37                           1
39                                                      18                           6                          38                           1
40                                                      18                           6                          39                           1
41                                                      18                           6                          40                           1
   &ATNO [&Type "ArrayOfIntegers", &Dim (41,1)] "Atomic number of the elements"
                                                         0

0                                                        6
1                                                        6
2                                                        8
3                                                       15
4                                                       16
5                                                        8
6                                                        6
7                                                        6
8                                                       16
9                                                        6
10                                                      16
11                                                      15
12                                                      16
13                                                       8
14                                                       6
15                                                       6
16                                                       8
17                                                       6
18                                                       6
19                                                       1
20                                                       1
21                                                       1
22                                                       1
23                                                       1
24                                                       1
25                                                       1
26                                                       1
27                                                       1
28                                                       1
29                                                       1
30                                                       1
31                                                       1
32                                                       1
33                                                       1
34                                                       1
35                                                       1
36                                                       1
37                                                       1
38                                                       1
39                                                       1
40                                                       1
   &NA [&Type "ArrayOfDoubles", &Dim (41,1)] "Mulliken gross atomic population"
                                                         0

0                                      6.2922264753985573e+00
1                                      6.0074218049639709e+00
2                                      8.3756033142216513e+00
3                                      1.4393717306524222e+01
4                                      1.6319761891391042e+01
5                                      8.3518982804634057e+00
6                                      6.0028556688806214e+00
7                                      6.3055195652716289e+00
8                                      1.6095826041640525e+01
9                                      6.3541221826487435e+00
10                                     1.6109322936702220e+01
11                                     1.4394839073894058e+01
12                                     1.6297881634447709e+01
13                                     8.3478678319368314e+00
14                                     6.0187420567133474e+00
15                                     6.2836731675496740e+00
16                                     8.3842327653856010e+00
17                                     5.9988534025126947e+00
18                                     6.3197794063475170e+00
19                                     8.7162255047103721e-01
20                                     8.8635173543270818e-01
21                                     8.9410915395074986e-01
22                                     8.9546986184617972e-01
23                                     9.0227593803836847e-01
24                                     8.7656902589589791e-01
25                                     8.9945898032235672e-01
26                                     8.8802819053620152e-01
27                                     8.7637679922052603e-01
28                                     8.9156786144640410e-01
29                                     8.1777068180394197e-01
30                                     7.9017346279241496e-01
31                                     8.9169549439052720e-01
32                                     8.9301704144627247e-01
33                                     8.7602794447216803e-01
34                                     8.9553565310159144e-01
35                                     8.7959035391586038e-01
36                                     8.9570187017750369e-01
37                                     8.8742692586153527e-01
38                                     8.8343355125046685e-01
39                                     8.8526930444711049e-01
40                                     8.6838281228636915e-01
   &ZA [&Type "ArrayOfDoubles", &Dim (41,1)] "Total nuclear charge"
                                                         0

0                                      6.0000000000000000e+00
1                                      6.0000000000000000e+00
2                                      8.0000000000000000e+00
3                                      1.5000000000000000e+01
4                                      1.6000000000000000e+01
5                                      8.0000000000000000e+00
6                                      6.0000000000000000e+00
7                                      6.0000000000000000e+00
8                                      1.6000000000000000e+01
9                                      6.0000000000000000e+00
10                                     1.6000000000000000e+01
11                                     1.5000000000000000e+01
12                                     1.6000000000000000e+01
13                                     8.0000000000000000e+00
14                                     6.0000000000000000e+00
15                                     6.0000000000000000e+00
16                                     8.0000000000000000e+00
17                                     6.0000000000000000e+00
18                                     6.0000000000000000e+00
19                                     1.0000000000000000e+00
20                                     1.0000000000000000e+00
21                                     1.0000000000000000e+00
22                                     1.0000000000000000e+00
23                                     1.0000000000000000e+00
24                                     1.0000000000000000e+00
25                                     1.0000000000000000e+00
26                                     1.0000000000000000e+00
27                                     1.0000000000000000e+00
28                                     1.0000000000000000e+00
29                                     1.0000000000000000e+00
30                                     1.0000000000000000e+00
31                                     1.0000000000000000e+00
32                                     1.0000000000000000e+00
33                                     1.0000000000000000e+00
34                                     1.0000000000000000e+00
35                                     1.0000000000000000e+00
36                                     1.0000000000000000e+00
37                                     1.0000000000000000e+00
38                                     1.0000000000000000e+00
39                                     1.0000000000000000e+00
40                                     1.0000000000000000e+00
   &QA [&Type "ArrayOfDoubles", &Dim (41,1)] "Mulliken gross atomic charge"
                                                         0

0                                     -2.9222647539855728e-01
1                                     -7.4218049639709349e-03
2                                     -3.7560331422165127e-01
3                                      6.0628269347577834e-01
4                                     -3.1976189139104250e-01
5                                     -3.5189828046340565e-01
6                                     -2.8556688806213870e-03
7                                     -3.0551956527162893e-01
8                                     -9.5826041640524551e-02
9                                     -3.5412218264874351e-01
10                                    -1.0932293670222037e-01
11                                     6.0516092610594185e-01
12                                    -2.9788163444770888e-01
13                                    -3.4786783193683135e-01
14                                    -1.8742056713347388e-02
15                                    -2.8367316754967398e-01
16                                    -3.8423276538560103e-01
17                                     1.1465974873052787e-03
18                                    -3.1977940634751700e-01
19                                     1.2837744952896279e-01
20                                     1.1364826456729182e-01
21                                     1.0589084604925014e-01
22                                     1.0453013815382028e-01
23                                     9.7724061961631525e-02
24                                     1.2343097410410209e-01
25                                     1.0054101967764328e-01
26                                     1.1197180946379848e-01
27                                     1.2362320077947397e-01
28                                     1.0843213855359590e-01
29                                     1.8222931819605803e-01
30                                     2.0982653720758504e-01
31                                     1.0830450560947280e-01
32                                     1.0698295855372753e-01
33                                     1.2397205552783197e-01
34                                     1.0446434689840856e-01
35                                     1.2040964608413962e-01
36                                     1.0429812982249631e-01
37                                     1.1257307413846473e-01
38                                     1.1656644874953315e-01
39                                     1.1473069555288951e-01
40                                     1.3161718771363085e-01
   &VA [&Type "ArrayOfDoubles", &Dim (41,1)] "Mayer's total valence"
                                                         0

0                                      3.9813285549626145e+00
1                                      4.0107521591894635e+00
2                                      2.1699140646090722e+00
3                                      4.9968492340917638e+00
4                                      2.0688041516687772e+00
5                                      2.2048471924518815e+00
6                                      3.9900359609824250e+00
7                                      3.9895713898311684e+00
8                                      2.2692328306871890e+00
9                                      3.8151096478358486e+00
10                                     2.2744052549291798e+00
11                                     4.9658848658600583e+00
12                                     2.0730492937283018e+00
13                                     2.1851270950571609e+00
14                                     4.0173810470827149e+00
15                                     3.9836274232664475e+00
16                                     2.1709813894440977e+00
17                                     4.0047146775075513e+00
18                                     3.9885182616272896e+00
19                                     9.9548964752432034e-01
20                                     9.5743844759236552e-01
21                                     9.5481168833057195e-01
22                                     9.4812488876143641e-01
23                                     9.8301748306153836e-01
24                                     9.7884919897496303e-01
25                                     9.5791801675200694e-01
26                                     9.6100565104991464e-01
27                                     9.8097159699034908e-01
28                                     9.5419862268050992e-01
29                                     9.3294109799512026e-01
30                                     9.9887477670577607e-01
31                                     9.4825137580120811e-01
32                                     9.7243863617486059e-01
33                                     9.6647196669764135e-01
34                                     9.5268303405792010e-01
35                                     9.8487553516057880e-01
36                                     9.4922484280153940e-01
37                                     9.8120380823951314e-01
38                                     9.6101338120583324e-01
39                                     9.5476756485145697e-01
40                                     9.8132543956468177e-01
   &BVA [&Type "ArrayOfDoubles", &Dim (41,1)] "Mayer's bonded valence"
                                                         0

0                                      3.9813285549626558e+00
1                                      4.0107521591894377e+00
2                                      2.1699140646090842e+00
3                                      4.9968492340918260e+00
4                                      2.0688041516691080e+00
5                                      2.2048471924518980e+00
6                                      3.9900359609824676e+00
7                                      3.9895713898311804e+00
8                                      2.2692328306871947e+00
9                                      3.8151096478358313e+00
10                                     2.2744052549291456e+00
11                                     4.9658848658600370e+00
12                                     2.0730492937283311e+00
13                                     2.1851270950571426e+00
14                                     4.0173810470827771e+00
15                                     3.9836274232664737e+00
16                                     2.1709813894441816e+00
17                                     4.0047146775075069e+00
18                                     3.9885182616272927e+00
19                                     9.9548964752432156e-01
20                                     9.5743844759236851e-01
21                                     9.5481168833057761e-01
22                                     9.4812488876144407e-01
23                                     9.8301748306154801e-01
24                                     9.7884919897496458e-01
25                                     9.5791801675200372e-01
26                                     9.6100565104991431e-01
27                                     9.8097159699035308e-01
28                                     9.5419862268050504e-01
29                                     9.3294109799510960e-01
30                                     9.9887477670577274e-01
31                                     9.4825137580120622e-01
32                                     9.7243863617487070e-01
33                                     9.6647196669764279e-01
34                                     9.5268303405791976e-01
35                                     9.8487553516057946e-01
36                                     9.4922484280153563e-01
37                                     9.8120380823950493e-01
38                                     9.6101338120583779e-01
39                                     9.5476756485146297e-01
40                                     9.8132543956468365e-01
   &FA [&Type "ArrayOfDoubles", &Dim (41,1)] "Mayer's free valence"
                                                         0

0                                      0.0000000000000000e+00
1                                      0.0000000000000000e+00
2                                      0.0000000000000000e+00
3                                      0.0000000000000000e+00
4                                      0.0000000000000000e+00
5                                      0.0000000000000000e+00
6                                      0.0000000000000000e+00
7                                      0.0000000000000000e+00
8                                      0.0000000000000000e+00
9                                      0.0000000000000000e+00
10                                     0.0000000000000000e+00
11                                     0.0000000000000000e+00
12                                     0.0000000000000000e+00
13                                     0.0000000000000000e+00
14                                     0.0000000000000000e+00
15                                     0.0000000000000000e+00
16                                     0.0000000000000000e+00
17                                     0.0000000000000000e+00
18                                     0.0000000000000000e+00
19                                     0.0000000000000000e+00
20                                     0.0000000000000000e+00
21                                     0.0000000000000000e+00
22                                     0.0000000000000000e+00
23                                     0.0000000000000000e+00
24                                     0.0000000000000000e+00
25                                     0.0000000000000000e+00
26                                     0.0000000000000000e+00
27                                     0.0000000000000000e+00
28                                     0.0000000000000000e+00
29                                     0.0000000000000000e+00
30                                     0.0000000000000000e+00
31                                     0.0000000000000000e+00
32                                     0.0000000000000000e+00
33                                     0.0000000000000000e+00
34                                     0.0000000000000000e+00
35                                     0.0000000000000000e+00
36                                     0.0000000000000000e+00
37                                     0.0000000000000000e+00
38                                     0.0000000000000000e+00
39                                     0.0000000000000000e+00
40                                     0.0000000000000000e+00
$End
$VdW_Correction
   &GeometryIndex 1
   &ListStatus       OUT
   &VDW [&Type "Double"]      -6.8106603214961842e-02
$End
$Calculation_Info
   &GeometryIndex 1
   &ListStatus       OUT
   &MULT [&Type "Integer"] 1
   &CHARGE [&Type "Integer"] 0
   &NUMOFATOMS [&Type "Integer"] 41
   &NUMOFELECTRONS [&Type "Integer"] 202
   &NUMOFFCELECTRONS [&Type "Integer"] 1
   &NUMOFCORRELECTRONS [&Type "Integer"] 0
   &NUMOFBASISFUNCTS [&Type "Integer"] 334
   &NUMOFAUXCBASISFUNCTS [&Type "Integer"] 0
   &NUMOFAUXJBASISFUNCTS [&Type "Integer"] 1185
   &NUMOFAUXJKBASISFUNCTS [&Type "Integer"] 0
   &NUMOFCABSBASISFUNCTS [&Type "Integer"] 0
   &TOTALENERGY [&Type "Double"]      -2.9295204443611947e+03  "Hartrees"
$End
$SCF_Dipole_Moment
   &GeometryIndex 1
   &ListStatus       OUT
   &METHOD [&Type "String"] "SCF"
   &LEVEL [&Type "String"] "Relaxed density"
   &MULT [&Type "Integer"] 1
   &STATE [&Type "Integer"] -1
   &IRREP [&Type "Integer"] 0
   &NATOMS [&Type "Integer"] 41
   &DODIPOLEATOM [&Type "Boolean"] false
   &DIPOLEELECCONTRIB [&Type "ArrayOfDoubles", &Dim (3,1)] "Electronic contribution"
                                                         0

0                                     -4.9396001189064869e+00
1                                     -3.9876676489108061e+00
2                                     -5.6869366091519904e+00
   &DIPOLENUCCONTRIB [&Type "ArrayOfDoubles", &Dim (3,1)] "Nuclear contribution"
                                                         0

0                                      4.4892729269623617e+00
1                                      3.5162239713951111e+00
2                                      6.7653102514344639e+00
   &DIPOLETOTAL [&Type "ArrayOfDoubles", &Dim (3,1)] "Total"
                                                         0

0                                     -4.5032719194412518e-01
1                                     -4.7144367751569494e-01
2                                      1.0783736422824735e+00
   &DIPOLEMAGNITUDE [&Type "Double", &Units "a.u."]       1.2601362756636170e+00
$End
