*************************************************
******************* ORCA 6.0.0 ******************
*************************************************
$Calculation_Status
   &GeometryIndex 1
   &ListStatus       OUT
   &VERSION [&Type "String"] "6.0.0"
   &PROGNAME [&Type "String"] "LeanSCF"
   &STATUS [&Type "String"] "NORMAL TERMINATION"
$End
$Geometry
   &GeometryIndex 1
   &ListStatus       OUT
   &NATOMS [&Type "Integer"] 41
   &NCORELESSECP [&Type "Integer"] 0
   &NGHOSTATOMS [&Type "Integer"] 0
   &CartesianCoordinates [&Type "Coordinates", &Dim(41,4), &Units "Bohr"] 
              C      8.735593128908    2.304835853982   -3.093645328678
              C      8.918181469797   -0.180818898847   -1.684474512165
              O      6.502295173584   -1.406061418802   -1.450266190726
              P      4.303761464362   -0.309893641162    0.272244384377
              S      5.410258242220    1.176686852029    3.484820816876
              O      2.440819747225   -2.640062546133    0.460836815107
              C      2.521055469652   -4.428770449372    2.512368702105
              C      4.924371821438   -5.979685116193    2.480766578964
              S      2.205238570174    2.028785648288   -2.178912072393
              C      0.422267407959    3.640620625346    0.270101584985
              S     -1.598223334707    1.585801396277    2.127257754385
              P     -3.980002723598    0.134326415396   -0.827085179095
              S     -2.694453397153   -2.547829554548   -3.017066342349
              O     -4.861392899676    2.530429026038   -2.345273462338
              C     -6.301263730938    4.591529766759   -1.240079104896
              C     -9.103168091225    4.208725607920   -1.679709514428
              O     -6.405007247928   -0.642054282518    0.765500588926
              C     -6.402604490062   -2.877997478373    2.320525516858
              C     -9.117368511958   -3.470686482701    3.011132025922
              H      7.675350215003    3.671313178512   -1.977223263567
              H     10.622182423082    3.036532898237   -3.427420043139
              H      7.777536748270    2.036496245487   -4.891644672143
              H      9.684356786762    0.116334880895    0.214381889319
              H     10.070680768584   -1.553176077897   -2.702937186760
              H      2.337469291003   -3.386182429052    4.291110534210
              H      0.848741454952   -5.595873507880    2.204020168871
              H      6.544609998465   -4.764144488571    2.851237308098
              H      4.822793863135   -7.421407830878    3.936304582905
              H      5.164965248372   -6.869600426251    0.645022614441
              H     -0.699718197406    5.074464456673   -0.680586189373
              H      1.726442286007    4.487860894518    1.622192597368
              H     -5.872807246903    4.710047269812    0.777163396589
              H     -5.616471068450    6.275840745426   -2.214955042500
              H    -10.122155547492    5.838842095498   -0.963527548244
              H     -9.477637203635    4.001944194655   -3.687857470977
              H     -9.751386432869    2.520344437140   -0.708106473451
              H     -5.535263125768   -4.420732928229    1.247579809079
              H     -5.260317346702   -2.492810818398    3.999762784190
              H    -10.215421680700   -3.819425675556    1.312077301157
              H     -9.158881838978   -5.142335431531    4.197423013428
              H     -9.943290497154   -1.893261165987    4.031714431455
$End
$SCF_Energy
   &GeometryIndex 1
   &ListStatus       OUT
   &SCF_ENERGY [&Type "Double"]      -2.9296351916293820e+03
$End
$DFT_Energy
   &GeometryIndex 1
   &ListStatus       OUT
   &NALPHAEL [&Type "Integer"] 101
   &NBETAEL [&Type "Integer"] 101
   &NTOTALEL [&Type "Integer"] 202
   &EEXCHANGE [&Type "Double"]      -2.3180347619403739e+02
   &ECORR [&Type "Double"]      -7.2925234817000710e+00
   &ECNL [&Type "Double"]       0.0000000000000000e+00
   &EXC [&Type "Double"]      -2.3909599967573746e+02
   &EEMBED [&Type "Double"]       0.0000000000000000e+00
   &FINALEN [&Type "Double"]      -2.9296351916293820e+03  "No Van der Waals correction"
$End
$Mulliken_Population_Analysis
   &GeometryIndex 1
   &ListStatus       OUT
   &NATOMS [&Type "Integer"] 41
   &ATNO [&Type "ArrayOfIntegers", &Dim (41,1)] 
                                                         0

0                                                        6
1                                                        6
2                                                        8
3                                                       15
4                                                       16
5                                                        8
6                                                        6
7                                                        6
8                                                       16
9                                                        6
10                                                      16
11                                                      15
12                                                      16
13                                                       8
14                                                       6
15                                                       6
16                                                       8
17                                                       6
18                                                       6
19                                                       1
20                                                       1
21                                                       1
22                                                       1
23                                                       1
24                                                       1
25                                                       1
26                                                       1
27                                                       1
28                                                       1
29                                                       1
30                                                       1
31                                                       1
32                                                       1
33                                                       1
34                                                       1
35                                                       1
36                                                       1
37                                                       1
38                                                       1
39                                                       1
40                                                       1
   &ATOMICCHARGES [&Type "ArrayOfDoubles", &Dim (41,1)] 
                                                         0

0                                     -3.1567213839295771e-01
1                                     -4.0859544198923459e-03
2                                     -3.6812939499689357e-01
3                                      6.1844729445296309e-01
4                                     -3.4759882218918747e-01
5                                     -3.4285834430310658e-01
6                                      1.8002332301056967e-03
7                                     -3.0922515447508836e-01
8                                     -6.1946433049765659e-02
9                                     -3.5705070069978717e-01
10                                    -1.1233285131235959e-01
11                                     5.9857022663754300e-01
12                                    -2.8578191135024511e-01
13                                    -3.6205614405777276e-01
14                                    -2.7451641579923525e-02
15                                    -2.8428621013982003e-01
16                                    -3.8659237300816685e-01
17                                    -1.7875123632725476e-02
18                                    -2.8168503215650986e-01
19                                     1.2435932775909886e-01
20                                     1.1238659243557092e-01
21                                     1.2097300498152430e-01
22                                     1.1028895116207682e-01
23                                     1.0636654581343030e-01
24                                     1.0728209645935738e-01
25                                     1.0195311124730422e-01
26                                     1.1980385582515551e-01
27                                     1.0865682058008241e-01
28                                     1.1992307020765935e-01
29                                     1.8364277021387609e-01
30                                     1.9171531481742798e-01
31                                     1.0518025156330801e-01
32                                     1.1064130206100364e-01
33                                     1.0949884048999337e-01
34                                     1.2162048326463037e-01
35                                     1.2633332402090547e-01
36                                     1.0768739309094499e-01
37                                     1.0496285903903080e-01
38                                     1.2339478768393586e-01
39                                     1.1305216545839669e-01
40                                     1.1608760726884815e-01
$End
$Loewdin_Population_Analysis
   &GeometryIndex 1
   &ListStatus       OUT
   &NATOMS [&Type "Integer"] 41
   &ATNO [&Type "ArrayOfIntegers", &Dim (41,1)] 
                                                         0

0                                                        6
1                                                        6
2                                                        8
3                                                       15
4                                                       16
5                                                        8
6                                                        6
7                                                        6
8                                                       16
9                                                        6
10                                                      16
11                                                      15
12                                                      16
13                                                       8
14                                                       6
15                                                       6
16                                                       8
17                                                       6
18                                                       6
19                                                       1
20                                                       1
21                                                       1
22                                                       1
23                                                       1
24                                                       1
25                                                       1
26                                                       1
27                                                       1
28                                                       1
29                                                       1
30                                                       1
31                                                       1
32                                                       1
33                                                       1
34                                                       1
35                                                       1
36                                                       1
37                                                       1
38                                                       1
39                                                       1
40                                                       1
   &ATOMICCHARGES [&Type "ArrayOfDoubles", &Dim (41,1)] 
                                                         0

0                                      5.8507675697644408e-06
1                                      6.5649799292103839e-05
2                                      3.9903977910907599e-04
3                                      1.0580850494905269e-04
4                                      1.3989846184765051e-06
5                                      5.7637028055019829e-04
6                                      2.8852257347293623e-05
7                                      1.4708901851120733e-05
8                                      1.9456864914240107e-04
9                                      1.2200090187018811e-04
10                                     1.9319333150960479e-04
11                                     5.5829507239386351e-02
12                                     6.7058284809238633e-05
13                                     2.4646679293793428e-01
14                                     1.8127049036153656e-02
15                                     3.1559269561555025e-04
16                                     5.6866914178326389e-01
17                                     1.0053732001822285e-01
18                                     7.7059388954506761e-03
19                                     8.5340994475174155e-07
20                                     2.4040642456508984e-07
21                                     6.4141956532176880e-07
22                                     9.6341056975730779e-09
23                                     4.2519044524699204e-07
24                                     2.4897746044564838e-07
25                                     2.7560899294056250e-06
26                                     1.0084610437877964e-07
27                                     3.3130568981786673e-08
28                                     2.9693361354592192e-07
29                                     2.6930002171655464e-06
30                                     1.1660737667652234e-05
31                                     3.2768815196125293e-05
32                                     8.4042831953285783e-05
33                                     4.4429414845591809e-05
34                                     6.1540440384705054e-06
35                                     1.6022827881416041e-06
36                                     1.7071227720277950e-04
37                                     8.0516306392416063e-05
38                                     2.0975099726785987e-05
39                                     1.0606183074250956e-04
40                                     6.9342724234463172e-06
$End
$Mayer_Population_Analysis
   &GeometryIndex 1
   &ListStatus       OUT
   &NATOMS [&Type "Integer"] 41 "Total number of atoms"
   &BONDTHRESH [&Type "Double"]       1.0000000000000001e-01  "The threshold for printing"
   &NBONDORDERSPRINT [&Type "Integer"] 42 "The number of bond orders larger than threshold"
   &BONDORDERS [&Type "ArrayOfDoubles", &Dim (42,1)] "The bond orders"
                                                         0

0                                      1.1661173578900037e+00
1                                      9.3531461369314650e-01
2                                      9.3782381952628358e-01
3                                      9.4455309243034435e-01
4                                      9.0850342411328688e-01
5                                      9.1584418430232872e-01
6                                      9.3379041397417983e-01
7                                      1.1134459825898606e+00
8                                      1.5755035945013101e+00
9                                      1.1459109014175575e+00
10                                     9.6103790932810185e-01
11                                     1.0958025356657990e-01
12                                     9.0847713111344230e-01
13                                     1.1642388936125492e+00
14                                     9.1839643819181360e-01
15                                     9.3022013646474444e-01
16                                     9.3674257557467833e-01
17                                     9.3959946791599414e-01
18                                     9.4552062667289916e-01
19                                     1.0110220002947858e+00
20                                     1.0002642475557739e+00
21                                     9.0232804432073732e-01
22                                     8.8368289367237596e-01
23                                     9.3345658913213136e-01
24                                     1.1228891614800292e-01
25                                     1.7087798562002248e+00
26                                     1.1252005596414989e+00
27                                     1.0597462537718436e+00
28                                     8.8879610651088814e-01
29                                     1.1701401681246804e+00
30                                     9.0844943499409803e-01
31                                     9.3189493494600517e-01
32                                     9.3899279397745639e-01
33                                     9.4675541507694638e-01
34                                     9.4037307618065169e-01
35                                     9.1056087988780943e-01
36                                     1.1601030443607132e+00
37                                     9.0725736498225407e-01
38                                     9.2777045607193032e-01
39                                     9.5075579701007551e-01
40                                     9.4157554160283219e-01
41                                     9.5075569197284004e-01
   &COMPONENTS [&Type "ArrayOfIntegers", &Dim (42,4)] "The indices and atomic numbers of the bonding atoms"
                                                         0                           1                           2                           3

0                                                        0                           6                           1                           6
1                                                        0                           6                          19                           1
2                                                        0                           6                          20                           1
3                                                        0                           6                          21                           1
4                                                        1                           6                           2                           8
5                                                        1                           6                          22                           1
6                                                        1                           6                          23                           1
7                                                        2                           8                           3                          15
8                                                        3                          15                           4                          16
9                                                        3                          15                           5                           8
10                                                       3                          15                           8                          16
11                                                       4                          16                           8                          16
12                                                       5                           8                           6                           6
13                                                       6                           6                           7                           6
14                                                       6                           6                          24                           1
15                                                       6                           6                          25                           1
16                                                       7                           6                          26                           1
17                                                       7                           6                          27                           1
18                                                       7                           6                          28                           1
19                                                       8                          16                           9                           6
20                                                       9                           6                          10                          16
21                                                       9                           6                          29                           1
22                                                       9                           6                          30                           1
23                                                      10                          16                          11                          15
24                                                      10                          16                          12                          16
25                                                      11                          15                          12                          16
26                                                      11                          15                          13                           8
27                                                      11                          15                          16                           8
28                                                      13                           8                          14                           6
29                                                      14                           6                          15                           6
30                                                      14                           6                          31                           1
31                                                      14                           6                          32                           1
32                                                      15                           6                          33                           1
33                                                      15                           6                          34                           1
34                                                      15                           6                          35                           1
35                                                      16                           8                          17                           6
36                                                      17                           6                          18                           6
37                                                      17                           6                          36                           1
38                                                      17                           6                          37                           1
39                                                      18                           6                          38                           1
40                                                      18                           6                          39                           1
41                                                      18                           6                          40                           1
   &ATNO [&Type "ArrayOfIntegers", &Dim (41,1)] "Atomic number of the elements"
                                                         0

0                                                        6
1                                                        6
2                                                        8
3                                                       15
4                                                       16
5                                                        8
6                                                        6
7                                                        6
8                                                       16
9                                                        6
10                                                      16
11                                                      15
12                                                      16
13                                                       8
14                                                       6
15                                                       6
16                                                       8
17                                                       6
18                                                       6
19                                                       1
20                                                       1
21                                                       1
22                                                       1
23                                                       1
24                                                       1
25                                                       1
26                                                       1
27                                                       1
28                                                       1
29                                                       1
30                                                       1
31                                                       1
32                                                       1
33                                                       1
34                                                       1
35                                                       1
36                                                       1
37                                                       1
38                                                       1
39                                                       1
40                                                       1
   &NA [&Type "ArrayOfDoubles", &Dim (41,1)] "Mulliken gross atomic population"
                                                         0

0                                      6.3156721383929462e+00
1                                      6.0040859544199119e+00
2                                      8.3681293949969060e+00
3                                      1.4381552705547058e+01
4                                      1.6347598822189127e+01
5                                      8.3428583443030764e+00
6                                      5.9981997667698783e+00
7                                      6.3092251544750937e+00
8                                      1.6061946433049734e+01
9                                      6.3570507006997792e+00
10                                     1.6112332851312345e+01
11                                     1.4401429773362448e+01
12                                     1.6285781911350227e+01
13                                     8.3620561440577550e+00
14                                     6.0274516415799484e+00
15                                     6.2842862101398254e+00
16                                     8.3865923730081402e+00
17                                     6.0178751236327326e+00
18                                     6.2816850321565134e+00
19                                     8.7564067224090103e-01
20                                     8.8761340756442964e-01
21                                     8.7902699501847537e-01
22                                     8.8971104883792296e-01
23                                     8.9363345418656936e-01
24                                     8.9271790354064284e-01
25                                     8.9804688875269589e-01
26                                     8.8019614417484426e-01
27                                     8.9134317941991958e-01
28                                     8.8007692979234065e-01
29                                     8.1635722978612468e-01
30                                     8.0828468518257124e-01
31                                     8.9481974843669221e-01
32                                     8.8935869793899558e-01
33                                     8.9050115951000641e-01
34                                     8.7837951673536885e-01
35                                     8.7366667597909431e-01
36                                     8.9231260690905478e-01
37                                     8.9503714096096887e-01
38                                     8.7660521231606392e-01
39                                     8.8694783454160397e-01
40                                     8.8391239273115207e-01
   &ZA [&Type "ArrayOfDoubles", &Dim (41,1)] "Total nuclear charge"
                                                         0

0                                      6.0000000000000000e+00
1                                      6.0000000000000000e+00
2                                      8.0000000000000000e+00
3                                      1.5000000000000000e+01
4                                      1.6000000000000000e+01
5                                      8.0000000000000000e+00
6                                      6.0000000000000000e+00
7                                      6.0000000000000000e+00
8                                      1.6000000000000000e+01
9                                      6.0000000000000000e+00
10                                     1.6000000000000000e+01
11                                     1.5000000000000000e+01
12                                     1.6000000000000000e+01
13                                     8.0000000000000000e+00
14                                     6.0000000000000000e+00
15                                     6.0000000000000000e+00
16                                     8.0000000000000000e+00
17                                     6.0000000000000000e+00
18                                     6.0000000000000000e+00
19                                     1.0000000000000000e+00
20                                     1.0000000000000000e+00
21                                     1.0000000000000000e+00
22                                     1.0000000000000000e+00
23                                     1.0000000000000000e+00
24                                     1.0000000000000000e+00
25                                     1.0000000000000000e+00
26                                     1.0000000000000000e+00
27                                     1.0000000000000000e+00
28                                     1.0000000000000000e+00
29                                     1.0000000000000000e+00
30                                     1.0000000000000000e+00
31                                     1.0000000000000000e+00
32                                     1.0000000000000000e+00
33                                     1.0000000000000000e+00
34                                     1.0000000000000000e+00
35                                     1.0000000000000000e+00
36                                     1.0000000000000000e+00
37                                     1.0000000000000000e+00
38                                     1.0000000000000000e+00
39                                     1.0000000000000000e+00
40                                     1.0000000000000000e+00
   &QA [&Type "ArrayOfDoubles", &Dim (41,1)] "Mulliken gross atomic charge"
                                                         0

0                                     -3.1567213839294617e-01
1                                     -4.0859544199118858e-03
2                                     -3.6812939499690600e-01
3                                      6.1844729445294178e-01
4                                     -3.4759882218912708e-01
5                                     -3.4285834430307638e-01
6                                      1.8002332301216839e-03
7                                     -3.0922515447509369e-01
8                                     -6.1946433049733685e-02
9                                     -3.5705070069977918e-01
10                                    -1.1233285131234538e-01
11                                     5.9857022663755188e-01
12                                    -2.8578191135022735e-01
13                                    -3.6205614405775499e-01
14                                    -2.7451641579948394e-02
15                                    -2.8428621013982536e-01
16                                    -3.8659237300814020e-01
17                                    -1.7875123632732581e-02
18                                    -2.8168503215651342e-01
19                                     1.2435932775909897e-01
20                                     1.1238659243557036e-01
21                                     1.2097300498152463e-01
22                                     1.1028895116207704e-01
23                                     1.0636654581343064e-01
24                                     1.0728209645935716e-01
25                                     1.0195311124730411e-01
26                                     1.1980385582515574e-01
27                                     1.0865682058008042e-01
28                                     1.1992307020765935e-01
29                                     1.8364277021387532e-01
30                                     1.9171531481742876e-01
31                                     1.0518025156330779e-01
32                                     1.1064130206100442e-01
33                                     1.0949884048999359e-01
34                                     1.2162048326463115e-01
35                                     1.2633332402090569e-01
36                                     1.0768739309094522e-01
37                                     1.0496285903903113e-01
38                                     1.2339478768393608e-01
39                                     1.1305216545839603e-01
40                                     1.1608760726884793e-01
   &VA [&Type "ArrayOfDoubles", &Dim (41,1)] "Mayer's total valence"
                                                         0

0                                      3.9891452526500166e+00
1                                      4.0045446664530875e+00
2                                      2.1885762325241180e+00
3                                      4.9546865511619229e+00
4                                      2.0427932759923197e+00
5                                      2.2088720816625993e+00
6                                      4.0029462734890879e+00
7                                      3.9979638447205974e+00
8                                      2.2918839529229511e+00
9                                      3.8531322608643617e+00
10                                     2.2770136425958927e+00
11                                     4.9719989923601666e+00
12                                     2.0617376216801095e+00
13                                     2.1611867877591795e+00
14                                     4.0042178363088503e+00
15                                     3.9943021091013953e+00
16                                     2.1488438080380337e+00
17                                     3.9721862645151651e+00
18                                     4.0026692478816965e+00
19                                     9.8372876761959283e-01
20                                     9.5498085348395290e-01
21                                     9.6056601773716821e-01
22                                     9.8087357626823091e-01
23                                     9.4899356127357959e-01
24                                     9.7955877258515589e-01
25                                     9.6066550193988087e-01
26                                     9.7990989816846064e-01
27                                     9.5412722725604704e-01
28                                     9.5931624353002931e-01
29                                     9.3612751080529288e-01
30                                     9.6827991848418848e-01
31                                     9.8146195529691160e-01
32                                     9.4348206151582548e-01
33                                     9.5499908147993240e-01
34                                     9.5799620271346864e-01
35                                     9.8274030793726352e-01
36                                     9.9578139729307535e-01
37                                     9.5015126629049251e-01
38                                     9.5882983566298641e-01
39                                     9.5440689854343508e-01
40                                     9.5717914375371094e-01
   &BVA [&Type "ArrayOfDoubles", &Dim (41,1)] "Mayer's bonded valence"
                                                         0

0                                      3.9891452526500775e+00
1                                      4.0045446664531053e+00
2                                      2.1885762325240701e+00
3                                      4.9546865511619389e+00
4                                      2.0427932759923793e+00
5                                      2.2088720816627072e+00
6                                      4.0029462734891146e+00
7                                      3.9979638447205668e+00
8                                      2.2918839529230119e+00
9                                      3.8531322608643870e+00
10                                     2.2770136425960077e+00
11                                     4.9719989923600973e+00
12                                     2.0617376216801144e+00
13                                     2.1611867877591671e+00
14                                     4.0042178363087810e+00
15                                     3.9943021091013873e+00
16                                     2.1488438080380514e+00
17                                     3.9721862645151096e+00
18                                     4.0026692478816805e+00
19                                     9.8372876761959571e-01
20                                     9.5498085348395734e-01
21                                     9.6056601773718076e-01
22                                     9.8087357626823857e-01
23                                     9.4899356127358936e-01
24                                     9.7955877258515023e-01
25                                     9.6066550193987199e-01
26                                     9.7990989816845731e-01
27                                     9.5412722725604460e-01
28                                     9.5931624353002787e-01
29                                     9.3612751080529566e-01
30                                     9.6827991848418538e-01
31                                     9.8146195529690683e-01
32                                     9.4348206151583158e-01
33                                     9.5499908147993851e-01
34                                     9.5799620271347419e-01
35                                     9.8274030793726264e-01
36                                     9.9578139729305781e-01
37                                     9.5015126629049762e-01
38                                     9.5882983566298552e-01
39                                     9.5440689854343674e-01
40                                     9.5717914375372148e-01
   &FA [&Type "ArrayOfDoubles", &Dim (41,1)] "Mayer's free valence"
                                                         0

0                                      0.0000000000000000e+00
1                                      0.0000000000000000e+00
2                                      0.0000000000000000e+00
3                                      0.0000000000000000e+00
4                                      0.0000000000000000e+00
5                                      0.0000000000000000e+00
6                                      0.0000000000000000e+00
7                                      0.0000000000000000e+00
8                                      0.0000000000000000e+00
9                                      0.0000000000000000e+00
10                                     0.0000000000000000e+00
11                                     0.0000000000000000e+00
12                                     0.0000000000000000e+00
13                                     0.0000000000000000e+00
14                                     0.0000000000000000e+00
15                                     0.0000000000000000e+00
16                                     0.0000000000000000e+00
17                                     0.0000000000000000e+00
18                                     0.0000000000000000e+00
19                                     0.0000000000000000e+00
20                                     0.0000000000000000e+00
21                                     0.0000000000000000e+00
22                                     0.0000000000000000e+00
23                                     0.0000000000000000e+00
24                                     0.0000000000000000e+00
25                                     0.0000000000000000e+00
26                                     0.0000000000000000e+00
27                                     0.0000000000000000e+00
28                                     0.0000000000000000e+00
29                                     0.0000000000000000e+00
30                                     0.0000000000000000e+00
31                                     0.0000000000000000e+00
32                                     0.0000000000000000e+00
33                                     0.0000000000000000e+00
34                                     0.0000000000000000e+00
35                                     0.0000000000000000e+00
36                                     0.0000000000000000e+00
37                                     0.0000000000000000e+00
38                                     0.0000000000000000e+00
39                                     0.0000000000000000e+00
40                                     0.0000000000000000e+00
$End
$VdW_Correction
   &GeometryIndex 1
   &ListStatus       OUT
   &VDW [&Type "Double"]      -6.5480519598754852e-02
$End
$Calculation_Info
   &GeometryIndex 1
   &ListStatus       OUT
   &MULT [&Type "Integer"] 1
   &CHARGE [&Type "Integer"] 0
   &NUMOFATOMS [&Type "Integer"] 41
   &NUMOFELECTRONS [&Type "Integer"] 202
   &NUMOFFCELECTRONS [&Type "Integer"] 1
   &NUMOFCORRELECTRONS [&Type "Integer"] 0
   &NUMOFBASISFUNCTS [&Type "Integer"] 334
   &NUMOFAUXCBASISFUNCTS [&Type "Integer"] 0
   &NUMOFAUXJBASISFUNCTS [&Type "Integer"] 1185
   &NUMOFAUXJKBASISFUNCTS [&Type "Integer"] 0
   &NUMOFCABSBASISFUNCTS [&Type "Integer"] 0
   &TOTALENERGY [&Type "Double"]      -2.9295168053326806e+03  "Hartrees"
$End
$SCF_Dipole_Moment
   &GeometryIndex 1
   &ListStatus       OUT
   &METHOD [&Type "String"] "SCF"
   &LEVEL [&Type "String"] "Relaxed density"
   &MULT [&Type "Integer"] 1
   &STATE [&Type "Integer"] -1
   &IRREP [&Type "Integer"] 0
   &NATOMS [&Type "Integer"] 41
   &DODIPOLEATOM [&Type "Boolean"] false
   &DIPOLEELECCONTRIB [&Type "ArrayOfDoubles", &Dim (3,1)] "Electronic contribution"
                                                         0

0                                      6.7391186713660742e+00
1                                      3.1301845490403895e+00
2                                     -4.7298900182573611e+00
   &DIPOLENUCCONTRIB [&Type "ArrayOfDoubles", &Dim (3,1)] "Nuclear contribution"
                                                         0

0                                     -7.3603873248848064e+00
1                                     -2.7429392937485879e+00
2                                      5.2380214397640312e+00
   &DIPOLETOTAL [&Type "ArrayOfDoubles", &Dim (3,1)] "Total"
                                                         0

0                                     -6.2126865351873217e-01
1                                      3.8724525529180154e-01
2                                      5.0813142150667012e-01
   &DIPOLEMAGNITUDE [&Type "Double", &Units "a.u."]       8.9114037564986381e-01
$End
