*************************************************
******************* ORCA 6.0.0 ******************
*************************************************
$Calculation_Status
   &GeometryIndex 1
   &ListStatus       OUT
   &VERSION [&Type "String"] "6.0.0"
   &PROGNAME [&Type "String"] "LeanSCF"
   &STATUS [&Type "String"] "NORMAL TERMINATION"
$End
$Geometry
   &GeometryIndex 1
   &ListStatus       OUT
   &NATOMS [&Type "Integer"] 41
   &NCORELESSECP [&Type "Integer"] 0
   &NGHOSTATOMS [&Type "Integer"] 0
   &CartesianCoordinates [&Type "Coordinates", &Dim(41,4), &Units "Bohr"] 
              C      3.937492856115    4.818315270968   -3.270138134368
              C      3.257232839708    2.043550282096   -3.120119185224
              O      2.150995832297    1.454395174298   -0.692441825636
              P      3.828715304480    0.149471310857    1.424576793513
              S      7.111350022026    1.688062078807    2.157694482285
              O      3.964374289549   -2.698143978814    0.432651916237
              C      5.964333744719   -4.411875869711    1.123987317615
              C      7.858495115199   -4.617640567231   -1.015081762167
              S      1.258563356951    0.103777117455    4.434223186668
              C     -1.182500714478   -2.033285862701    3.220355035272
              S     -4.106585921909   -0.469432409793    2.425926585584
              P     -3.630151703380   -0.049819427191   -1.552130484490
              S     -1.556384399747   -2.609912431673   -3.227135859623
              O     -2.719810174599    2.747496676342   -2.051713388957
              C     -3.995299375784    4.944307654151   -1.025089182398
              C     -2.564551787783    5.998697619835    1.223454413088
              O     -6.473778880813    0.113887837108   -2.535198270745
              C     -7.938122584861   -2.072859270761   -3.209705548462
              C     -8.528555595390   -3.744367315186   -0.961364432974
              H      5.323320377213    5.285278598421   -1.824175031463
              H      4.734097772555    5.214414850867   -5.118200133753
              H      2.261169228440    5.970399677737   -2.993186415168
              H      4.918471023462    0.849053952727   -3.409172594178
              H      1.810753090781    1.537362237526   -4.502232560911
              H      6.879305322493   -3.733850337862    2.848811111013
              H      5.031108353765   -6.215300055280    1.482739807371
              H      8.809637754385   -2.814515438004   -1.287519011616
              H      9.254605617148   -6.044985950314   -0.548344421394
              H      6.899043781058   -5.141592615526   -2.753928637406
              H     -1.606654136582   -3.343629721288    4.742596428071
              H     -0.464512261572   -3.006540464226    1.548763357426
              H     -4.029210708922    6.292138143093   -2.585657150079
              H     -5.926484091360    4.430319953181   -0.511888223361
              H     -0.591998989160    6.302719947283    0.735206448044
              H     -3.405253639114    7.787679608763    1.771578515847
              H     -2.644881535424    4.710328486761    2.822812923668
              H     -9.651437803808   -1.274243415672   -4.032757410236
              H     -6.897151533463   -3.132345922314   -4.648759104352
              H     -6.810998482680   -4.649776185948   -0.282316130696
              H     -9.344534454698   -2.635338813212    0.562914983918
              H     -9.858829724092   -5.195632758131   -1.536274914998
$End
$SCF_Energy
   &GeometryIndex 1
   &ListStatus       OUT
   &SCF_ENERGY [&Type "Double"]      -2.9296409880454039e+03
$End
$DFT_Energy
   &GeometryIndex 1
   &ListStatus       OUT
   &NALPHAEL [&Type "Integer"] 101
   &NBETAEL [&Type "Integer"] 101
   &NTOTALEL [&Type "Integer"] 202
   &EEXCHANGE [&Type "Double"]      -2.3180046597591863e+02
   &ECORR [&Type "Double"]      -7.2932317336397992e+00
   &ECNL [&Type "Double"]       0.0000000000000000e+00
   &EXC [&Type "Double"]      -2.3909369770955843e+02
   &EEMBED [&Type "Double"]       0.0000000000000000e+00
   &FINALEN [&Type "Double"]      -2.9296409880454039e+03  "No Van der Waals correction"
$End
$Mulliken_Population_Analysis
   &GeometryIndex 1
   &ListStatus       OUT
   &NATOMS [&Type "Integer"] 41
   &ATNO [&Type "ArrayOfIntegers", &Dim (41,1)] 
                                                         0

0                                                        6
1                                                        6
2                                                        8
3                                                       15
4                                                       16
5                                                        8
6                                                        6
7                                                        6
8                                                       16
9                                                        6
10                                                      16
11                                                      15
12                                                      16
13                                                       8
14                                                       6
15                                                       6
16                                                       8
17                                                       6
18                                                       6
19                                                       1
20                                                       1
21                                                       1
22                                                       1
23                                                       1
24                                                       1
25                                                       1
26                                                       1
27                                                       1
28                                                       1
29                                                       1
30                                                       1
31                                                       1
32                                                       1
33                                                       1
34                                                       1
35                                                       1
36                                                       1
37                                                       1
38                                                       1
39                                                       1
40                                                       1
   &ATOMICCHARGES [&Type "ArrayOfDoubles", &Dim (41,1)] 
                                                         0

0                                     -2.9581111418480610e-01
1                                     -7.0469322239326004e-03
2                                     -3.6666552817476195e-01
3                                      6.0831217833345619e-01
4                                     -3.2696106588226570e-01
5                                     -3.7784130462080512e-01
6                                     -4.7872504034494057e-03
7                                     -2.9587074066035512e-01
8                                     -7.4818262583026041e-02
9                                     -3.6772092921931687e-01
10                                    -1.0256123241484616e-01
11                                     6.1933462033930908e-01
12                                    -3.0519714665640407e-01
13                                    -3.5475485761556946e-01
14                                    -1.6758407094329186e-02
15                                    -3.0251654603506051e-01
16                                    -3.8199355639378396e-01
17                                     4.3282356416796119e-04
18                                    -3.1351246745985240e-01
19                                     1.2148220924864894e-01
20                                     1.0466363357377872e-01
21                                     1.1895063855321264e-01
22                                     1.0026754425490791e-01
23                                     1.1216187093538421e-01
24                                     1.0517565860175471e-01
25                                     1.0163877486880235e-01
26                                     1.2394441571530002e-01
27                                     1.0883932185706358e-01
28                                     1.1726911999232703e-01
29                                     1.8512833891177061e-01
30                                     2.1343035401674271e-01
31                                     1.1000462679832546e-01
32                                     1.0592241982653428e-01
33                                     1.3209877114265312e-01
34                                     1.0525480754937622e-01
35                                     1.2988014996976238e-01
36                                     1.0523104340994827e-01
37                                     1.1164418538937593e-01
38                                     1.2245580823676383e-01
39                                     1.1759811551540733e-01
40                                     1.1369591101772558e-01
$End
$Loewdin_Population_Analysis
   &GeometryIndex 1
   &ListStatus       OUT
   &NATOMS [&Type "Integer"] 41
   &ATNO [&Type "ArrayOfIntegers", &Dim (41,1)] 
                                                         0

0                                                        6
1                                                        6
2                                                        8
3                                                       15
4                                                       16
5                                                        8
6                                                        6
7                                                        6
8                                                       16
9                                                        6
10                                                      16
11                                                      15
12                                                      16
13                                                       8
14                                                       6
15                                                       6
16                                                       8
17                                                       6
18                                                       6
19                                                       1
20                                                       1
21                                                       1
22                                                       1
23                                                       1
24                                                       1
25                                                       1
26                                                       1
27                                                       1
28                                                       1
29                                                       1
30                                                       1
31                                                       1
32                                                       1
33                                                       1
34                                                       1
35                                                       1
36                                                       1
37                                                       1
38                                                       1
39                                                       1
40                                                       1
   &ATOMICCHARGES [&Type "ArrayOfDoubles", &Dim (41,1)] 
                                                         0

0                                      1.8442470052546333e-03
1                                      6.7035215395748290e-02
2                                      4.0316741115002336e-01
3                                      3.1595267942974473e-02
4                                      5.3814065368180659e-05
5                                      2.3552242492768566e-01
6                                      4.6300888865240399e-02
7                                      1.0599837011171010e-03
8                                      5.1039522249365509e-04
9                                      2.1738833298939970e-04
10                                     5.8491977963751999e-05
11                                     1.3214202813679004e-02
12                                     5.1747825220805234e-05
13                                     7.9366153220586599e-02
14                                     7.0040154471686968e-03
15                                     1.8367919043677948e-04
16                                     9.5520191251475067e-02
17                                     1.5629307459647995e-02
18                                     3.6165631444595768e-04
19                                     9.6482645322964333e-08
20                                     8.6318477736790634e-05
21                                     1.7558972947334746e-05
22                                     2.5038602895733903e-04
23                                     2.5761904168472073e-04
24                                     1.8660776812319757e-04
25                                     1.8599725114463197e-04
26                                     1.9160016246859417e-08
27                                     3.7118833401901112e-05
28                                     2.4710404107602209e-06
29                                     9.9497726763813177e-07
30                                     4.2648822651341734e-06
31                                     2.2389263229207662e-05
32                                     5.2853762682080702e-05
33                                     1.1618051329744101e-05
34                                     1.4907539277692839e-05
35                                     2.9288518232541520e-07
36                                     1.1027721924171387e-04
37                                     2.7036652901008116e-05
38                                     4.8247499404161024e-06
39                                     1.1950882734241138e-06
40                                     2.8669761823199108e-05
$End
$Mayer_Population_Analysis
   &GeometryIndex 1
   &ListStatus       OUT
   &NATOMS [&Type "Integer"] 41 "Total number of atoms"
   &BONDTHRESH [&Type "Double"]       1.0000000000000001e-01  "The threshold for printing"
   &NBONDORDERSPRINT [&Type "Integer"] 41 "The number of bond orders larger than threshold"
   &BONDORDERS [&Type "ArrayOfDoubles", &Dim (41,1)] "The bond orders"
                                                         0

0                                      1.1724667913804270e+00
1                                      9.3524567230036182e-01
2                                      9.4033627820443033e-01
3                                      9.3989481111944950e-01
4                                      8.7839973176354147e-01
5                                      9.1335532246782702e-01
6                                      9.1478971461771696e-01
7                                      1.1226666141297592e+00
8                                      1.6260934340812825e+00
9                                      1.0701773599473969e+00
10                                     1.0029822605870717e+00
11                                     9.0469453117929111e-01
12                                     1.1688475442264357e+00
13                                     9.0975331112318636e-01
14                                     9.3281087924341044e-01
15                                     9.3842392434321265e-01
16                                     9.4025816103400606e-01
17                                     9.4707557770826434e-01
18                                     9.7273234602339675e-01
19                                     1.0086845135338580e+00
20                                     9.1090904352576307e-01
21                                     8.4844005457065330e-01
22                                     9.4424960047349671e-01
23                                     1.0840125746918636e-01
24                                     1.6193863271346536e+00
25                                     1.1350467699557865e+00
26                                     1.0867636562502860e+00
27                                     8.8910195974887651e-01
28                                     1.1635303826712846e+00
29                                     9.3409892420085783e-01
30                                     9.1970541955762397e-01
31                                     9.3961244828713386e-01
32                                     9.3678596943028603e-01
33                                     9.2932901723189443e-01
34                                     9.0899380617747050e-01
35                                     1.1672047103474530e+00
36                                     9.3436664346701537e-01
37                                     9.1769403725926879e-01
38                                     9.3704371900717764e-01
39                                     9.4320586826665953e-01
40                                     9.3692404755337433e-01
   &COMPONENTS [&Type "ArrayOfIntegers", &Dim (41,4)] "The indices and atomic numbers of the bonding atoms"
                                                         0                           1                           2                           3

0                                                        0                           6                           1                           6
1                                                        0                           6                          19                           1
2                                                        0                           6                          20                           1
3                                                        0                           6                          21                           1
4                                                        1                           6                           2                           8
5                                                        1                           6                          22                           1
6                                                        1                           6                          23                           1
7                                                        2                           8                           3                          15
8                                                        3                          15                           4                          16
9                                                        3                          15                           5                           8
10                                                       3                          15                           8                          16
11                                                       5                           8                           6                           6
12                                                       6                           6                           7                           6
13                                                       6                           6                          24                           1
14                                                       6                           6                          25                           1
15                                                       7                           6                          26                           1
16                                                       7                           6                          27                           1
17                                                       7                           6                          28                           1
18                                                       8                          16                           9                           6
19                                                       9                           6                          10                          16
20                                                       9                           6                          29                           1
21                                                       9                           6                          30                           1
22                                                      10                          16                          11                          15
23                                                      10                          16                          12                          16
24                                                      11                          15                          12                          16
25                                                      11                          15                          13                           8
26                                                      11                          15                          16                           8
27                                                      13                           8                          14                           6
28                                                      14                           6                          15                           6
29                                                      14                           6                          31                           1
30                                                      14                           6                          32                           1
31                                                      15                           6                          33                           1
32                                                      15                           6                          34                           1
33                                                      15                           6                          35                           1
34                                                      16                           8                          17                           6
35                                                      17                           6                          18                           6
36                                                      17                           6                          36                           1
37                                                      17                           6                          37                           1
38                                                      18                           6                          38                           1
39                                                      18                           6                          39                           1
40                                                      18                           6                          40                           1
   &ATNO [&Type "ArrayOfIntegers", &Dim (41,1)] "Atomic number of the elements"
                                                         0

0                                                        6
1                                                        6
2                                                        8
3                                                       15
4                                                       16
5                                                        8
6                                                        6
7                                                        6
8                                                       16
9                                                        6
10                                                      16
11                                                      15
12                                                      16
13                                                       8
14                                                       6
15                                                       6
16                                                       8
17                                                       6
18                                                       6
19                                                       1
20                                                       1
21                                                       1
22                                                       1
23                                                       1
24                                                       1
25                                                       1
26                                                       1
27                                                       1
28                                                       1
29                                                       1
30                                                       1
31                                                       1
32                                                       1
33                                                       1
34                                                       1
35                                                       1
36                                                       1
37                                                       1
38                                                       1
39                                                       1
40                                                       1
   &NA [&Type "ArrayOfDoubles", &Dim (41,1)] "Mulliken gross atomic population"
                                                         0

0                                      6.2958111141848159e+00
1                                      6.0070469322239486e+00
2                                      8.3666655281747602e+00
3                                      1.4391687821666547e+01
4                                      1.6326961065882305e+01
5                                      8.3778413046207874e+00
6                                      6.0047872504034476e+00
7                                      6.2958707406603587e+00
8                                      1.6074818262583047e+01
9                                      6.3677209292193115e+00
10                                     1.6102561232414896e+01
11                                     1.4380665379660680e+01
12                                     1.6305197146656386e+01
13                                     8.3547548576156014e+00
14                                     6.0167584070943416e+00
15                                     6.3025165460350694e+00
16                                     8.3819935563937928e+00
17                                     5.9995671764358223e+00
18                                     6.3135124674598320e+00
19                                     8.7851779075135028e-01
20                                     8.9533636642622050e-01
21                                     8.8104936144678747e-01
22                                     8.9973245574509120e-01
23                                     8.8783812906461634e-01
24                                     8.9482434139824496e-01
25                                     8.9836122513119765e-01
26                                     8.7605558428470032e-01
27                                     8.9116067814293565e-01
28                                     8.8273088000767364e-01
29                                     8.1487166108822850e-01
30                                     7.8656964598325663e-01
31                                     8.8999537320167388e-01
32                                     8.9407758017346606e-01
33                                     8.6790122885734677e-01
34                                     8.9474519245062478e-01
35                                     8.7011985003023806e-01
36                                     8.9476895659005229e-01
37                                     8.8835581461062341e-01
38                                     8.7754419176323673e-01
39                                     8.8240188448459289e-01
40                                     8.8630408898227453e-01
   &ZA [&Type "ArrayOfDoubles", &Dim (41,1)] "Total nuclear charge"
                                                         0

0                                      6.0000000000000000e+00
1                                      6.0000000000000000e+00
2                                      8.0000000000000000e+00
3                                      1.5000000000000000e+01
4                                      1.6000000000000000e+01
5                                      8.0000000000000000e+00
6                                      6.0000000000000000e+00
7                                      6.0000000000000000e+00
8                                      1.6000000000000000e+01
9                                      6.0000000000000000e+00
10                                     1.6000000000000000e+01
11                                     1.5000000000000000e+01
12                                     1.6000000000000000e+01
13                                     8.0000000000000000e+00
14                                     6.0000000000000000e+00
15                                     6.0000000000000000e+00
16                                     8.0000000000000000e+00
17                                     6.0000000000000000e+00
18                                     6.0000000000000000e+00
19                                     1.0000000000000000e+00
20                                     1.0000000000000000e+00
21                                     1.0000000000000000e+00
22                                     1.0000000000000000e+00
23                                     1.0000000000000000e+00
24                                     1.0000000000000000e+00
25                                     1.0000000000000000e+00
26                                     1.0000000000000000e+00
27                                     1.0000000000000000e+00
28                                     1.0000000000000000e+00
29                                     1.0000000000000000e+00
30                                     1.0000000000000000e+00
31                                     1.0000000000000000e+00
32                                     1.0000000000000000e+00
33                                     1.0000000000000000e+00
34                                     1.0000000000000000e+00
35                                     1.0000000000000000e+00
36                                     1.0000000000000000e+00
37                                     1.0000000000000000e+00
38                                     1.0000000000000000e+00
39                                     1.0000000000000000e+00
40                                     1.0000000000000000e+00
   &QA [&Type "ArrayOfDoubles", &Dim (41,1)] "Mulliken gross atomic charge"
                                                         0

0                                     -2.9581111418481587e-01
1                                     -7.0469322239485876e-03
2                                     -3.6666552817476017e-01
3                                      6.0831217833345264e-01
4                                     -3.2696106588230478e-01
5                                     -3.7784130462078735e-01
6                                     -4.7872504034476293e-03
7                                     -2.9587074066035868e-01
8                                     -7.4818262583047357e-02
9                                     -3.6772092921931154e-01
10                                    -1.0256123241489590e-01
11                                     6.1933462033931974e-01
12                                    -3.0519714665638631e-01
13                                    -3.5475485761560144e-01
14                                    -1.6758407094341621e-02
15                                    -3.0251654603506939e-01
16                                    -3.8199355639379284e-01
17                                     4.3282356417773116e-04
18                                    -3.1351246745983197e-01
19                                     1.2148220924864972e-01
20                                     1.0466363357377950e-01
21                                     1.1895063855321253e-01
22                                     1.0026754425490880e-01
23                                     1.1216187093538366e-01
24                                     1.0517565860175504e-01
25                                     1.0163877486880235e-01
26                                     1.2394441571529968e-01
27                                     1.0883932185706435e-01
28                                     1.1726911999232636e-01
29                                     1.8512833891177150e-01
30                                     2.1343035401674337e-01
31                                     1.1000462679832612e-01
32                                     1.0592241982653394e-01
33                                     1.3209877114265323e-01
34                                     1.0525480754937522e-01
35                                     1.2988014996976194e-01
36                                     1.0523104340994771e-01
37                                     1.1164418538937659e-01
38                                     1.2245580823676327e-01
39                                     1.1759811551540711e-01
40                                     1.1369591101772547e-01
   &VA [&Type "ArrayOfDoubles", &Dim (41,1)] "Mayer's total valence"
                                                         0

0                                      3.9966864393430224e+00
1                                      3.9926161792740098e+00
2                                      2.1736648983441604e+00
3                                      4.9913860417801992e+00
4                                      2.0284301252851589e+00
5                                      2.1742619849778992e+00
6                                      4.0016220299909158e+00
7                                      3.9918495700946059e+00
8                                      2.2238240153633395e+00
9                                      3.8158126535615642e+00
10                                     2.2830027706670544e+00
11                                     4.9542378649510068e+00
12                                     2.0727267884004870e+00
13                                     2.1791988233796444e+00
14                                     4.0035402613550062e+00
15                                     3.9807442361104237e+00
16                                     2.1723622250325176e+00
17                                     4.0080736419538088e+00
18                                     3.9915751722535648e+00
19                                     9.8951397995710100e-01
20                                     9.5531105058504906e-01
21                                     9.6314765954838732e-01
22                                     9.7571431225368443e-01
23                                     9.7679732287129106e-01
24                                     9.8779901320978747e-01
25                                     9.4698790904683772e-01
26                                     9.8381544494605755e-01
27                                     9.5493792616925988e-01
28                                     9.5808987017570024e-01
29                                     9.2862616877976234e-01
30                                     9.9639444683291156e-01
31                                     9.4821469183749796e-01
32                                     9.6911049430262530e-01
33                                     9.7597000649431931e-01
34                                     9.5355240203181257e-01
35                                     9.9023827954781674e-01
36                                     9.4920621167134500e-01
37                                     9.7955288263414764e-01
38                                     9.8234732444790085e-01
39                                     9.6337883126544488e-01
40                                     9.5429091632310048e-01
   &BVA [&Type "ArrayOfDoubles", &Dim (41,1)] "Mayer's bonded valence"
                                                         0

0                                      3.9966864393429997e+00
1                                      3.9926161792739716e+00
2                                      2.1736648983441795e+00
3                                      4.9913860417800677e+00
4                                      2.0284301252850594e+00
5                                      2.1742619849779343e+00
6                                      4.0016220299909504e+00
7                                      3.9918495700946464e+00
8                                      2.2238240153632600e+00
9                                      3.8158126535615979e+00
10                                     2.2830027706669895e+00
11                                     4.9542378649510423e+00
12                                     2.0727267884006326e+00
13                                     2.1791988233795365e+00
14                                     4.0035402613549822e+00
15                                     3.9807442361103726e+00
16                                     2.1723622250324865e+00
17                                     4.0080736419538789e+00
18                                     3.9915751722536554e+00
19                                     9.8951397995709567e-01
20                                     9.5531105058504273e-01
21                                     9.6314765954839143e-01
22                                     9.7571431225369154e-01
23                                     9.7679732287129206e-01
24                                     9.8779901320978358e-01
25                                     9.4698790904684116e-01
26                                     9.8381544494605844e-01
27                                     9.5493792616926898e-01
28                                     9.5808987017571523e-01
29                                     9.2862616877977000e-01
30                                     9.9639444683291900e-01
31                                     9.4821469183750462e-01
32                                     9.6911049430263119e-01
33                                     9.7597000649431376e-01
34                                     9.5355240203180147e-01
35                                     9.9023827954780796e-01
36                                     9.4920621167134578e-01
37                                     9.7955288263414975e-01
38                                     9.8234732444791595e-01
39                                     9.6337883126545543e-01
40                                     9.5429091632310925e-01
   &FA [&Type "ArrayOfDoubles", &Dim (41,1)] "Mayer's free valence"
                                                         0

0                                      0.0000000000000000e+00
1                                      0.0000000000000000e+00
2                                      0.0000000000000000e+00
3                                      0.0000000000000000e+00
4                                      0.0000000000000000e+00
5                                      0.0000000000000000e+00
6                                      0.0000000000000000e+00
7                                      0.0000000000000000e+00
8                                      0.0000000000000000e+00
9                                      0.0000000000000000e+00
10                                     0.0000000000000000e+00
11                                     0.0000000000000000e+00
12                                     0.0000000000000000e+00
13                                     0.0000000000000000e+00
14                                     0.0000000000000000e+00
15                                     0.0000000000000000e+00
16                                     0.0000000000000000e+00
17                                     0.0000000000000000e+00
18                                     0.0000000000000000e+00
19                                     0.0000000000000000e+00
20                                     0.0000000000000000e+00
21                                     0.0000000000000000e+00
22                                     0.0000000000000000e+00
23                                     0.0000000000000000e+00
24                                     0.0000000000000000e+00
25                                     0.0000000000000000e+00
26                                     0.0000000000000000e+00
27                                     0.0000000000000000e+00
28                                     0.0000000000000000e+00
29                                     0.0000000000000000e+00
30                                     0.0000000000000000e+00
31                                     0.0000000000000000e+00
32                                     0.0000000000000000e+00
33                                     0.0000000000000000e+00
34                                     0.0000000000000000e+00
35                                     0.0000000000000000e+00
36                                     0.0000000000000000e+00
37                                     0.0000000000000000e+00
38                                     0.0000000000000000e+00
39                                     0.0000000000000000e+00
40                                     0.0000000000000000e+00
$End
$VdW_Correction
   &GeometryIndex 1
   &ListStatus       OUT
   &VDW [&Type "Double"]      -6.7461364422519418e-02
$End
$Calculation_Info
   &GeometryIndex 1
   &ListStatus       OUT
   &MULT [&Type "Integer"] 1
   &CHARGE [&Type "Integer"] 0
   &NUMOFATOMS [&Type "Integer"] 41
   &NUMOFELECTRONS [&Type "Integer"] 202
   &NUMOFFCELECTRONS [&Type "Integer"] 1
   &NUMOFCORRELECTRONS [&Type "Integer"] 0
   &NUMOFBASISFUNCTS [&Type "Integer"] 334
   &NUMOFAUXCBASISFUNCTS [&Type "Integer"] 0
   &NUMOFAUXJBASISFUNCTS [&Type "Integer"] 1185
   &NUMOFAUXJKBASISFUNCTS [&Type "Integer"] 0
   &NUMOFCABSBASISFUNCTS [&Type "Integer"] 0
   &TOTALENERGY [&Type "Double"]      -2.9295205048727262e+03  "Hartrees"
$End
$SCF_Dipole_Moment
   &GeometryIndex 1
   &ListStatus       OUT
   &METHOD [&Type "String"] "SCF"
   &LEVEL [&Type "String"] "Relaxed density"
   &MULT [&Type "Integer"] 1
   &STATE [&Type "Integer"] -1
   &IRREP [&Type "Integer"] 0
   &NATOMS [&Type "Integer"] 41
   &DODIPOLEATOM [&Type "Boolean"] false
   &DIPOLEELECCONTRIB [&Type "ArrayOfDoubles", &Dim (3,1)] "Electronic contribution"
                                                         0

0                                      1.4271185870293044e+00
1                                     -9.8984890309639928e-01
2                                      9.3929229599646415e+00
   &DIPOLENUCCONTRIB [&Type "ArrayOfDoubles", &Dim (3,1)] "Nuclear contribution"
                                                         0

0                                     -2.7958895461158964e+00
1                                      5.7703381045517332e-01
2                                     -9.7567576126113007e+00
   &DIPOLETOTAL [&Type "ArrayOfDoubles", &Dim (3,1)] "Total"
                                                         0

0                                     -1.3687709590865920e+00
1                                     -4.1281509264122596e-01
2                                     -3.6383465264665915e-01
   &DIPOLEMAGNITUDE [&Type "Double", &Units "a.u."]       1.4752375719245112e+00
$End
