*************************************************
******************* ORCA 6.0.0 ******************
*************************************************
$Calculation_Status
   &GeometryIndex 1
   &ListStatus       OUT
   &VERSION [&Type "String"] "6.0.0"
   &PROGNAME [&Type "String"] "LeanSCF"
   &STATUS [&Type "String"] "NORMAL TERMINATION"
$End
$Geometry
   &GeometryIndex 1
   &ListStatus       OUT
   &NATOMS [&Type "Integer"] 41
   &NCORELESSECP [&Type "Integer"] 0
   &NGHOSTATOMS [&Type "Integer"] 0
   &CartesianCoordinates [&Type "Coordinates", &Dim(41,4), &Units "Bohr"] 
              C      2.461638221126    2.125596181312    5.153160303824
              C      4.679220381873    2.077717058586    3.341520573383
              O      5.354644166560   -0.456855484908    2.630133462042
              P      3.972828579586   -2.105836820108    0.524904157706
              S      0.592094367606   -3.410189077299    1.269399030729
              O      5.860162258995   -4.370506765267    0.184313597355
              C      8.502756236526   -4.051776732577   -0.477989611859
              C     10.153264021065   -4.143773403137    1.858832770708
              S      4.356977569587    0.095899997967   -2.842934443517
              C      1.080306498340    0.682683192953   -3.541796154867
              S     -0.326415200033    3.030297260253   -1.420694474570
              P     -3.816534438413    1.281944125068   -0.611963855625
              S     -4.789254296763   -1.573474485371   -2.776538923171
              O     -5.734632610405    3.595028421597   -0.703092295103
              C     -6.582332000257    4.649620757486   -3.064893103220
              C     -8.910160299132    6.232441951525   -2.538666035742
              O     -3.640885230468    0.857708352289    2.337099678335
              C     -5.138606709718   -1.011841409459    3.631104376874
              C     -7.924755917913   -0.371880967308    3.554263141344
              H      2.129698122904    4.055110600651    5.763372455132
              H      0.761040123390    1.422926095814    4.233862555792
              H      2.854622756057    0.946499531809    6.788148007999
              H      6.386558729650    2.811823137055    4.236935773751
              H      4.263219425015    3.176153617801    1.638167253433
              H      8.904820729219   -5.628646608513   -1.744831656046
              H      8.727517173759   -2.267498371396   -1.495043498456
              H     12.121120949267   -4.018680507295    1.293569196601
              H      9.704451862728   -2.582218095692    3.113593418910
              H      9.846772446681   -5.907168381537    2.865014136513
              H     -0.009386294463   -1.065289675666   -3.392780028580
              H      1.039638998375    1.426114194382   -5.456092811471
              H     -5.051741278291    5.798711993583   -3.845454520117
              H     -6.996407468670    3.095825771792   -4.368855604396
              H     -9.546071297984    7.095101635729   -4.286582399282
              H    -10.410231279418    5.054897664042   -1.779257526273
              H     -8.461622169792    7.699977967853   -1.176029997020
              H     -4.764207815940   -2.855715094863    2.768585537549
              H     -4.392247908157   -0.994954380389    5.552520989404
              H     -8.967543500494   -1.735840246315    4.676446414331
              H     -8.234993963552    1.517593840407    4.296943220977
              H     -8.601221310007   -0.446162368479    1.610859885743
$End
$SCF_Energy
   &GeometryIndex 1
   &ListStatus       OUT
   &SCF_ENERGY [&Type "Double"]      -2.9296398887297592e+03
$End
$DFT_Energy
   &GeometryIndex 1
   &ListStatus       OUT
   &NALPHAEL [&Type "Integer"] 101
   &NBETAEL [&Type "Integer"] 101
   &NTOTALEL [&Type "Integer"] 201
   &EEXCHANGE [&Type "Double"]      -2.3180348264007901e+02
   &ECORR [&Type "Double"]      -7.2951836868282554e+00
   &ECNL [&Type "Double"]       0.0000000000000000e+00
   &EXC [&Type "Double"]      -2.3909866632690728e+02
   &EEMBED [&Type "Double"]       0.0000000000000000e+00
   &FINALEN [&Type "Double"]      -2.9296398887297592e+03  "No Van der Waals correction"
$End
$Mulliken_Population_Analysis
   &GeometryIndex 1
   &ListStatus       OUT
   &NATOMS [&Type "Integer"] 41
   &ATNO [&Type "ArrayOfIntegers", &Dim (41,1)] 
                                                         0

0                                                        6
1                                                        6
2                                                        8
3                                                       15
4                                                       16
5                                                        8
6                                                        6
7                                                        6
8                                                       16
9                                                        6
10                                                      16
11                                                      15
12                                                      16
13                                                       8
14                                                       6
15                                                       6
16                                                       8
17                                                       6
18                                                       6
19                                                       1
20                                                       1
21                                                       1
22                                                       1
23                                                       1
24                                                       1
25                                                       1
26                                                       1
27                                                       1
28                                                       1
29                                                       1
30                                                       1
31                                                       1
32                                                       1
33                                                       1
34                                                       1
35                                                       1
36                                                       1
37                                                       1
38                                                       1
39                                                       1
40                                                       1
   &ATOMICCHARGES [&Type "ArrayOfDoubles", &Dim (41,1)] 
                                                         0

0                                     -3.2316174282737897e-01
1                                     -1.1153340527489064e-02
2                                     -3.7711558224127195e-01
3                                      6.0118090532898805e-01
4                                     -3.0261615924590757e-01
5                                     -3.5152607277846393e-01
6                                     -1.9498691263297729e-02
7                                     -2.8828587796227811e-01
8                                     -1.3514887363889017e-01
9                                     -3.3023824194478113e-01
10                                    -1.1547792921050970e-01
11                                     6.2381433438343947e-01
12                                    -3.1797319053720940e-01
13                                    -3.7456304949757779e-01
14                                    -8.9853707582649989e-03
15                                    -2.8036167320139871e-01
16                                    -3.5654220850432061e-01
17                                    -4.4765035998821645e-03
18                                    -3.0369510276641076e-01
19                                     1.0342710755142326e-01
20                                     1.5847828847189804e-01
21                                     1.0950792328451786e-01
22                                     9.9347304637676270e-02
23                                     1.0786961237530779e-01
24                                     1.1480928940750579e-01
25                                     1.0745332130301410e-01
26                                     1.0938009935598947e-01
27                                     1.2410564227758036e-01
28                                     1.2233929972822244e-01
29                                     2.1440680405996027e-01
30                                     1.7945673006876905e-01
31                                     9.7011897797943836e-02
32                                     1.0249770555247317e-01
33                                     1.1086575443414559e-01
34                                     1.1907036230755397e-01
35                                     1.1639246480764087e-01
36                                     1.2363780395961466e-01
37                                     1.0621272169960461e-01
38                                     1.1181713804342885e-01
39                                     1.1459026348558798e-01
40                                     1.2314683618298750e-01
$End
$Loewdin_Population_Analysis
   &GeometryIndex 1
   &ListStatus       OUT
   &NATOMS [&Type "Integer"] 41
   &ATNO [&Type "ArrayOfIntegers", &Dim (41,1)] 
                                                         0

0                                                        6
1                                                        6
2                                                        8
3                                                       15
4                                                       16
5                                                        8
6                                                        6
7                                                        6
8                                                       16
9                                                        6
10                                                      16
11                                                      15
12                                                      16
13                                                       8
14                                                       6
15                                                       6
16                                                       8
17                                                       6
18                                                       6
19                                                       1
20                                                       1
21                                                       1
22                                                       1
23                                                       1
24                                                       1
25                                                       1
26                                                       1
27                                                       1
28                                                       1
29                                                       1
30                                                       1
31                                                       1
32                                                       1
33                                                       1
34                                                       1
35                                                       1
36                                                       1
37                                                       1
38                                                       1
39                                                       1
40                                                       1
   &ATOMICCHARGES [&Type "ArrayOfDoubles", &Dim (41,1)] 
                                                         0

0                                      1.9526774825768236e-05
1                                      9.9859623629030002e-05
2                                      1.1134665465379646e-03
3                                      2.1707566676231190e-04
4                                      8.5508941985925320e-05
5                                      8.5113990027838114e-04
6                                      4.3492475367703056e-05
7                                      2.7680579663696727e-06
8                                      5.2163595326283979e-05
9                                      1.4089570583114368e-04
10                                     1.4465036448085939e-04
11                                     5.0062484973407546e-02
12                                     8.3413245456351895e-05
13                                     5.7582237866444075e-01
14                                     1.0666992188250554e-01
15                                     7.8615763688048602e-03
16                                     2.3633074659353623e-01
17                                     1.8600422094532148e-02
18                                     9.7829036750623675e-04
19                                     1.0949676535582584e-06
20                                     8.7197087857703889e-06
21                                     3.9338364364955216e-07
22                                     2.2097460224864977e-07
23                                     2.6543830873147580e-06
24                                     6.6466992750313596e-09
25                                     4.3861771470878977e-07
26                                     8.1014477842706723e-08
27                                     1.9429374289605026e-07
28                                     2.7035153660222034e-08
29                                     2.9216525572046310e-06
30                                     1.7536807541808264e-05
31                                     8.7326634942981517e-05
32                                     1.8611806986612315e-04
33                                     1.1591392528705202e-04
34                                     1.4148743850588432e-05
35                                     9.3621597464734662e-06
36                                     2.5299798318530391e-05
37                                     1.5993884683478807e-04
38                                     1.0561097561216779e-04
39                                     4.2242328109505263e-05
40                                     3.9967188589828120e-05
$End
$Mayer_Population_Analysis
   &GeometryIndex 1
   &ListStatus       OUT
   &NATOMS [&Type "Integer"] 41 "Total number of atoms"
   &BONDTHRESH [&Type "Double"]       1.0000000000000001e-01  "The threshold for printing"
   &NBONDORDERSPRINT [&Type "Integer"] 42 "The number of bond orders larger than threshold"
   &BONDORDERS [&Type "ArrayOfDoubles", &Dim (42,1)] "The bond orders"
                                                         0

0                                      1.1666682691750845e+00
1                                      9.3841182850953353e-01
2                                      9.2051652742635492e-01
3                                      9.4516216872248371e-01
4                                      9.1342287960481849e-01
5                                      9.3446888452591137e-01
6                                      9.0636570147969664e-01
7                                      1.0778651303373790e+00
8                                      1.6748790662801130e+00
9                                      1.1453272939157222e+00
10                                     9.2944898712468471e-01
11                                     1.1147877447232725e-01
12                                     8.9318779773306645e-01
13                                     1.1649718153924382e+00
14                                     9.3571229340964368e-01
15                                     9.1616328263760460e-01
16                                     9.3943038258653633e-01
17                                     9.4151535901792982e-01
18                                     9.4657358192963159e-01
19                                     1.0154148694124197e+00
20                                     9.8407872356418125e-01
21                                     8.4819244046018549e-01
22                                     9.0952744265270269e-01
23                                     9.5468977162677104e-01
24                                     1.1582558800807631e-01
25                                     1.6026726926760992e+00
26                                     1.0987754555768150e+00
27                                     1.1371760108837150e+00
28                                     9.0928678269417496e-01
29                                     1.1607212967683556e+00
30                                     9.2541047437895163e-01
31                                     9.0857384381595019e-01
32                                     9.4220603083643206e-01
33                                     9.5180319942201297e-01
34                                     9.5055630445741013e-01
35                                     8.9525579482053386e-01
36                                     1.1637831764167330e+00
37                                     9.1670627534508131e-01
38                                     9.3429666079125362e-01
39                                     9.3861409834251586e-01
40                                     9.4505097732607479e-01
41                                     9.3303147995197988e-01
   &COMPONENTS [&Type "ArrayOfIntegers", &Dim (42,4)] "The indices and atomic numbers of the bonding atoms"
                                                         0                           1                           2                           3

0                                                        0                           6                           1                           6
1                                                        0                           6                          19                           1
2                                                        0                           6                          20                           1
3                                                        0                           6                          21                           1
4                                                        1                           6                           2                           8
5                                                        1                           6                          22                           1
6                                                        1                           6                          23                           1
7                                                        2                           8                           3                          15
8                                                        3                          15                           4                          16
9                                                        3                          15                           5                           8
10                                                       3                          15                           8                          16
11                                                       4                          16                           8                          16
12                                                       5                           8                           6                           6
13                                                       6                           6                           7                           6
14                                                       6                           6                          24                           1
15                                                       6                           6                          25                           1
16                                                       7                           6                          26                           1
17                                                       7                           6                          27                           1
18                                                       7                           6                          28                           1
19                                                       8                          16                           9                           6
20                                                       9                           6                          10                          16
21                                                       9                           6                          29                           1
22                                                       9                           6                          30                           1
23                                                      10                          16                          11                          15
24                                                      10                          16                          12                          16
25                                                      11                          15                          12                          16
26                                                      11                          15                          13                           8
27                                                      11                          15                          16                           8
28                                                      13                           8                          14                           6
29                                                      14                           6                          15                           6
30                                                      14                           6                          31                           1
31                                                      14                           6                          32                           1
32                                                      15                           6                          33                           1
33                                                      15                           6                          34                           1
34                                                      15                           6                          35                           1
35                                                      16                           8                          17                           6
36                                                      17                           6                          18                           6
37                                                      17                           6                          36                           1
38                                                      17                           6                          37                           1
39                                                      18                           6                          38                           1
40                                                      18                           6                          39                           1
41                                                      18                           6                          40                           1
   &ATNO [&Type "ArrayOfIntegers", &Dim (41,1)] "Atomic number of the elements"
                                                         0

0                                                        6
1                                                        6
2                                                        8
3                                                       15
4                                                       16
5                                                        8
6                                                        6
7                                                        6
8                                                       16
9                                                        6
10                                                      16
11                                                      15
12                                                      16
13                                                       8
14                                                       6
15                                                       6
16                                                       8
17                                                       6
18                                                       6
19                                                       1
20                                                       1
21                                                       1
22                                                       1
23                                                       1
24                                                       1
25                                                       1
26                                                       1
27                                                       1
28                                                       1
29                                                       1
30                                                       1
31                                                       1
32                                                       1
33                                                       1
34                                                       1
35                                                       1
36                                                       1
37                                                       1
38                                                       1
39                                                       1
40                                                       1
   &NA [&Type "ArrayOfDoubles", &Dim (41,1)] "Mulliken gross atomic population"
                                                         0

0                                      6.3231617428273861e+00
1                                      6.0111533405275042e+00
2                                      8.3771155822412720e+00
3                                      1.4398819094671005e+01
4                                      1.6302616159245865e+01
5                                      8.3515260727784799e+00
6                                      6.0194986912632782e+00
7                                      6.2882858779622772e+00
8                                      1.6135148873638855e+01
9                                      6.3302382419447794e+00
10                                     1.6115477929210471e+01
11                                     1.4376185665616584e+01
12                                     1.6317973190537217e+01
13                                     8.3745630494976062e+00
14                                     6.0089853707582774e+00
15                                     6.2803616732014023e+00
16                                     8.3565422085042762e+00
17                                     6.0044765035998919e+00
18                                     6.3036951027664037e+00
19                                     8.9657289244857696e-01
20                                     8.4152171152810418e-01
21                                     8.9049207671548236e-01
22                                     9.0065269536232317e-01
23                                     8.9213038762469243e-01
24                                     8.8519071059249366e-01
25                                     8.9254667869698601e-01
26                                     8.9061990064401042e-01
27                                     8.7589435772242008e-01
28                                     8.7766070027177767e-01
29                                     7.8559319594004018e-01
30                                     8.2054326993123061e-01
31                                     9.0298810220205616e-01
32                                     8.9750229444752716e-01
33                                     8.8913424556585430e-01
34                                     8.8092963769244614e-01
35                                     8.8360753519235846e-01
36                                     8.7636219604038479e-01
37                                     8.9378727830039595e-01
38                                     8.8818286195657026e-01
39                                     8.8540973651441213e-01
40                                     8.7685316381701262e-01
   &ZA [&Type "ArrayOfDoubles", &Dim (41,1)] "Total nuclear charge"
                                                         0

0                                      6.0000000000000000e+00
1                                      6.0000000000000000e+00
2                                      8.0000000000000000e+00
3                                      1.5000000000000000e+01
4                                      1.6000000000000000e+01
5                                      8.0000000000000000e+00
6                                      6.0000000000000000e+00
7                                      6.0000000000000000e+00
8                                      1.6000000000000000e+01
9                                      6.0000000000000000e+00
10                                     1.6000000000000000e+01
11                                     1.5000000000000000e+01
12                                     1.6000000000000000e+01
13                                     8.0000000000000000e+00
14                                     6.0000000000000000e+00
15                                     6.0000000000000000e+00
16                                     8.0000000000000000e+00
17                                     6.0000000000000000e+00
18                                     6.0000000000000000e+00
19                                     1.0000000000000000e+00
20                                     1.0000000000000000e+00
21                                     1.0000000000000000e+00
22                                     1.0000000000000000e+00
23                                     1.0000000000000000e+00
24                                     1.0000000000000000e+00
25                                     1.0000000000000000e+00
26                                     1.0000000000000000e+00
27                                     1.0000000000000000e+00
28                                     1.0000000000000000e+00
29                                     1.0000000000000000e+00
30                                     1.0000000000000000e+00
31                                     1.0000000000000000e+00
32                                     1.0000000000000000e+00
33                                     1.0000000000000000e+00
34                                     1.0000000000000000e+00
35                                     1.0000000000000000e+00
36                                     1.0000000000000000e+00
37                                     1.0000000000000000e+00
38                                     1.0000000000000000e+00
39                                     1.0000000000000000e+00
40                                     1.0000000000000000e+00
   &QA [&Type "ArrayOfDoubles", &Dim (41,1)] "Mulliken gross atomic charge"
                                                         0

0                                     -3.2316174282738608e-01
1                                     -1.1153340527504163e-02
2                                     -3.7711558224127195e-01
3                                      6.0118090532899515e-01
4                                     -3.0261615924586494e-01
5                                     -3.5152607277847991e-01
6                                     -1.9498691263278189e-02
7                                     -2.8828587796227723e-01
8                                     -1.3514887363885464e-01
9                                     -3.3023824194477935e-01
10                                    -1.1547792921047062e-01
11                                     6.2381433438341638e-01
12                                    -3.1797319053721651e-01
13                                    -3.7456304949760622e-01
14                                    -8.9853707582774334e-03
15                                    -2.8036167320140226e-01
16                                    -3.5654220850427620e-01
17                                    -4.4765035998919345e-03
18                                    -3.0369510276640366e-01
19                                     1.0342710755142304e-01
20                                     1.5847828847189582e-01
21                                     1.0950792328451764e-01
22                                     9.9347304637676825e-02
23                                     1.0786961237530757e-01
24                                     1.1480928940750634e-01
25                                     1.0745332130301399e-01
26                                     1.0938009935598958e-01
27                                     1.2410564227757992e-01
28                                     1.2233929972822233e-01
29                                     2.1440680405995982e-01
30                                     1.7945673006876939e-01
31                                     9.7011897797943836e-02
32                                     1.0249770555247284e-01
33                                     1.1086575443414570e-01
34                                     1.1907036230755386e-01
35                                     1.1639246480764154e-01
36                                     1.2363780395961521e-01
37                                     1.0621272169960405e-01
38                                     1.1181713804342974e-01
39                                     1.1459026348558787e-01
40                                     1.2314683618298738e-01
   &VA [&Type "ArrayOfDoubles", &Dim (41,1)] "Mayer's total valence"
                                                         0

0                                      3.9765477472203514e+00
1                                      3.9974766564394901e+00
2                                      2.1731171346004348e+00
3                                      4.9767883670139517e+00
4                                      2.0730319837722671e+00
5                                      2.1665680259110567e+00
6                                      4.0271099331568543e+00
7                                      3.9884750981137014e+00
8                                      2.2692063425489502e+00
9                                      3.8204754758462731e+00
10                                     2.2575778678793204e+00
11                                     4.9728528770775924e+00
12                                     2.0798035282965657e+00
13                                     2.1681457119008107e+00
14                                     3.9633264049137722e+00
15                                     4.0067792669531750e+00
16                                     2.2086838624409073e+00
17                                     3.9917256483138832e+00
18                                     3.9910663369917327e+00
19                                     9.5552766131078926e-01
20                                     1.0004888138889592e+00
21                                     9.6007205280104257e-01
22                                     9.4579514643940810e-01
23                                     9.8550346197915262e-01
24                                     9.4737676830843520e-01
25                                     9.5522915004599684e-01
26                                     9.5406311264004851e-01
27                                     9.8103951243728560e-01
28                                     9.5783404872286571e-01
29                                     9.9340385502946282e-01
30                                     9.3502795456369636e-01
31                                     9.6575270517877276e-01
32                                     9.9421748885223837e-01
33                                     9.5454414679584731e-01
34                                     9.5975150211275262e-01
35                                     9.5857277267104324e-01
36                                     9.7162858428271659e-01
37                                     9.4845272599831809e-01
38                                     9.5413284758144068e-01
39                                     9.6032300506680845e-01
40                                     9.8599112394793031e-01
   &BVA [&Type "ArrayOfDoubles", &Dim (41,1)] "Mayer's bonded valence"
                                                         0

0                                      3.9765477472203790e+00
1                                      3.9974766564394679e+00
2                                      2.1731171346004259e+00
3                                      4.9767883670139259e+00
4                                      2.0730319837723856e+00
5                                      2.1665680259110207e+00
6                                      4.0271099331569262e+00
7                                      3.9884750981137445e+00
8                                      2.2692063425491003e+00
9                                      3.8204754758463197e+00
10                                     2.2575778678793110e+00
11                                     4.9728528770775311e+00
12                                     2.0798035282964884e+00
13                                     2.1681457119007996e+00
14                                     3.9633264049137709e+00
15                                     4.0067792669531279e+00
16                                     2.2086838624410010e+00
17                                     3.9917256483138615e+00
18                                     3.9910663369917021e+00
19                                     9.5552766131078881e-01
20                                     1.0004888138889572e+00
21                                     9.6007205280105312e-01
22                                     9.4579514643940432e-01
23                                     9.8550346197914418e-01
24                                     9.4737676830844497e-01
25                                     9.5522915004599929e-01
26                                     9.5406311264005073e-01
27                                     9.8103951243728837e-01
28                                     9.5783404872287725e-01
29                                     9.9340385502947048e-01
30                                     9.3502795456369525e-01
31                                     9.6575270517877554e-01
32                                     9.9421748885223538e-01
33                                     9.5454414679583854e-01
34                                     9.5975150211274707e-01
35                                     9.5857277267103747e-01
36                                     9.7162858428271504e-01
37                                     9.4845272599831687e-01
38                                     9.5413284758144312e-01
39                                     9.6032300506680035e-01
40                                     9.8599112394792843e-01
   &FA [&Type "ArrayOfDoubles", &Dim (41,1)] "Mayer's free valence"
                                                         0

0                                      0.0000000000000000e+00
1                                      0.0000000000000000e+00
2                                      0.0000000000000000e+00
3                                      0.0000000000000000e+00
4                                      0.0000000000000000e+00
5                                      0.0000000000000000e+00
6                                      0.0000000000000000e+00
7                                      0.0000000000000000e+00
8                                      0.0000000000000000e+00
9                                      0.0000000000000000e+00
10                                     0.0000000000000000e+00
11                                     0.0000000000000000e+00
12                                     0.0000000000000000e+00
13                                     0.0000000000000000e+00
14                                     0.0000000000000000e+00
15                                     0.0000000000000000e+00
16                                     0.0000000000000000e+00
17                                     0.0000000000000000e+00
18                                     0.0000000000000000e+00
19                                     0.0000000000000000e+00
20                                     0.0000000000000000e+00
21                                     0.0000000000000000e+00
22                                     0.0000000000000000e+00
23                                     0.0000000000000000e+00
24                                     0.0000000000000000e+00
25                                     0.0000000000000000e+00
26                                     0.0000000000000000e+00
27                                     0.0000000000000000e+00
28                                     0.0000000000000000e+00
29                                     0.0000000000000000e+00
30                                     0.0000000000000000e+00
31                                     0.0000000000000000e+00
32                                     0.0000000000000000e+00
33                                     0.0000000000000000e+00
34                                     0.0000000000000000e+00
35                                     0.0000000000000000e+00
36                                     0.0000000000000000e+00
37                                     0.0000000000000000e+00
38                                     0.0000000000000000e+00
39                                     0.0000000000000000e+00
40                                     0.0000000000000000e+00
$End
$VdW_Correction
   &GeometryIndex 1
   &ListStatus       OUT
   &VDW [&Type "Double"]      -6.5566380860731785e-02
$End
$Calculation_Info
   &GeometryIndex 1
   &ListStatus       OUT
   &MULT [&Type "Integer"] 1
   &CHARGE [&Type "Integer"] 0
   &NUMOFATOMS [&Type "Integer"] 41
   &NUMOFELECTRONS [&Type "Integer"] 202
   &NUMOFFCELECTRONS [&Type "Integer"] 1
   &NUMOFCORRELECTRONS [&Type "Integer"] 0
   &NUMOFBASISFUNCTS [&Type "Integer"] 334
   &NUMOFAUXCBASISFUNCTS [&Type "Integer"] 0
   &NUMOFAUXJBASISFUNCTS [&Type "Integer"] 1185
   &NUMOFAUXJKBASISFUNCTS [&Type "Integer"] 0
   &NUMOFCABSBASISFUNCTS [&Type "Integer"] 0
   &TOTALENERGY [&Type "Double"]      -2.9295202595238197e+03  "Hartrees"
$End
$SCF_Dipole_Moment
   &GeometryIndex 1
   &ListStatus       OUT
   &METHOD [&Type "String"] "SCF"
   &LEVEL [&Type "String"] "Relaxed density"
   &MULT [&Type "Integer"] 1
   &STATE [&Type "Integer"] -1
   &IRREP [&Type "Integer"] 0
   &NATOMS [&Type "Integer"] 41
   &DODIPOLEATOM [&Type "Boolean"] false
   &DIPOLEELECCONTRIB [&Type "ArrayOfDoubles", &Dim (3,1)] "Electronic contribution"
                                                         0

0                                      5.0154555779649392e+00
1                                     -7.5198356675387110e+00
2                                     -1.0566824826172853e+01
   &DIPOLENUCCONTRIB [&Type "ArrayOfDoubles", &Dim (3,1)] "Nuclear contribution"
                                                         0

0                                     -4.3742467819861961e+00
1                                      8.6555800374337934e+00
2                                      1.0735574592072570e+01
   &DIPOLETOTAL [&Type "ArrayOfDoubles", &Dim (3,1)] "Total"
                                                         0

0                                      6.4120879597874314e-01
1                                      1.1357443698950824e+00
2                                      1.6874976589971702e-01
   &DIPOLEMAGNITUDE [&Type "Double", &Units "a.u."]       1.3151199478679110e+00
$End
