*************************************************
******************* ORCA 6.0.0 ******************
*************************************************
$Calculation_Status
   &GeometryIndex 1
   &ListStatus       OUT
   &VERSION [&Type "String"] "6.0.0"
   &PROGNAME [&Type "String"] "LeanSCF"
   &STATUS [&Type "String"] "NORMAL TERMINATION"
$End
$Geometry
   &GeometryIndex 1
   &ListStatus       OUT
   &NATOMS [&Type "Integer"] 41
   &NCORELESSECP [&Type "Integer"] 0
   &NGHOSTATOMS [&Type "Integer"] 0
   &CartesianCoordinates [&Type "Coordinates", &Dim(41,4), &Units "Bohr"] 
              C      6.934653715131    3.147647705295   -1.383542671371
              C      4.288710543848    3.448182048244   -0.335805550603
              O      2.915790098286    1.102948898111   -0.409758489026
              P      3.633912713432   -1.222267393900    1.381463614709
              S      5.104878934560   -0.311686330237    4.636459807069
              O      5.391263403927   -3.050116346630   -0.205150749498
              C      4.696433268704   -3.921767881438   -2.712929871284
              C      7.103356599721   -4.322662019116   -4.207733592785
              S      0.150326618101   -3.156715424057    1.456789184433
              C     -1.379203003933   -1.171618962562    3.784870007600
              S     -2.033328452215    2.013737532316    2.681269650592
              P     -3.814294248961    1.158354111223   -0.811373201388
              S     -1.866328606201    0.483952447655   -3.898286924010
              O     -5.729944979945    3.455186176052   -1.157925127517
              C     -5.044988472532    5.735331760697   -2.459321336761
              C     -3.201520282294    7.304911199442   -0.930154078029
              O     -5.646605667314   -1.010638934579    0.108473006017
              C     -6.584902780855   -3.003730634973   -1.508144813462
              C     -6.299994777572   -5.508480749699   -0.149654262802
              H      6.858360161352    2.457070509475   -3.317237348032
              H      7.892340529020    4.961043764968   -1.345118191100
              H      7.988603660730    1.806770326469   -0.227488046560
              H      3.152027949689    4.726488318034   -1.488567600125
              H      4.338219368470    4.116349373961    1.621430536014
              H      3.650437386383   -5.686086953303   -2.478184256863
              H      3.466146766397   -2.519752654283   -3.605184173991
              H      8.117426001206   -2.550216888281   -4.421826693778
              H      8.314648111613   -5.662853493685   -3.232971233391
              H      6.623655753165   -5.056853787971   -6.061467502927
              H     -0.142419552312   -0.962885361856    5.420919293587
              H     -3.142479269737   -2.098030304568    4.288117031514
              H     -4.229418972692    5.222998287056   -4.291951366720
              H     -6.836404897183    6.715495099867   -2.738631663211
              H     -2.798354632576    9.054716866384   -1.920704025340
              H     -3.985241617595    7.726742132254    0.920853072198
              H     -1.446782367214    6.256302296797   -0.669857461433
              H     -8.564767242263   -2.570450465487   -1.893786433319
              H     -5.517326060167   -2.985170642694   -3.281481592109
              H     -7.046219651596   -7.002248984048   -1.339476285793
              H     -4.315370338296   -5.881234051629    0.239379975012
              H     -7.334768778627   -5.474145976744    1.622887925311
$End
$SCF_Energy
   &GeometryIndex 1
   &ListStatus       OUT
   &SCF_ENERGY [&Type "Double"]      -2.9296351613994757e+03
$End
$DFT_Energy
   &GeometryIndex 1
   &ListStatus       OUT
   &NALPHAEL [&Type "Integer"] 101
   &NBETAEL [&Type "Integer"] 101
   &NTOTALEL [&Type "Integer"] 202
   &EEXCHANGE [&Type "Double"]      -2.3180699233678541e+02
   &ECORR [&Type "Double"]      -7.2961498844185328e+00
   &ECNL [&Type "Double"]       0.0000000000000000e+00
   &EXC [&Type "Double"]      -2.3910314222120394e+02
   &EEMBED [&Type "Double"]       0.0000000000000000e+00
   &FINALEN [&Type "Double"]      -2.9296351613994757e+03  "No Van der Waals correction"
$End
$Mulliken_Population_Analysis
   &GeometryIndex 1
   &ListStatus       OUT
   &NATOMS [&Type "Integer"] 41
   &ATNO [&Type "ArrayOfIntegers", &Dim (41,1)] 
                                                         0

0                                                        6
1                                                        6
2                                                        8
3                                                       15
4                                                       16
5                                                        8
6                                                        6
7                                                        6
8                                                       16
9                                                        6
10                                                      16
11                                                      15
12                                                      16
13                                                       8
14                                                       6
15                                                       6
16                                                       8
17                                                       6
18                                                       6
19                                                       1
20                                                       1
21                                                       1
22                                                       1
23                                                       1
24                                                       1
25                                                       1
26                                                       1
27                                                       1
28                                                       1
29                                                       1
30                                                       1
31                                                       1
32                                                       1
33                                                       1
34                                                       1
35                                                       1
36                                                       1
37                                                       1
38                                                       1
39                                                       1
40                                                       1
   &ATOMICCHARGES [&Type "ArrayOfDoubles", &Dim (41,1)] 
                                                         0

0                                     -3.1695843048321937e-01
1                                     -1.9652420529078896e-02
2                                     -3.6539891527690038e-01
3                                      6.2743723618721781e-01
4                                     -3.1703445135423181e-01
5                                     -3.7290733446888957e-01
6                                     -4.4695057583517439e-02
7                                     -2.8064040994359551e-01
8                                     -1.1084893436773768e-01
9                                     -3.3123561248317124e-01
10                                    -9.7750095531505821e-02
11                                     6.1773294464478035e-01
12                                    -3.2466373568868434e-01
13                                    -3.6623942434871104e-01
14                                    -9.4542397941754786e-04
15                                    -3.4495941495090854e-01
16                                    -3.7599179097676050e-01
17                                    -3.4574106631604096e-03
18                                    -3.0581862748242727e-01
19                                     1.1734471854785089e-01
20                                     1.1116514863662608e-01
21                                     1.3058136733045500e-01
22                                     1.1544173384438139e-01
23                                     1.1076147115712365e-01
24                                     1.1121512945524914e-01
25                                     1.3046163409792821e-01
26                                     1.2016176811105839e-01
27                                     1.2204490615428776e-01
28                                     1.1281675388715029e-01
29                                     1.8886911268191864e-01
30                                     1.8765105013867478e-01
31                                     1.0788274937186815e-01
32                                     1.0581843620651643e-01
33                                     1.1525059528181691e-01
34                                     1.2372734610247837e-01
35                                     1.4530685446251046e-01
36                                     1.0658626623263900e-01
37                                     1.1016299265559137e-01
38                                     1.1311561472283371e-01
39                                     1.3062911134089505e-01
40                                     1.1703254885981762e-01
$End
$Loewdin_Population_Analysis
   &GeometryIndex 1
   &ListStatus       OUT
   &NATOMS [&Type "Integer"] 41
   &ATNO [&Type "ArrayOfIntegers", &Dim (41,1)] 
                                                         0

0                                                        6
1                                                        6
2                                                        8
3                                                       15
4                                                       16
5                                                        8
6                                                        6
7                                                        6
8                                                       16
9                                                        6
10                                                      16
11                                                      15
12                                                      16
13                                                       8
14                                                       6
15                                                       6
16                                                       8
17                                                       6
18                                                       6
19                                                       1
20                                                       1
21                                                       1
22                                                       1
23                                                       1
24                                                       1
25                                                       1
26                                                       1
27                                                       1
28                                                       1
29                                                       1
30                                                       1
31                                                       1
32                                                       1
33                                                       1
34                                                       1
35                                                       1
36                                                       1
37                                                       1
38                                                       1
39                                                       1
40                                                       1
   &ATOMICCHARGES [&Type "ArrayOfDoubles", &Dim (41,1)] 
                                                         0

0                                      1.5929563154340773e-05
1                                      4.5502923413441929e-04
2                                      3.7796550257177724e-03
3                                      4.3111840535957146e-04
4                                      3.6986112846447974e-06
5                                      1.2226674995173088e-03
6                                      1.6829784261079164e-04
7                                      2.4814935989948657e-05
8                                      2.2541264499467085e-04
9                                      2.1688436849255562e-04
10                                     1.2418510060237514e-04
11                                     5.0490454183247969e-02
12                                     1.1168394059490235e-04
13                                     5.8504431738928253e-01
14                                     1.0603326973882436e-01
15                                     2.4213486940683916e-03
16                                     2.3292161391814503e-01
17                                     1.3968796510496798e-02
18                                     1.0878312763122808e-03
19                                     5.1312626097159600e-07
20                                     1.1786770213918474e-06
21                                     1.8343470553751799e-07
22                                     5.9138131489647035e-06
23                                     8.0332934523259952e-07
24                                     1.2278263508493943e-07
25                                     1.8007083084363923e-06
26                                     1.3216098716931137e-07
27                                     2.5552056170119359e-08
28                                     1.2277987004915443e-07
29                                     1.8468297539564005e-05
30                                     2.1540296751441197e-05
31                                     1.8689896342111625e-04
32                                     6.8113287355541831e-04
33                                     1.4713094829939440e-04
34                                     3.6586803259828131e-06
35                                     4.3155189772650627e-05
36                                     3.3194454883051777e-06
37                                     1.0123879584050261e-04
38                                     2.9428503658598026e-05
39                                     5.9977736013642579e-06
40                                     2.2498457556051568e-07
$End
$Mayer_Population_Analysis
   &GeometryIndex 1
   &ListStatus       OUT
   &NATOMS [&Type "Integer"] 41 "Total number of atoms"
   &BONDTHRESH [&Type "Double"]       1.0000000000000001e-01  "The threshold for printing"
   &NBONDORDERSPRINT [&Type "Integer"] 41 "The number of bond orders larger than threshold"
   &BONDORDERS [&Type "ArrayOfDoubles", &Dim (41,1)] "The bond orders"
                                                         0

0                                      1.1614043259847691e+00
1                                      9.4203583147200964e-01
2                                      9.3875179614102855e-01
3                                      9.3261736607079504e-01
4                                      9.0794341119052713e-01
5                                      9.2082774366239573e-01
6                                      9.1538948982798962e-01
7                                      1.0883060037175529e+00
8                                      1.6383229146876812e+00
9                                      1.1278149257791481e+00
10                                     9.5152079679265245e-01
11                                     8.9151553421423357e-01
12                                     1.1681983124303359e+00
13                                     9.2931191008067193e-01
14                                     9.0720990907880783e-01
15                                     9.4819405504228282e-01
16                                     9.4811500863623333e-01
17                                     9.4009968548362222e-01
18                                     1.0210290846865433e+00
19                                     9.9709745474660527e-01
20                                     8.8088696676386324e-01
21                                     9.0320770074890844e-01
22                                     9.5665812288083485e-01
23                                     1.0936204107921992e-01
24                                     1.6138550995454723e+00
25                                     1.1092240313069492e+00
26                                     1.1187021410227702e+00
27                                     9.1658081674132941e-01
28                                     1.1600276067901685e+00
29                                     9.1056592834762240e-01
30                                     9.3253689686637986e-01
31                                     9.3894876425603069e-01
32                                     9.4295225519413906e-01
33                                     9.2596744326111380e-01
34                                     8.9491906839566826e-01
35                                     1.1641235860763699e+00
36                                     9.3340414116356984e-01
37                                     9.0059700099158335e-01
38                                     9.3997927364108402e-01
39                                     9.3909393952250220e-01
40                                     9.4855840882707732e-01
   &COMPONENTS [&Type "ArrayOfIntegers", &Dim (41,4)] "The indices and atomic numbers of the bonding atoms"
                                                         0                           1                           2                           3

0                                                        0                           6                           1                           6
1                                                        0                           6                          19                           1
2                                                        0                           6                          20                           1
3                                                        0                           6                          21                           1
4                                                        1                           6                           2                           8
5                                                        1                           6                          22                           1
6                                                        1                           6                          23                           1
7                                                        2                           8                           3                          15
8                                                        3                          15                           4                          16
9                                                        3                          15                           5                           8
10                                                       3                          15                           8                          16
11                                                       5                           8                           6                           6
12                                                       6                           6                           7                           6
13                                                       6                           6                          24                           1
14                                                       6                           6                          25                           1
15                                                       7                           6                          26                           1
16                                                       7                           6                          27                           1
17                                                       7                           6                          28                           1
18                                                       8                          16                           9                           6
19                                                       9                           6                          10                          16
20                                                       9                           6                          29                           1
21                                                       9                           6                          30                           1
22                                                      10                          16                          11                          15
23                                                      10                          16                          12                          16
24                                                      11                          15                          12                          16
25                                                      11                          15                          13                           8
26                                                      11                          15                          16                           8
27                                                      13                           8                          14                           6
28                                                      14                           6                          15                           6
29                                                      14                           6                          31                           1
30                                                      14                           6                          32                           1
31                                                      15                           6                          33                           1
32                                                      15                           6                          34                           1
33                                                      15                           6                          35                           1
34                                                      16                           8                          17                           6
35                                                      17                           6                          18                           6
36                                                      17                           6                          36                           1
37                                                      17                           6                          37                           1
38                                                      18                           6                          38                           1
39                                                      18                           6                          39                           1
40                                                      18                           6                          40                           1
   &ATNO [&Type "ArrayOfIntegers", &Dim (41,1)] "Atomic number of the elements"
                                                         0

0                                                        6
1                                                        6
2                                                        8
3                                                       15
4                                                       16
5                                                        8
6                                                        6
7                                                        6
8                                                       16
9                                                        6
10                                                      16
11                                                      15
12                                                      16
13                                                       8
14                                                       6
15                                                       6
16                                                       8
17                                                       6
18                                                       6
19                                                       1
20                                                       1
21                                                       1
22                                                       1
23                                                       1
24                                                       1
25                                                       1
26                                                       1
27                                                       1
28                                                       1
29                                                       1
30                                                       1
31                                                       1
32                                                       1
33                                                       1
34                                                       1
35                                                       1
36                                                       1
37                                                       1
38                                                       1
39                                                       1
40                                                       1
   &NA [&Type "ArrayOfDoubles", &Dim (41,1)] "Mulliken gross atomic population"
                                                         0

0                                      6.3169584304832007e+00
1                                      6.0196524205290745e+00
2                                      8.3653989152768808e+00
3                                      1.4372562763812793e+01
4                                      1.6317034451354200e+01
5                                      8.3729073344689038e+00
6                                      6.0446950575835032e+00
7                                      6.2806404099436053e+00
8                                      1.6110848934367713e+01
9                                      6.3312356124831561e+00
10                                     1.6097750095531456e+01
11                                     1.4382267055355239e+01
12                                     1.6324663735688787e+01
13                                     8.3662394243487039e+00
14                                     6.0009454239794247e+00
15                                     6.3449594149508943e+00
16                                     8.3759917909767712e+00
17                                     6.0034574106631808e+00
18                                     6.3058186274824379e+00
19                                     8.8265528145214900e-01
20                                     8.8883485136337348e-01
21                                     8.6941863266954500e-01
22                                     8.8455826615561917e-01
23                                     8.8923852884287646e-01
24                                     8.8878487054475097e-01
25                                     8.6953836590207068e-01
26                                     8.7983823188894106e-01
27                                     8.7795509384571224e-01
28                                     8.8718324611284938e-01
29                                     8.1113088731808181e-01
30                                     8.1234894986132433e-01
31                                     8.9211725062813141e-01
32                                     8.9418156379348401e-01
33                                     8.8474940471818297e-01
34                                     8.7627265389752274e-01
35                                     8.5469314553748943e-01
36                                     8.9341373376736166e-01
37                                     8.8983700734440863e-01
38                                     8.8688438527716529e-01
39                                     8.6937088865910472e-01
40                                     8.8296745114018216e-01
   &ZA [&Type "ArrayOfDoubles", &Dim (41,1)] "Total nuclear charge"
                                                         0

0                                      6.0000000000000000e+00
1                                      6.0000000000000000e+00
2                                      8.0000000000000000e+00
3                                      1.5000000000000000e+01
4                                      1.6000000000000000e+01
5                                      8.0000000000000000e+00
6                                      6.0000000000000000e+00
7                                      6.0000000000000000e+00
8                                      1.6000000000000000e+01
9                                      6.0000000000000000e+00
10                                     1.6000000000000000e+01
11                                     1.5000000000000000e+01
12                                     1.6000000000000000e+01
13                                     8.0000000000000000e+00
14                                     6.0000000000000000e+00
15                                     6.0000000000000000e+00
16                                     8.0000000000000000e+00
17                                     6.0000000000000000e+00
18                                     6.0000000000000000e+00
19                                     1.0000000000000000e+00
20                                     1.0000000000000000e+00
21                                     1.0000000000000000e+00
22                                     1.0000000000000000e+00
23                                     1.0000000000000000e+00
24                                     1.0000000000000000e+00
25                                     1.0000000000000000e+00
26                                     1.0000000000000000e+00
27                                     1.0000000000000000e+00
28                                     1.0000000000000000e+00
29                                     1.0000000000000000e+00
30                                     1.0000000000000000e+00
31                                     1.0000000000000000e+00
32                                     1.0000000000000000e+00
33                                     1.0000000000000000e+00
34                                     1.0000000000000000e+00
35                                     1.0000000000000000e+00
36                                     1.0000000000000000e+00
37                                     1.0000000000000000e+00
38                                     1.0000000000000000e+00
39                                     1.0000000000000000e+00
40                                     1.0000000000000000e+00
   &QA [&Type "ArrayOfDoubles", &Dim (41,1)] "Mulliken gross atomic charge"
                                                         0

0                                     -3.1695843048320071e-01
1                                     -1.9652420529074455e-02
2                                     -3.6539891527688084e-01
3                                      6.2743723618720715e-01
4                                     -3.1703445135419983e-01
5                                     -3.7290733446890378e-01
6                                     -4.4695057583503228e-02
7                                     -2.8064040994360528e-01
8                                     -1.1084893436771281e-01
9                                     -3.3123561248315614e-01
10                                    -9.7750095531456083e-02
11                                     6.1773294464476081e-01
12                                    -3.2466373568878737e-01
13                                    -3.6623942434870393e-01
14                                    -9.4542397942465328e-04
15                                    -3.4495941495089433e-01
16                                    -3.7599179097677116e-01
17                                    -3.4574106631808377e-03
18                                    -3.0581862748243793e-01
19                                     1.1734471854785100e-01
20                                     1.1116514863662652e-01
21                                     1.3058136733045500e-01
22                                     1.1544173384438083e-01
23                                     1.1076147115712354e-01
24                                     1.1121512945524903e-01
25                                     1.3046163409792932e-01
26                                     1.2016176811105894e-01
27                                     1.2204490615428776e-01
28                                     1.1281675388715062e-01
29                                     1.8886911268191819e-01
30                                     1.8765105013867567e-01
31                                     1.0788274937186859e-01
32                                     1.0581843620651599e-01
33                                     1.1525059528181703e-01
34                                     1.2372734610247726e-01
35                                     1.4530685446251057e-01
36                                     1.0658626623263834e-01
37                                     1.1016299265559137e-01
38                                     1.1311561472283471e-01
39                                     1.3062911134089528e-01
40                                     1.1703254885981784e-01
   &VA [&Type "ArrayOfDoubles", &Dim (41,1)] "Mayer's total valence"
                                                         0

0                                      3.9896749747028339e+00
1                                      4.0027860365655759e+00
2                                      2.1832867903273132e+00
3                                      4.9679939015925942e+00
4                                      2.0355581786679386e+00
5                                      2.1627690608024674e+00
6                                      3.9965707784785249e+00
7                                      4.0038037971632479e+00
8                                      2.2995838736505112e+00
9                                      3.8595458726891385e+00
10                                     2.2562503740094755e+00
11                                     4.9582053873594090e+00
12                                     2.0809537099214812e+00
13                                     2.1778722205259018e+00
14                                     3.9960138069592626e+00
15                                     3.9851236113503923e+00
16                                     2.1662738675632354e+00
17                                     3.9652391714744328e+00
18                                     4.0009936489165430e+00
19                                     9.5781580559711244e-01
20                                     9.5522309624348201e-01
21                                     9.8090718777181807e-01
22                                     9.5281792117623854e-01
23                                     9.8572588527940275e-01
24                                     9.4695269180484609e-01
25                                     9.7907178457243149e-01
26                                     9.6625348948988155e-01
27                                     9.5786100991635170e-01
28                                     9.5421751832568624e-01
29                                     9.7489419008266709e-01
30                                     9.4059654978149565e-01
31                                     9.9118029616729331e-01
32                                     9.4916261494732768e-01
33                                     9.5536131175611083e-01
34                                     9.5758560473819898e-01
35                                     9.7393719418434010e-01
36                                     9.4688640449471984e-01
37                                     1.0032097370745483e+00
38                                     9.5502028294900643e-01
39                                     9.6843209297460930e-01
40                                     9.5547832407479816e-01
   &BVA [&Type "ArrayOfDoubles", &Dim (41,1)] "Mayer's bonded valence"
                                                         0

0                                      3.9896749747029574e+00
1                                      4.0027860365655767e+00
2                                      2.1832867903273523e+00
3                                      4.9679939015924512e+00
4                                      2.0355581786679831e+00
5                                      2.1627690608025101e+00
6                                      3.9965707784785747e+00
7                                      4.0038037971632088e+00
8                                      2.2995838736506760e+00
9                                      3.8595458726891736e+00
10                                     2.2562503740096966e+00
11                                     4.9582053873593841e+00
12                                     2.0809537099213391e+00
13                                     2.1778722205259942e+00
14                                     3.9960138069592732e+00
15                                     3.9851236113503967e+00
16                                     2.1662738675632198e+00
17                                     3.9652391714743911e+00
18                                     4.0009936489165172e+00
19                                     9.5781580559712554e-01
20                                     9.5522309624349833e-01
21                                     9.8090718777183039e-01
22                                     9.5281792117623398e-01
23                                     9.8572588527940430e-01
24                                     9.4695269180484531e-01
25                                     9.7907178457243460e-01
26                                     9.6625348948988132e-01
27                                     9.5786100991635159e-01
28                                     9.5421751832567836e-01
29                                     9.7489419008265510e-01
30                                     9.4059654978149587e-01
31                                     9.9118029616729442e-01
32                                     9.4916261494734055e-01
33                                     9.5536131175611161e-01
34                                     9.5758560473818943e-01
35                                     9.7393719418434666e-01
36                                     9.4688640449472272e-01
37                                     1.0032097370745525e+00
38                                     9.5502028294900509e-01
39                                     9.6843209297461286e-01
40                                     9.5547832407479716e-01
   &FA [&Type "ArrayOfDoubles", &Dim (41,1)] "Mayer's free valence"
                                                         0

0                                      0.0000000000000000e+00
1                                      0.0000000000000000e+00
2                                      0.0000000000000000e+00
3                                      0.0000000000000000e+00
4                                      0.0000000000000000e+00
5                                      0.0000000000000000e+00
6                                      0.0000000000000000e+00
7                                      0.0000000000000000e+00
8                                      0.0000000000000000e+00
9                                      0.0000000000000000e+00
10                                     0.0000000000000000e+00
11                                     0.0000000000000000e+00
12                                     0.0000000000000000e+00
13                                     0.0000000000000000e+00
14                                     0.0000000000000000e+00
15                                     0.0000000000000000e+00
16                                     0.0000000000000000e+00
17                                     0.0000000000000000e+00
18                                     0.0000000000000000e+00
19                                     0.0000000000000000e+00
20                                     0.0000000000000000e+00
21                                     0.0000000000000000e+00
22                                     0.0000000000000000e+00
23                                     0.0000000000000000e+00
24                                     0.0000000000000000e+00
25                                     0.0000000000000000e+00
26                                     0.0000000000000000e+00
27                                     0.0000000000000000e+00
28                                     0.0000000000000000e+00
29                                     0.0000000000000000e+00
30                                     0.0000000000000000e+00
31                                     0.0000000000000000e+00
32                                     0.0000000000000000e+00
33                                     0.0000000000000000e+00
34                                     0.0000000000000000e+00
35                                     0.0000000000000000e+00
36                                     0.0000000000000000e+00
37                                     0.0000000000000000e+00
38                                     0.0000000000000000e+00
39                                     0.0000000000000000e+00
40                                     0.0000000000000000e+00
$End
$VdW_Correction
   &GeometryIndex 1
   &ListStatus       OUT
   &VDW [&Type "Double"]      -6.7441014317481146e-02
$End
$Calculation_Info
   &GeometryIndex 1
   &ListStatus       OUT
   &MULT [&Type "Integer"] 1
   &CHARGE [&Type "Integer"] 0
   &NUMOFATOMS [&Type "Integer"] 41
   &NUMOFELECTRONS [&Type "Integer"] 202
   &NUMOFFCELECTRONS [&Type "Integer"] 1
   &NUMOFCORRELECTRONS [&Type "Integer"] 0
   &NUMOFBASISFUNCTS [&Type "Integer"] 334
   &NUMOFAUXCBASISFUNCTS [&Type "Integer"] 0
   &NUMOFAUXJBASISFUNCTS [&Type "Integer"] 1185
   &NUMOFAUXJKBASISFUNCTS [&Type "Integer"] 0
   &NUMOFCABSBASISFUNCTS [&Type "Integer"] 0
   &TOTALENERGY [&Type "Double"]      -2.9295176434703931e+03  "Hartrees"
$End
$SCF_Dipole_Moment
   &GeometryIndex 1
   &ListStatus       OUT
   &METHOD [&Type "String"] "SCF"
   &LEVEL [&Type "String"] "Relaxed density"
   &MULT [&Type "Integer"] 1
   &STATE [&Type "Integer"] -1
   &IRREP [&Type "Integer"] 0
   &NATOMS [&Type "Integer"] 41
   &DODIPOLEATOM [&Type "Boolean"] false
   &DIPOLEELECCONTRIB [&Type "ArrayOfDoubles", &Dim (3,1)] "Electronic contribution"
                                                         0

0                                     -3.2955588438369130e+00
1                                     -2.2379994262031349e+00
2                                      1.3286691046724808e+01
   &DIPOLENUCCONTRIB [&Type "ArrayOfDoubles", &Dim (3,1)] "Nuclear contribution"
                                                         0

0                                      2.5437695955226998e+00
1                                      2.3297441294797254e+00
2                                     -1.4357610239540268e+01
   &DIPOLETOTAL [&Type "ArrayOfDoubles", &Dim (3,1)] "Total"
                                                         0

0                                     -7.5178924831421323e-01
1                                      9.1744703276590567e-02
2                                     -1.0709191928154596e+00
   &DIPOLEMAGNITUDE [&Type "Double", &Units "a.u."]       1.3116676720879703e+00
$End
