*************************************************
******************* ORCA 6.0.0 ******************
*************************************************
$Calculation_Status
   &GeometryIndex 1
   &ListStatus       OUT
   &VERSION [&Type "String"] "6.0.0"
   &PROGNAME [&Type "String"] "LeanSCF"
   &STATUS [&Type "String"] "NORMAL TERMINATION"
$End
$Geometry
   &GeometryIndex 1
   &ListStatus       OUT
   &NATOMS [&Type "Integer"] 41
   &NCORELESSECP [&Type "Integer"] 0
   &NGHOSTATOMS [&Type "Integer"] 0
   &CartesianCoordinates [&Type "Coordinates", &Dim(41,4), &Units "Bohr"] 
              C      3.333332377573   -7.190371635664    0.334179697701
              C      2.476122842118   -4.504801805350    0.842530278529
              O      4.551707345707   -2.841072568544    0.304908552124
              P      4.289565442722   -0.069365453244   -0.838567066268
              S      1.751491889603    0.247574525405   -3.514627542964
              O      7.024178574397    0.461670544891   -1.854744790603
              C      9.215721096278    1.145724702785   -0.358235291745
              C      9.818915733526   -0.784724412705    1.661628543158
              S      3.877917564123    2.441797888558    2.287798712626
              C      0.544882285702    3.082249497177    2.073401639547
              S     -1.383406401330    0.368989912145    3.009616531325
              P     -4.110681606051    0.380645452111    0.095970447146
              S     -4.332729267131    3.434750088801   -2.004252259101
              O     -6.608363223795   -0.475210861420    1.532934944243
              C     -7.651482336338    0.676115538780    3.763899504853
              C     -8.061655273485    3.495555818896    3.486514805744
              O     -3.501385417094   -2.161173589418   -1.368734382622
              C     -4.214245608129   -2.545959276531   -3.963594080966
              C     -7.050152208719   -2.792445293793   -4.238750696399
              H      3.858329180992   -7.400395164751   -1.640194839057
              H      4.955038745761   -7.641976902579    1.507763732991
              H      1.797952748299   -8.478235789695    0.768372095817
              H      1.948356594405   -4.243783641806    2.823612187116
              H      0.866485137508   -3.995212646047   -0.356138395502
              H     10.715619152640    1.274849548920   -1.766883002395
              H      8.870113370300    3.003288301863    0.475004294700
              H     10.024129728189   -2.648866843308    0.825223943795
              H     11.571879284583   -0.256716436516    2.587279078588
              H      8.314412222202   -0.839757904214    3.061675222001
              H      0.035161154729    3.608801427286    0.141288292329
              H      0.186918579350    4.622015415134    3.385381000545
              H     -9.437827819615   -0.320757998148    4.027957460503
              H     -6.385338685041    0.272769532278    5.346975469314
              H     -8.997054177361    4.214093789043    5.164158327943
              H     -6.258562417190    4.460536110168    3.255929322306
              H     -9.219865223171    3.895184212150    1.836937718695
              H     -3.484313638381   -0.968130021408   -5.087703016819
              H     -3.228586360869   -4.274414763944   -4.502558560589
              H     -7.748482485994   -4.300151920583   -3.032004480417
              H     -7.952004868309   -1.025736649437   -3.685973273615
              H     -7.513789032550   -3.199523152630   -6.194746780065
$End
$SCF_Energy
   &GeometryIndex 1
   &ListStatus       OUT
   &SCF_ENERGY [&Type "Double"]      -2.9296347110359652e+03
$End
$DFT_Energy
   &GeometryIndex 1
   &ListStatus       OUT
   &NALPHAEL [&Type "Integer"] 100
   &NBETAEL [&Type "Integer"] 100
   &NTOTALEL [&Type "Integer"] 201
   &EEXCHANGE [&Type "Double"]      -2.3180668410348500e+02
   &ECORR [&Type "Double"]      -7.2967801618880337e+00
   &ECNL [&Type "Double"]       0.0000000000000000e+00
   &EXC [&Type "Double"]      -2.3910346426537302e+02
   &EEMBED [&Type "Double"]       0.0000000000000000e+00
   &FINALEN [&Type "Double"]      -2.9296347110359652e+03  "No Van der Waals correction"
$End
$Mulliken_Population_Analysis
   &GeometryIndex 1
   &ListStatus       OUT
   &NATOMS [&Type "Integer"] 41
   &ATNO [&Type "ArrayOfIntegers", &Dim (41,1)] 
                                                         0

0                                                        6
1                                                        6
2                                                        8
3                                                       15
4                                                       16
5                                                        8
6                                                        6
7                                                        6
8                                                       16
9                                                        6
10                                                      16
11                                                      15
12                                                      16
13                                                       8
14                                                       6
15                                                       6
16                                                       8
17                                                       6
18                                                       6
19                                                       1
20                                                       1
21                                                       1
22                                                       1
23                                                       1
24                                                       1
25                                                       1
26                                                       1
27                                                       1
28                                                       1
29                                                       1
30                                                       1
31                                                       1
32                                                       1
33                                                       1
34                                                       1
35                                                       1
36                                                       1
37                                                       1
38                                                       1
39                                                       1
40                                                       1
   &ATOMICCHARGES [&Type "ArrayOfDoubles", &Dim (41,1)] 
                                                         0

0                                     -2.7228647470124212e-01
1                                     -3.9252581550360155e-02
2                                     -3.7801122918160779e-01
3                                      6.0506377707904946e-01
4                                     -3.0760039737702982e-01
5                                     -3.5667162033381850e-01
6                                     -1.5030721950838988e-02
7                                     -3.1046913408808319e-01
8                                     -1.3296504858518077e-01
9                                     -3.3830996778796951e-01
10                                    -1.1751341884517785e-01
11                                     6.2305506169347780e-01
12                                    -3.1351943545195482e-01
13                                    -3.7360708693343092e-01
14                                    -5.2551573389330031e-03
15                                    -3.0785694287868548e-01
16                                    -3.5863376167347205e-01
17                                    -8.8294927244652044e-03
18                                    -2.9751363650040652e-01
19                                     1.1530437548321826e-01
20                                     1.0936654629680598e-01
21                                     1.0850103970217351e-01
22                                     1.0177676207863051e-01
23                                     1.3183171670720228e-01
24                                     1.1558553668760840e-01
25                                     1.1855819707088477e-01
26                                     1.2551011705529880e-01
27                                     1.1493953739177387e-01
28                                     1.2599696560174345e-01
29                                     2.1696334317289612e-01
30                                     1.8061910392486835e-01
31                                     1.0712113272273482e-01
32                                     1.0854845953794001e-01
33                                     1.0961833730908088e-01
34                                     1.1944423826459372e-01
35                                     1.2522700305773926e-01
36                                     1.2439535467981300e-01
37                                     1.0195884606353389e-01
38                                     1.1156350075932409e-01
39                                     1.2228236039421680e-01
40                                     1.1009479516821585e-01
$End
$Loewdin_Population_Analysis
   &GeometryIndex 1
   &ListStatus       OUT
   &NATOMS [&Type "Integer"] 41
   &ATNO [&Type "ArrayOfIntegers", &Dim (41,1)] 
                                                         0

0                                                        6
1                                                        6
2                                                        8
3                                                       15
4                                                       16
5                                                        8
6                                                        6
7                                                        6
8                                                       16
9                                                        6
10                                                      16
11                                                      15
12                                                      16
13                                                       8
14                                                       6
15                                                       6
16                                                       8
17                                                       6
18                                                       6
19                                                       1
20                                                       1
21                                                       1
22                                                       1
23                                                       1
24                                                       1
25                                                       1
26                                                       1
27                                                       1
28                                                       1
29                                                       1
30                                                       1
31                                                       1
32                                                       1
33                                                       1
34                                                       1
35                                                       1
36                                                       1
37                                                       1
38                                                       1
39                                                       1
40                                                       1
   &ATOMICCHARGES [&Type "ArrayOfDoubles", &Dim (41,1)] 
                                                         0

0                                      6.6253888129037672e-03
1                                      1.0845922767439733e-01
2                                      5.3812299487203386e-01
3                                      3.5769412167264925e-02
4                                      1.0463899824212498e-04
5                                      1.3931582227015610e-01
6                                      4.5408550711323161e-03
7                                      6.9456375964167382e-04
8                                      1.4143261714888775e-04
9                                      9.3271870734913990e-05
10                                     4.9718203856754652e-05
11                                     7.0368235923339668e-03
12                                     8.7287481237818725e-05
13                                     4.3781764286475025e-02
14                                     8.0640996490512918e-03
15                                     2.8234327920742883e-04
16                                     9.0660361643565043e-02
17                                     1.4747860103429560e-02
18                                     5.3931288700593280e-04
19                                     2.6603254467814119e-05
20                                     3.3756459241097103e-06
21                                     9.3775084420253817e-05
22                                     1.0971775225096339e-04
23                                     2.8285000727343128e-04
24                                     3.7907641701214506e-05
25                                     8.1626302303068108e-06
26                                     1.9016389931708174e-05
27                                     4.2473292030766863e-05
28                                     1.4530457166079473e-05
29                                     3.4694144235763793e-06
30                                     2.3814919871726620e-06
31                                     4.6798450362631860e-05
32                                     2.1539821063542996e-05
33                                     1.4578911654647618e-05
34                                     6.2103069696506437e-07
35                                     8.7833454193088758e-07
36                                     1.5798070610269341e-05
37                                     8.7096525440541914e-05
38                                     6.7608680414191953e-06
39                                     8.1533116124149722e-06
40                                     3.6332374348058103e-05
$End
$Mayer_Population_Analysis
   &GeometryIndex 1
   &ListStatus       OUT
   &NATOMS [&Type "Integer"] 41 "Total number of atoms"
   &BONDTHRESH [&Type "Double"]       1.0000000000000001e-01  "The threshold for printing"
   &NBONDORDERSPRINT [&Type "Integer"] 42 "The number of bond orders larger than threshold"
   &BONDORDERS [&Type "ArrayOfDoubles", &Dim (42,1)] "The bond orders"
                                                         0

0                                      1.1551367571346050e+00
1                                      9.4989843248281514e-01
2                                      9.5085916962587358e-01
3                                      9.4256077512413172e-01
4                                      9.0124627150814896e-01
5                                      9.2731642398293834e-01
6                                      8.9878461251201347e-01
7                                      1.0860972252822905e+00
8                                      1.6593803802558660e+00
9                                      1.1546114816902033e+00
10                                     9.1719026775018664e-01
11                                     1.0628196233587101e-01
12                                     9.0102650509258086e-01
13                                     1.1678857282776534e+00
14                                     9.3427446216052412e-01
15                                     9.2132373059042028e-01
16                                     9.4288228305615973e-01
17                                     9.3480590121338536e-01
18                                     9.3714663326269010e-01
19                                     1.0224456079422819e+00
20                                     9.8085400166534353e-01
21                                     8.4410769406345876e-01
22                                     9.0916434494688692e-01
23                                     9.4771066296393691e-01
24                                     1.1693746602517607e-01
25                                     1.6030780473892108e+00
26                                     1.1029435952704816e+00
27                                     1.1253942458885595e+00
28                                     9.1789707112752650e-01
29                                     1.1635008535037199e+00
30                                     9.3424118852369642e-01
31                                     9.2528130107970863e-01
32                                     9.3520177006592209e-01
33                                     9.3499231713470987e-01
34                                     9.4367938194910994e-01
35                                     8.9878268581256748e-01
36                                     1.1622164206636589e+00
37                                     9.1254849637349955e-01
38                                     9.3393354221428182e-01
39                                     9.4570336765388741e-01
40                                     9.3460228272198542e-01
41                                     9.3961652988071809e-01
   &COMPONENTS [&Type "ArrayOfIntegers", &Dim (42,4)] "The indices and atomic numbers of the bonding atoms"
                                                         0                           1                           2                           3

0                                                        0                           6                           1                           6
1                                                        0                           6                          19                           1
2                                                        0                           6                          20                           1
3                                                        0                           6                          21                           1
4                                                        1                           6                           2                           8
5                                                        1                           6                          22                           1
6                                                        1                           6                          23                           1
7                                                        2                           8                           3                          15
8                                                        3                          15                           4                          16
9                                                        3                          15                           5                           8
10                                                       3                          15                           8                          16
11                                                       4                          16                           8                          16
12                                                       5                           8                           6                           6
13                                                       6                           6                           7                           6
14                                                       6                           6                          24                           1
15                                                       6                           6                          25                           1
16                                                       7                           6                          26                           1
17                                                       7                           6                          27                           1
18                                                       7                           6                          28                           1
19                                                       8                          16                           9                           6
20                                                       9                           6                          10                          16
21                                                       9                           6                          29                           1
22                                                       9                           6                          30                           1
23                                                      10                          16                          11                          15
24                                                      10                          16                          12                          16
25                                                      11                          15                          12                          16
26                                                      11                          15                          13                           8
27                                                      11                          15                          16                           8
28                                                      13                           8                          14                           6
29                                                      14                           6                          15                           6
30                                                      14                           6                          31                           1
31                                                      14                           6                          32                           1
32                                                      15                           6                          33                           1
33                                                      15                           6                          34                           1
34                                                      15                           6                          35                           1
35                                                      16                           8                          17                           6
36                                                      17                           6                          18                           6
37                                                      17                           6                          36                           1
38                                                      17                           6                          37                           1
39                                                      18                           6                          38                           1
40                                                      18                           6                          39                           1
41                                                      18                           6                          40                           1
   &ATNO [&Type "ArrayOfIntegers", &Dim (41,1)] "Atomic number of the elements"
                                                         0

0                                                        6
1                                                        6
2                                                        8
3                                                       15
4                                                       16
5                                                        8
6                                                        6
7                                                        6
8                                                       16
9                                                        6
10                                                      16
11                                                      15
12                                                      16
13                                                       8
14                                                       6
15                                                       6
16                                                       8
17                                                       6
18                                                       6
19                                                       1
20                                                       1
21                                                       1
22                                                       1
23                                                       1
24                                                       1
25                                                       1
26                                                       1
27                                                       1
28                                                       1
29                                                       1
30                                                       1
31                                                       1
32                                                       1
33                                                       1
34                                                       1
35                                                       1
36                                                       1
37                                                       1
38                                                       1
39                                                       1
40                                                       1
   &NA [&Type "ArrayOfDoubles", &Dim (41,1)] "Mulliken gross atomic population"
                                                         0

0                                      6.2722864747012599e+00
1                                      6.0392525815503735e+00
2                                      8.3780112291815847e+00
3                                      1.4394936222921009e+01
4                                      1.6307600397377051e+01
5                                      8.3566716203338327e+00
6                                      6.0150307219508461e+00
7                                      6.3104691340880859e+00
8                                      1.6132965048585131e+01
9                                      6.3383099677879926e+00
10                                     1.6117513418845146e+01
11                                     1.4376944938306501e+01
12                                     1.6313519435451916e+01
13                                     8.3736070869334238e+00
14                                     6.0052551573389215e+00
15                                     6.3078569428787006e+00
16                                     8.3586337616734845e+00
17                                     6.0088294927244563e+00
18                                     6.2975136365004047e+00
19                                     8.8469562451678219e-01
20                                     8.9063345370319347e-01
21                                     8.9149896029782671e-01
22                                     8.9822323792136993e-01
23                                     8.6816828329279860e-01
24                                     8.8441446331239171e-01
25                                     8.8144180292911456e-01
26                                     8.7448988294470165e-01
27                                     8.8506046260822580e-01
28                                     8.7400303439825644e-01
29                                     7.8303665682710388e-01
30                                     8.1938089607513165e-01
31                                     8.9287886727726473e-01
32                                     8.9145154046205988e-01
33                                     8.9038166269091845e-01
34                                     8.8055576173540706e-01
35                                     8.7477299694226096e-01
36                                     8.7560464532018689e-01
37                                     8.9804115393646589e-01
38                                     8.8843649924067647e-01
39                                     8.7771763960578308e-01
40                                     8.8990520483178359e-01
   &ZA [&Type "ArrayOfDoubles", &Dim (41,1)] "Total nuclear charge"
                                                         0

0                                      6.0000000000000000e+00
1                                      6.0000000000000000e+00
2                                      8.0000000000000000e+00
3                                      1.5000000000000000e+01
4                                      1.6000000000000000e+01
5                                      8.0000000000000000e+00
6                                      6.0000000000000000e+00
7                                      6.0000000000000000e+00
8                                      1.6000000000000000e+01
9                                      6.0000000000000000e+00
10                                     1.6000000000000000e+01
11                                     1.5000000000000000e+01
12                                     1.6000000000000000e+01
13                                     8.0000000000000000e+00
14                                     6.0000000000000000e+00
15                                     6.0000000000000000e+00
16                                     8.0000000000000000e+00
17                                     6.0000000000000000e+00
18                                     6.0000000000000000e+00
19                                     1.0000000000000000e+00
20                                     1.0000000000000000e+00
21                                     1.0000000000000000e+00
22                                     1.0000000000000000e+00
23                                     1.0000000000000000e+00
24                                     1.0000000000000000e+00
25                                     1.0000000000000000e+00
26                                     1.0000000000000000e+00
27                                     1.0000000000000000e+00
28                                     1.0000000000000000e+00
29                                     1.0000000000000000e+00
30                                     1.0000000000000000e+00
31                                     1.0000000000000000e+00
32                                     1.0000000000000000e+00
33                                     1.0000000000000000e+00
34                                     1.0000000000000000e+00
35                                     1.0000000000000000e+00
36                                     1.0000000000000000e+00
37                                     1.0000000000000000e+00
38                                     1.0000000000000000e+00
39                                     1.0000000000000000e+00
40                                     1.0000000000000000e+00
   &QA [&Type "ArrayOfDoubles", &Dim (41,1)] "Mulliken gross atomic charge"
                                                         0

0                                     -2.7228647470125988e-01
1                                     -3.9252581550373478e-02
2                                     -3.7801122918158470e-01
3                                      6.0506377707899084e-01
4                                     -3.0760039737705114e-01
5                                     -3.5667162033383271e-01
6                                     -1.5030721950846093e-02
7                                     -3.1046913408808585e-01
8                                     -1.3296504858513103e-01
9                                     -3.3830996778799260e-01
10                                    -1.1751341884514588e-01
11                                     6.2305506169349911e-01
12                                    -3.1351943545191574e-01
13                                    -3.7360708693342382e-01
14                                    -5.2551573389214568e-03
15                                    -3.0785694287870058e-01
16                                    -3.5863376167348449e-01
17                                    -8.8294927244563226e-03
18                                    -2.9751363650040474e-01
19                                     1.1530437548321781e-01
20                                     1.0936654629680653e-01
21                                     1.0850103970217329e-01
22                                     1.0177676207863007e-01
23                                     1.3183171670720140e-01
24                                     1.1558553668760829e-01
25                                     1.1855819707088544e-01
26                                     1.2551011705529835e-01
27                                     1.1493953739177420e-01
28                                     1.2599696560174356e-01
29                                     2.1696334317289612e-01
30                                     1.8061910392486835e-01
31                                     1.0712113272273527e-01
32                                     1.0854845953794012e-01
33                                     1.0961833730908155e-01
34                                     1.1944423826459294e-01
35                                     1.2522700305773904e-01
36                                     1.2439535467981311e-01
37                                     1.0195884606353411e-01
38                                     1.1156350075932353e-01
39                                     1.2228236039421692e-01
40                                     1.1009479516821641e-01
   &VA [&Type "ArrayOfDoubles", &Dim (41,1)] "Mayer's total valence"
                                                         0

0                                      3.9915271562122667e+00
1                                      3.9643043864942173e+00
2                                      2.1582326338705831e+00
3                                      4.9710941465252905e+00
4                                      2.0673097492667027e+00
5                                      2.1837987100017910e+00
6                                      4.0084075956712635e+00
7                                      4.0022282016053445e+00
8                                      2.2566863116185951e+00
9                                      3.8208389923455872e+00
10                                     2.2581408298393355e+00
11                                     4.9567809315786153e+00
12                                     2.0740790240593712e+00
13                                     2.1829181876169370e+00
14                                     4.0186237815587385e+00
15                                     3.9905067944684833e+00
16                                     2.1989908464307990e+00
17                                     3.9915179304261770e+00
18                                     3.9900095693617788e+00
19                                     9.6281224942306520e-01
20                                     9.5872997526990444e-01
21                                     9.5555980129900797e-01
22                                     9.5839169579408945e-01
23                                     1.0018051127358811e+00
24                                     9.4807760568688337e-01
25                                     9.5610607122441915e-01
26                                     9.6240131520135475e-01
27                                     9.5236767997127347e-01
28                                     9.7364797632161793e-01
29                                     9.9418959343845859e-01
30                                     9.3329624457164262e-01
31                                     9.4801125293394717e-01
32                                     9.6188656943655804e-01
33                                     9.5264623192676168e-01
34                                     9.8492596091924267e-01
35                                     9.6733190211265940e-01
36                                     9.7628729071443487e-01
37                                     9.4975024480920067e-01
38                                     9.5997209104813752e-01
39                                     9.8418375269953984e-01
40                                     9.5470828515461770e-01
   &BVA [&Type "ArrayOfDoubles", &Dim (41,1)] "Mayer's bonded valence"
                                                         0

0                                      3.9915271562121761e+00
1                                      3.9643043864941578e+00
2                                      2.1582326338706763e+00
3                                      4.9710941465251341e+00
4                                      2.0673097492665922e+00
5                                      2.1837987100017839e+00
6                                      4.0084075956712200e+00
7                                      4.0022282016053206e+00
8                                      2.2566863116187923e+00
9                                      3.8208389923455295e+00
10                                     2.2581408298392982e+00
11                                     4.9567809315786793e+00
12                                     2.0740790240594991e+00
13                                     2.1829181876169441e+00
14                                     4.0186237815586825e+00
15                                     3.9905067944684096e+00
16                                     2.1989908464307777e+00
17                                     3.9915179304261996e+00
18                                     3.9900095693617725e+00
19                                     9.6281224942305887e-01
20                                     9.5872997526989945e-01
21                                     9.5555980129900586e-01
22                                     9.5839169579408712e-01
23                                     1.0018051127358854e+00
24                                     9.4807760568689059e-01
25                                     9.5610607122441726e-01
26                                     9.6240131520135008e-01
27                                     9.5236767997126603e-01
28                                     9.7364797632161071e-01
29                                     9.9418959343845570e-01
30                                     9.3329624457163829e-01
31                                     9.4801125293394506e-01
32                                     9.6188656943654660e-01
33                                     9.5264623192675613e-01
34                                     9.8492596091924345e-01
35                                     9.6733190211265496e-01
36                                     9.7628729071443621e-01
37                                     9.4975024480920356e-01
38                                     9.5997209104814107e-01
39                                     9.8418375269953762e-01
40                                     9.5470828515461781e-01
   &FA [&Type "ArrayOfDoubles", &Dim (41,1)] "Mayer's free valence"
                                                         0

0                                      0.0000000000000000e+00
1                                      0.0000000000000000e+00
2                                      0.0000000000000000e+00
3                                      0.0000000000000000e+00
4                                      0.0000000000000000e+00
5                                      0.0000000000000000e+00
6                                      0.0000000000000000e+00
7                                      0.0000000000000000e+00
8                                      0.0000000000000000e+00
9                                      0.0000000000000000e+00
10                                     0.0000000000000000e+00
11                                     0.0000000000000000e+00
12                                     0.0000000000000000e+00
13                                     0.0000000000000000e+00
14                                     0.0000000000000000e+00
15                                     0.0000000000000000e+00
16                                     0.0000000000000000e+00
17                                     0.0000000000000000e+00
18                                     0.0000000000000000e+00
19                                     0.0000000000000000e+00
20                                     0.0000000000000000e+00
21                                     0.0000000000000000e+00
22                                     0.0000000000000000e+00
23                                     0.0000000000000000e+00
24                                     0.0000000000000000e+00
25                                     0.0000000000000000e+00
26                                     0.0000000000000000e+00
27                                     0.0000000000000000e+00
28                                     0.0000000000000000e+00
29                                     0.0000000000000000e+00
30                                     0.0000000000000000e+00
31                                     0.0000000000000000e+00
32                                     0.0000000000000000e+00
33                                     0.0000000000000000e+00
34                                     0.0000000000000000e+00
35                                     0.0000000000000000e+00
36                                     0.0000000000000000e+00
37                                     0.0000000000000000e+00
38                                     0.0000000000000000e+00
39                                     0.0000000000000000e+00
40                                     0.0000000000000000e+00
$End
$VdW_Correction
   &GeometryIndex 1
   &ListStatus       OUT
   &VDW [&Type "Double"]      -6.6428421364581700e-02
$End
$Calculation_Info
   &GeometryIndex 1
   &ListStatus       OUT
   &MULT [&Type "Integer"] 1
   &CHARGE [&Type "Integer"] 0
   &NUMOFATOMS [&Type "Integer"] 41
   &NUMOFELECTRONS [&Type "Integer"] 202
   &NUMOFFCELECTRONS [&Type "Integer"] 1
   &NUMOFCORRELECTRONS [&Type "Integer"] 0
   &NUMOFBASISFUNCTS [&Type "Integer"] 334
   &NUMOFAUXCBASISFUNCTS [&Type "Integer"] 0
   &NUMOFAUXJBASISFUNCTS [&Type "Integer"] 1185
   &NUMOFAUXJKBASISFUNCTS [&Type "Integer"] 0
   &NUMOFCABSBASISFUNCTS [&Type "Integer"] 0
   &TOTALENERGY [&Type "Double"]      -2.9295156089477296e+03  "Hartrees"
$End
$SCF_Dipole_Moment
   &GeometryIndex 1
   &ListStatus       OUT
   &METHOD [&Type "String"] "SCF"
   &LEVEL [&Type "String"] "Relaxed density"
   &MULT [&Type "Integer"] 1
   &STATE [&Type "Integer"] -1
   &IRREP [&Type "Integer"] 0
   &NATOMS [&Type "Integer"] 41
   &DODIPOLEATOM [&Type "Boolean"] false
   &DIPOLEELECCONTRIB [&Type "ArrayOfDoubles", &Dim (3,1)] "Electronic contribution"
                                                         0

0                                      3.8076960794738932e+00
1                                      1.1646298986239108e+01
2                                     -3.4710703041870725e+00
   &DIPOLENUCCONTRIB [&Type "ArrayOfDoubles", &Dim (3,1)] "Nuclear contribution"
                                                         0

0                                     -3.5874013674968985e+00
1                                     -1.2321175553755829e+01
2                                      4.7826672097294418e+00
   &DIPOLETOTAL [&Type "ArrayOfDoubles", &Dim (3,1)] "Total"
                                                         0

0                                      2.2029471197699468e-01
1                                     -6.7487656751672098e-01
2                                      1.3115969055423693e+00
   &DIPOLEMAGNITUDE [&Type "Double", &Units "a.u."]       1.4914002092451568e+00
$End
