*************************************************
******************* ORCA 6.0.0 ******************
*************************************************
$Calculation_Status
   &GeometryIndex 1
   &ListStatus       OUT
   &VERSION [&Type "String"] "6.0.0"
   &PROGNAME [&Type "String"] "LeanSCF"
   &STATUS [&Type "String"] "NORMAL TERMINATION"
$End
$Geometry
   &GeometryIndex 1
   &ListStatus       OUT
   &NATOMS [&Type "Integer"] 41
   &NCORELESSECP [&Type "Integer"] 0
   &NGHOSTATOMS [&Type "Integer"] 0
   &CartesianCoordinates [&Type "Coordinates", &Dim(41,4), &Units "Bohr"] 
              C      9.103051015510    2.175289134046   -3.036459967469
              C      8.276498103291   -0.533161523540   -2.593038476106
              O      7.036332014679   -0.789921533739   -0.181781380776
              P      4.054824905429   -0.627326433930    0.140008211877
              S      2.411883338098    2.475823076373   -1.102401786868
              O      3.740763628047   -1.154903319369    3.062144417001
              C      3.683969846628    0.848290019977    4.907097588239
              C      6.272600926944    2.009782824390    5.274796429852
              S      2.846275988036   -4.088478583668   -1.399684501491
              C     -0.446996053855   -3.345813377503   -1.963513601687
              S     -2.110129040302   -2.386718269401    0.887320107584
              P     -4.113453476564    0.830047429879   -0.548428137773
              S     -3.737606401179    1.596577993815   -4.139318531947
              O     -3.349556564793    3.090829499544    1.228103823836
              C     -3.339582146550    3.011656191543    3.962372028145
              C     -5.893139441735    3.701734224520    5.056360172041
              O     -6.958154711970    0.314575993049    0.304791689382
              C     -8.733355767809   -1.038025921344   -1.243085557130
              C     -7.987447273057   -3.774764964306   -1.633158348366
              H     10.108362821377    2.293043772611   -4.819989512765
              H      7.464730885501    3.415697595531   -3.110122987699
              H     10.337735444567    2.795987693713   -1.518145098843
              H      9.896487607666   -1.804923282823   -2.479087003982
              H      7.003951121793   -1.174087242336   -4.090775998374
              H      2.328208508560    2.278958793925    4.276372773442
              H      2.997068690458   -0.071870089459    6.618669113796
              H      7.644429090390    0.550954408140    5.728082512733
              H      6.858522845985    2.957290572146    3.544090902979
              H      6.196266911294    3.380753926737    6.798808550652
              H     -1.283004824189   -5.084416220123   -2.671706268571
              H     -0.606581847187   -1.821533168627   -3.351551418281
              H     -2.749191643710    1.125260914227    4.570913274535
              H     -1.905339692613    4.400486929097    4.486699027585
              H     -5.728217940523    3.817411602986    7.097974710526
              H     -6.502123337008    5.519277606046    4.320034848145
              H     -7.292920708165    2.282865932342    4.566763130943
              H    -10.509981570195   -0.872926154329   -0.210572784414
              H     -8.882335265156   -0.063234648763   -3.060653538733
              H     -6.301061990957   -3.874527603875   -2.809097257373
              H     -7.606140695535   -4.680203916862    0.171031432912
              H     -9.513901401335   -4.761334694845   -2.583108448853
$End
$SCF_Energy
   &GeometryIndex 1
   &ListStatus       OUT
   &SCF_ENERGY [&Type "Double"]      -2.9296352004381283e+03
$End
$DFT_Energy
   &GeometryIndex 1
   &ListStatus       OUT
   &NALPHAEL [&Type "Integer"] 101
   &NBETAEL [&Type "Integer"] 101
   &NTOTALEL [&Type "Integer"] 202
   &EEXCHANGE [&Type "Double"]      -2.3180427429077810e+02
   &ECORR [&Type "Double"]      -7.2956568144660059e+00
   &ECNL [&Type "Double"]       0.0000000000000000e+00
   &EXC [&Type "Double"]      -2.3909993110524411e+02
   &EEMBED [&Type "Double"]       0.0000000000000000e+00
   &FINALEN [&Type "Double"]      -2.9296352004381283e+03  "No Van der Waals correction"
$End
$Mulliken_Population_Analysis
   &GeometryIndex 1
   &ListStatus       OUT
   &NATOMS [&Type "Integer"] 41
   &ATNO [&Type "ArrayOfIntegers", &Dim (41,1)] 
                                                         0

0                                                        6
1                                                        6
2                                                        8
3                                                       15
4                                                       16
5                                                        8
6                                                        6
7                                                        6
8                                                       16
9                                                        6
10                                                      16
11                                                      15
12                                                      16
13                                                       8
14                                                       6
15                                                       6
16                                                       8
17                                                       6
18                                                       6
19                                                       1
20                                                       1
21                                                       1
22                                                       1
23                                                       1
24                                                       1
25                                                       1
26                                                       1
27                                                       1
28                                                       1
29                                                       1
30                                                       1
31                                                       1
32                                                       1
33                                                       1
34                                                       1
35                                                       1
36                                                       1
37                                                       1
38                                                       1
39                                                       1
40                                                       1
   &ATOMICCHARGES [&Type "ArrayOfDoubles", &Dim (41,1)] 
                                                         0

0                                     -2.9584936880206669e-01
1                                     -1.0525873947681674e-02
2                                     -3.7138708616590321e-01
3                                      6.0168829481291297e-01
4                                     -3.1263574299327246e-01
5                                     -3.5963691148578825e-01
6                                     -3.1527478491748084e-02
7                                     -3.0035063532322592e-01
8                                     -9.0014666520040976e-02
9                                     -3.4962256682391768e-01
10                                    -1.2496127648252298e-01
11                                     6.2079366026024552e-01
12                                    -2.9377241874981763e-01
13                                    -3.5003625152882734e-01
14                                    -4.6351325115146835e-02
15                                    -2.7705185171261704e-01
16                                    -3.8268700092915964e-01
17                                     4.1855875531489062e-03
18                                    -3.1861179620087565e-01
19                                     1.0782008864737924e-01
20                                     1.3152824641631511e-01
21                                     1.1341626694000417e-01
22                                     1.0706196018108249e-01
23                                     1.0390828936239649e-01
24                                     1.2614404853112959e-01
25                                     1.0350723494473701e-01
26                                     1.1786750487145714e-01
27                                     1.2521627842137795e-01
28                                     1.0843298962775982e-01
29                                     1.8133403344560883e-01
30                                     2.0714097889545002e-01
31                                     1.1451539866823679e-01
32                                     1.2401503594668783e-01
33                                     1.0686329304991360e-01
34                                     1.1993629613501655e-01
35                                     1.2401453394906192e-01
36                                     1.0238139021083459e-01
37                                     1.1158178204088887e-01
38                                     1.2001690005408694e-01
39                                     1.1943215866867352e-01
40                                     1.1221999963836315e-01
$End
$Loewdin_Population_Analysis
   &GeometryIndex 1
   &ListStatus       OUT
   &NATOMS [&Type "Integer"] 41
   &ATNO [&Type "ArrayOfIntegers", &Dim (41,1)] 
                                                         0

0                                                        6
1                                                        6
2                                                        8
3                                                       15
4                                                       16
5                                                        8
6                                                        6
7                                                        6
8                                                       16
9                                                        6
10                                                      16
11                                                      15
12                                                      16
13                                                       8
14                                                       6
15                                                       6
16                                                       8
17                                                       6
18                                                       6
19                                                       1
20                                                       1
21                                                       1
22                                                       1
23                                                       1
24                                                       1
25                                                       1
26                                                       1
27                                                       1
28                                                       1
29                                                       1
30                                                       1
31                                                       1
32                                                       1
33                                                       1
34                                                       1
35                                                       1
36                                                       1
37                                                       1
38                                                       1
39                                                       1
40                                                       1
   &ATOMICCHARGES [&Type "ArrayOfDoubles", &Dim (41,1)] 
                                                         0

0                                      1.3313172467849779e-03
1                                      8.4337857118926454e-02
2                                      4.6626064277925411e-01
3                                      4.9033114002001242e-02
4                                      1.3074962232499770e-04
5                                      3.3418470157472319e-01
6                                      3.6358704352119131e-02
7                                      1.3022955907986307e-03
8                                      3.2009315623824399e-04
9                                      1.4404156413721792e-04
10                                     1.7405081746294369e-04
11                                     1.0751224856669673e-03
12                                     6.5173145785457031e-06
13                                     1.1714240666235200e-02
14                                     2.0275305033643984e-03
15                                     1.2080559936006534e-04
16                                     8.3617871873684826e-03
17                                     1.6161478818782567e-03
18                                     5.5091332133256341e-05
19                                     7.9938496522952195e-05
20                                     1.6065105300533231e-06
21                                     5.1409932489369816e-06
22                                     4.9374443867039456e-04
23                                     2.7094404328321725e-04
24                                     9.5907657934215683e-05
25                                     2.4197341214983077e-04
26                                     4.1522253030038579e-05
27                                     2.3964149385151570e-05
28                                     1.2267916018384676e-04
29                                     4.5969001320086745e-06
30                                     1.3902983974455762e-05
31                                     2.1193980838500211e-05
32                                     2.4059272123110683e-06
33                                     3.0400053248473565e-06
34                                     7.4815939258073877e-07
35                                     4.3353050983317833e-07
36                                     1.1689540873716708e-05
37                                     3.6826902122527046e-06
38                                     1.4173258573621892e-06
39                                     2.3949208094545496e-07
40                                     4.4175532963944021e-06
$End
$Mayer_Population_Analysis
   &GeometryIndex 1
   &ListStatus       OUT
   &NATOMS [&Type "Integer"] 41 "Total number of atoms"
   &BONDTHRESH [&Type "Double"]       1.0000000000000001e-01  "The threshold for printing"
   &NBONDORDERSPRINT [&Type "Integer"] 43 "The number of bond orders larger than threshold"
   &BONDORDERS [&Type "ArrayOfDoubles", &Dim (43,1)] "The bond orders"
                                                         0

0                                      1.1672951738786974e+00
1                                      9.3942573010193164e-01
2                                      9.3108385337466282e-01
3                                      9.4641036442141191e-01
4                                      9.0551142581525579e-01
5                                      9.3610048976464499e-01
6                                      9.1536201659535188e-01
7                                      1.1028501978364749e+00
8                                      1.6229562462466114e+00
9                                      1.1261434086993660e+00
10                                     9.6003558535788003e-01
11                                     1.1529019855257082e-01
12                                     9.0955354363775132e-01
13                                     1.1626495017399205e+00
14                                     9.0221364682148919e-01
15                                     9.3440540181073262e-01
16                                     9.4609599911871123e-01
17                                     9.3621483350582890e-01
18                                     9.3886494436800594e-01
19                                     1.0001920148721104e+00
20                                     1.0008992132335621e+00
21                                     9.0560593355772201e-01
22                                     8.4811189337675430e-01
23                                     9.3462219667500301e-01
24                                     1.1748535984305795e-01
25                                     1.6265148199314876e+00
26                                     1.1418815792576520e+00
27                                     1.0713881067188098e+00
28                                     1.0487161308950284e-01
29                                     9.0311715686428773e-01
30                                     1.1580315851946923e+00
31                                     9.1304790918662115e-01
32                                     9.2600006247250632e-01
33                                     9.3889713694016863e-01
34                                     9.4590823573500515e-01
35                                     9.3721082802408850e-01
36                                     9.1547363670174287e-01
37                                     1.1642763599021877e+00
38                                     9.3419049247548225e-01
39                                     9.1760071560062773e-01
40                                     9.3618969996925439e-01
41                                     9.4144657681925403e-01
42                                     9.3698419685752354e-01
   &COMPONENTS [&Type "ArrayOfIntegers", &Dim (43,4)] "The indices and atomic numbers of the bonding atoms"
                                                         0                           1                           2                           3

0                                                        0                           6                           1                           6
1                                                        0                           6                          19                           1
2                                                        0                           6                          20                           1
3                                                        0                           6                          21                           1
4                                                        1                           6                           2                           8
5                                                        1                           6                          22                           1
6                                                        1                           6                          23                           1
7                                                        2                           8                           3                          15
8                                                        3                          15                           4                          16
9                                                        3                          15                           5                           8
10                                                       3                          15                           8                          16
11                                                       4                          16                           8                          16
12                                                       5                           8                           6                           6
13                                                       6                           6                           7                           6
14                                                       6                           6                          24                           1
15                                                       6                           6                          25                           1
16                                                       7                           6                          26                           1
17                                                       7                           6                          27                           1
18                                                       7                           6                          28                           1
19                                                       8                          16                           9                           6
20                                                       9                           6                          10                          16
21                                                       9                           6                          29                           1
22                                                       9                           6                          30                           1
23                                                      10                          16                          11                          15
24                                                      10                          16                          12                          16
25                                                      11                          15                          12                          16
26                                                      11                          15                          13                           8
27                                                      11                          15                          16                           8
28                                                      12                          16                          30                           1
29                                                      13                           8                          14                           6
30                                                      14                           6                          15                           6
31                                                      14                           6                          31                           1
32                                                      14                           6                          32                           1
33                                                      15                           6                          33                           1
34                                                      15                           6                          34                           1
35                                                      15                           6                          35                           1
36                                                      16                           8                          17                           6
37                                                      17                           6                          18                           6
38                                                      17                           6                          36                           1
39                                                      17                           6                          37                           1
40                                                      18                           6                          38                           1
41                                                      18                           6                          39                           1
42                                                      18                           6                          40                           1
   &ATNO [&Type "ArrayOfIntegers", &Dim (41,1)] "Atomic number of the elements"
                                                         0

0                                                        6
1                                                        6
2                                                        8
3                                                       15
4                                                       16
5                                                        8
6                                                        6
7                                                        6
8                                                       16
9                                                        6
10                                                      16
11                                                      15
12                                                      16
13                                                       8
14                                                       6
15                                                       6
16                                                       8
17                                                       6
18                                                       6
19                                                       1
20                                                       1
21                                                       1
22                                                       1
23                                                       1
24                                                       1
25                                                       1
26                                                       1
27                                                       1
28                                                       1
29                                                       1
30                                                       1
31                                                       1
32                                                       1
33                                                       1
34                                                       1
35                                                       1
36                                                       1
37                                                       1
38                                                       1
39                                                       1
40                                                       1
   &NA [&Type "ArrayOfDoubles", &Dim (41,1)] "Mulliken gross atomic population"
                                                         0

0                                      6.2958493688020800e+00
1                                      6.0105258739476728e+00
2                                      8.3713870861659032e+00
3                                      1.4398311705187099e+01
4                                      1.6312635742993240e+01
5                                      8.3596369114858078e+00
6                                      6.0315274784917277e+00
7                                      6.3003506353232313e+00
8                                      1.6090014666520016e+01
9                                      6.3496225668239195e+00
10                                     1.6124961276482548e+01
11                                     1.4379206339739703e+01
12                                     1.6293772418749846e+01
13                                     8.3500362515287918e+00
14                                     6.0463513251151682e+00
15                                     6.2770518517126188e+00
16                                     8.3826870009291525e+00
17                                     5.9958144124468724e+00
18                                     6.3186117962008801e+00
19                                     8.9217991135262087e-01
20                                     8.6847175358368467e-01
21                                     8.8658373305999649e-01
22                                     8.9293803981891640e-01
23                                     8.9609171063760429e-01
24                                     8.7385595146887129e-01
25                                     8.9649276505526376e-01
26                                     8.8213249512854275e-01
27                                     8.7478372157862050e-01
28                                     8.9156701037224062e-01
29                                     8.1866596655439172e-01
30                                     7.9285902110454987e-01
31                                     8.8548460133176332e-01
32                                     8.7598496405331350e-01
33                                     8.9313670695008673e-01
34                                     8.8006370386498445e-01
35                                     8.7598546605093808e-01
36                                     8.9761860978916452e-01
37                                     8.8841821795911191e-01
38                                     8.7998309994591228e-01
39                                     8.8056784133132626e-01
40                                     8.8778000036163651e-01
   &ZA [&Type "ArrayOfDoubles", &Dim (41,1)] "Total nuclear charge"
                                                         0

0                                      6.0000000000000000e+00
1                                      6.0000000000000000e+00
2                                      8.0000000000000000e+00
3                                      1.5000000000000000e+01
4                                      1.6000000000000000e+01
5                                      8.0000000000000000e+00
6                                      6.0000000000000000e+00
7                                      6.0000000000000000e+00
8                                      1.6000000000000000e+01
9                                      6.0000000000000000e+00
10                                     1.6000000000000000e+01
11                                     1.5000000000000000e+01
12                                     1.6000000000000000e+01
13                                     8.0000000000000000e+00
14                                     6.0000000000000000e+00
15                                     6.0000000000000000e+00
16                                     8.0000000000000000e+00
17                                     6.0000000000000000e+00
18                                     6.0000000000000000e+00
19                                     1.0000000000000000e+00
20                                     1.0000000000000000e+00
21                                     1.0000000000000000e+00
22                                     1.0000000000000000e+00
23                                     1.0000000000000000e+00
24                                     1.0000000000000000e+00
25                                     1.0000000000000000e+00
26                                     1.0000000000000000e+00
27                                     1.0000000000000000e+00
28                                     1.0000000000000000e+00
29                                     1.0000000000000000e+00
30                                     1.0000000000000000e+00
31                                     1.0000000000000000e+00
32                                     1.0000000000000000e+00
33                                     1.0000000000000000e+00
34                                     1.0000000000000000e+00
35                                     1.0000000000000000e+00
36                                     1.0000000000000000e+00
37                                     1.0000000000000000e+00
38                                     1.0000000000000000e+00
39                                     1.0000000000000000e+00
40                                     1.0000000000000000e+00
   &QA [&Type "ArrayOfDoubles", &Dim (41,1)] "Mulliken gross atomic charge"
                                                         0

0                                     -2.9584936880208001e-01
1                                     -1.0525873947672792e-02
2                                     -3.7138708616590321e-01
3                                      6.0168829481290054e-01
4                                     -3.1263574299324048e-01
5                                     -3.5963691148580779e-01
6                                     -3.1527478491727656e-02
7                                     -3.0035063532323125e-01
8                                     -9.0014666520016107e-02
9                                     -3.4962256682391946e-01
10                                    -1.2496127648254785e-01
11                                     6.2079366026029703e-01
12                                    -2.9377241874984605e-01
13                                    -3.5003625152879181e-01
14                                    -4.6351325115168152e-02
15                                    -2.7705185171261881e-01
16                                    -3.8268700092915253e-01
17                                     4.1855875531275899e-03
18                                    -3.1861179620088009e-01
19                                     1.0782008864737913e-01
20                                     1.3152824641631533e-01
21                                     1.1341626694000351e-01
22                                     1.0706196018108360e-01
23                                     1.0390828936239571e-01
24                                     1.2614404853112871e-01
25                                     1.0350723494473624e-01
26                                     1.1786750487145725e-01
27                                     1.2521627842137950e-01
28                                     1.0843298962775938e-01
29                                     1.8133403344560828e-01
30                                     2.0714097889545013e-01
31                                     1.1451539866823668e-01
32                                     1.2401503594668650e-01
33                                     1.0686329304991327e-01
34                                     1.1993629613501555e-01
35                                     1.2401453394906192e-01
36                                     1.0238139021083548e-01
37                                     1.1158178204088809e-01
38                                     1.2001690005408772e-01
39                                     1.1943215866867374e-01
40                                     1.1221999963836349e-01
   &VA [&Type "ArrayOfDoubles", &Dim (41,1)] "Mayer's total valence"
                                                         0

0                                      3.9818888534459500e+00
1                                      4.0084788120028083e+00
2                                      2.1739709458474143e+00
3                                      4.9798896084198727e+00
4                                      2.0916477994113705e+00
5                                      2.1780168223074838e+00
6                                      4.0037445182393059e+00
7                                      3.9883248580995061e+00
8                                      2.2517216233282986e+00
9                                      3.8177928163554817e+00
10                                     2.2740903066754168e+00
11                                     4.9453313327820316e+00
12                                     2.0724077076320171e+00
13                                     2.1853210380448762e+00
14                                     4.0218643628193087e+00
15                                     3.9749957919520935e+00
16                                     2.1705688873852638e+00
17                                     4.0075759060542149e+00
18                                     3.9920161230109485e+00
19                                     9.5481659921812589e-01
20                                     9.9495818886396659e-01
21                                     9.5755932332612426e-01
22                                     9.4753464160495560e-01
23                                     9.7650748680321442e-01
24                                     9.8592396335963739e-01
25                                     9.4851617667411270e-01
26                                     9.6029942976400806e-01
27                                     9.8034216699056620e-01
28                                     9.5443558935461781e-01
29                                     9.3089617777741707e-01
30                                     9.9582914541285084e-01
31                                     9.5607113849123848e-01
32                                     9.4533777830446997e-01
33                                     9.5498410329065830e-01
34                                     9.6006988197351850e-01
35                                     9.8252592105956205e-01
36                                     9.4793777632293119e-01
37                                     9.8072544716381826e-01
38                                     9.8275468200583282e-01
39                                     9.6682302464874958e-01
40                                     9.5388054826813395e-01
   &BVA [&Type "ArrayOfDoubles", &Dim (41,1)] "Mayer's bonded valence"
                                                         0

0                                      3.9818888534459131e+00
1                                      4.0084788120028003e+00
2                                      2.1739709458473464e+00
3                                      4.9798896084198461e+00
4                                      2.0916477994114411e+00
5                                      2.1780168223073946e+00
6                                      4.0037445182393139e+00
7                                      3.9883248580994750e+00
8                                      2.2517216233284385e+00
9                                      3.8177928163554746e+00
10                                     2.2740903066752911e+00
11                                     4.9453313327821364e+00
12                                     2.0724077076319518e+00
13                                     2.1853210380449455e+00
14                                     4.0218643628192821e+00
15                                     3.9749957919520682e+00
16                                     2.1705688873851940e+00
17                                     4.0075759060541287e+00
18                                     3.9920161230109281e+00
19                                     9.5481659921812090e-01
20                                     9.9495818886396925e-01
21                                     9.5755932332612281e-01
22                                     9.4753464160495593e-01
23                                     9.7650748680320665e-01
24                                     9.8592396335963661e-01
25                                     9.4851617667410904e-01
26                                     9.6029942976401061e-01
27                                     9.8034216699056753e-01
28                                     9.5443558935461059e-01
29                                     9.3089617777742151e-01
30                                     9.9582914541285517e-01
31                                     9.5607113849124403e-01
32                                     9.4533777830447108e-01
33                                     9.5498410329064998e-01
34                                     9.6006988197351173e-01
35                                     9.8252592105956604e-01
36                                     9.4793777632292986e-01
37                                     9.8072544716381072e-01
38                                     9.8275468200583960e-01
39                                     9.6682302464875480e-01
40                                     9.5388054826814062e-01
   &FA [&Type "ArrayOfDoubles", &Dim (41,1)] "Mayer's free valence"
                                                         0

0                                      0.0000000000000000e+00
1                                      0.0000000000000000e+00
2                                      0.0000000000000000e+00
3                                      0.0000000000000000e+00
4                                      0.0000000000000000e+00
5                                      0.0000000000000000e+00
6                                      0.0000000000000000e+00
7                                      0.0000000000000000e+00
8                                      0.0000000000000000e+00
9                                      0.0000000000000000e+00
10                                     0.0000000000000000e+00
11                                     0.0000000000000000e+00
12                                     0.0000000000000000e+00
13                                     0.0000000000000000e+00
14                                     0.0000000000000000e+00
15                                     0.0000000000000000e+00
16                                     0.0000000000000000e+00
17                                     0.0000000000000000e+00
18                                     0.0000000000000000e+00
19                                     0.0000000000000000e+00
20                                     0.0000000000000000e+00
21                                     0.0000000000000000e+00
22                                     0.0000000000000000e+00
23                                     0.0000000000000000e+00
24                                     0.0000000000000000e+00
25                                     0.0000000000000000e+00
26                                     0.0000000000000000e+00
27                                     0.0000000000000000e+00
28                                     0.0000000000000000e+00
29                                     0.0000000000000000e+00
30                                     0.0000000000000000e+00
31                                     0.0000000000000000e+00
32                                     0.0000000000000000e+00
33                                     0.0000000000000000e+00
34                                     0.0000000000000000e+00
35                                     0.0000000000000000e+00
36                                     0.0000000000000000e+00
37                                     0.0000000000000000e+00
38                                     0.0000000000000000e+00
39                                     0.0000000000000000e+00
40                                     0.0000000000000000e+00
$End
$VdW_Correction
   &GeometryIndex 1
   &ListStatus       OUT
   &VDW [&Type "Double"]      -6.6490516446902542e-02
$End
$Calculation_Info
   &GeometryIndex 1
   &ListStatus       OUT
   &MULT [&Type "Integer"] 1
   &CHARGE [&Type "Integer"] 0
   &NUMOFATOMS [&Type "Integer"] 41
   &NUMOFELECTRONS [&Type "Integer"] 202
   &NUMOFFCELECTRONS [&Type "Integer"] 1
   &NUMOFCORRELECTRONS [&Type "Integer"] 0
   &NUMOFBASISFUNCTS [&Type "Integer"] 334
   &NUMOFAUXCBASISFUNCTS [&Type "Integer"] 0
   &NUMOFAUXJBASISFUNCTS [&Type "Integer"] 1185
   &NUMOFAUXJKBASISFUNCTS [&Type "Integer"] 0
   &NUMOFCABSBASISFUNCTS [&Type "Integer"] 0
   &TOTALENERGY [&Type "Double"]      -2.9295170837673750e+03  "Hartrees"
$End
$SCF_Dipole_Moment
   &GeometryIndex 1
   &ListStatus       OUT
   &METHOD [&Type "String"] "SCF"
   &LEVEL [&Type "String"] "Relaxed density"
   &MULT [&Type "Integer"] 1
   &STATE [&Type "Integer"] -1
   &IRREP [&Type "Integer"] 0
   &NATOMS [&Type "Integer"] 41
   &DODIPOLEATOM [&Type "Boolean"] false
   &DIPOLEELECCONTRIB [&Type "ArrayOfDoubles", &Dim (3,1)] "Electronic contribution"
                                                         0

0                                     -1.0277120241731557e+00
1                                     -5.7220891186188361e+00
2                                     -9.8688170093811269e+00
   &DIPOLENUCCONTRIB [&Type "ArrayOfDoubles", &Dim (3,1)] "Nuclear contribution"
                                                         0

0                                      1.0109901084812787e+00
1                                      5.2193038941311629e+00
2                                      1.0977116377375946e+01
   &DIPOLETOTAL [&Type "ArrayOfDoubles", &Dim (3,1)] "Total"
                                                         0

0                                     -1.6721915691876976e-02
1                                     -5.0278522448767315e-01
2                                      1.1082993679948192e+00
   &DIPOLEMAGNITUDE [&Type "Double", &Units "a.u."]       1.2171278049265171e+00
$End
