*************************************************
******************* ORCA 6.0.0 ******************
*************************************************
$Calculation_Status
   &GeometryIndex 1
   &ListStatus       OUT
   &VERSION [&Type "String"] "6.0.0"
   &PROGNAME [&Type "String"] "LeanSCF"
   &STATUS [&Type "String"] "NORMAL TERMINATION"
$End
$Geometry
   &GeometryIndex 1
   &ListStatus       OUT
   &NATOMS [&Type "Integer"] 41
   &NCORELESSECP [&Type "Integer"] 0
   &NGHOSTATOMS [&Type "Integer"] 0
   &CartesianCoordinates [&Type "Coordinates", &Dim(41,4), &Units "Bohr"] 
              C      4.893684476169   -1.119730123494   -5.148616066918
              C      5.172998255337    1.244802712528   -3.558052424912
              O      5.833872683628    0.612475709302   -0.993757766683
              P      3.913154489878    0.425959802056    1.294796875703
              S      1.914850205766    3.429108818064    2.091021673354
              O      5.715869602580   -0.180714652861    3.588392586862
              C      7.478450823711   -2.276546340630    3.636322282061
              C     10.089398754440   -1.438802131796    2.814498925010
              S      1.871847453865   -2.995753092981    0.683827723160
              C     -0.726054869472   -2.381269584244    2.854284182707
              S     -3.793379778484   -3.023314344621    1.480881669899
              P     -4.189646392033    0.145608493509   -0.892031404218
              S     -1.573340588070    1.008421242884   -3.383510662812
              O     -4.678162493152    2.276972210445    1.150941400437
              C     -4.685417864774    4.935482187130    0.544422517224
              C     -4.374923002329    6.397507511663    2.983557863106
              O     -6.943405485478   -0.205138421870   -2.041116682198
              C     -7.874234834275   -2.414416716103   -3.334175475297
              C     -6.015361319748   -3.482498387866   -5.228749258474
              H      4.580560617089   -0.570926498650   -7.099104103460
              H      6.590364430478   -2.267601310636   -5.020524424767
              H      3.280289578186   -2.222175796417   -4.512841590574
              H      3.429595046677    2.354538234560   -3.570529937731
              H      6.736347020976    2.416704019450   -4.219885485760
              H      7.475938669598   -2.897181764168    5.603313376488
              H      6.755101461160   -3.785006926951    2.422498288084
              H     11.387519723419   -3.016262684721    3.000658323893
              H     10.057698180158   -0.812077542002    0.859665816034
              H     10.733269677556    0.113351224617    3.994616426113
              H     -0.635874597625   -0.403381700406    3.443191999242
              H     -0.563201269302   -3.656083095142    4.456253708234
              H     -3.127781611036    5.320877501216   -0.763248947545
              H     -6.479235185345    5.366530587973   -0.382770727694
              H     -5.839689449074    5.857478413248    4.315609155837
              H     -2.533100701760    6.000166687451    3.804159789434
              H     -4.512075732193    8.403600327546    2.584276719690
              H     -8.347325473617   -3.823677536869   -1.899158508600
              H     -9.594760620192   -1.748602032526   -4.257034999744
              H     -6.882156467773   -5.058430832271   -6.214171288412
              H     -5.467297568794   -2.044478344363   -6.591249800431
              H     -4.322029943707   -4.146475551638   -4.262669199693
$End
$SCF_Energy
   &GeometryIndex 1
   &ListStatus       OUT
   &SCF_ENERGY [&Type "Double"]      -2.9296306890933120e+03
$End
$DFT_Energy
   &GeometryIndex 1
   &ListStatus       OUT
   &NALPHAEL [&Type "Integer"] 101
   &NBETAEL [&Type "Integer"] 101
   &NTOTALEL [&Type "Integer"] 202
   &EEXCHANGE [&Type "Double"]      -2.3181338987155297e+02
   &ECORR [&Type "Double"]      -7.2952204369730795e+00
   &ECNL [&Type "Double"]       0.0000000000000000e+00
   &EXC [&Type "Double"]      -2.3910861030852604e+02
   &EEMBED [&Type "Double"]       0.0000000000000000e+00
   &FINALEN [&Type "Double"]      -2.9296306890933120e+03  "No Van der Waals correction"
$End
$Mulliken_Population_Analysis
   &GeometryIndex 1
   &ListStatus       OUT
   &NATOMS [&Type "Integer"] 41
   &ATNO [&Type "ArrayOfIntegers", &Dim (41,1)] 
                                                         0

0                                                        6
1                                                        6
2                                                        8
3                                                       15
4                                                       16
5                                                        8
6                                                        6
7                                                        6
8                                                       16
9                                                        6
10                                                      16
11                                                      15
12                                                      16
13                                                       8
14                                                       6
15                                                       6
16                                                       8
17                                                       6
18                                                       6
19                                                       1
20                                                       1
21                                                       1
22                                                       1
23                                                       1
24                                                       1
25                                                       1
26                                                       1
27                                                       1
28                                                       1
29                                                       1
30                                                       1
31                                                       1
32                                                       1
33                                                       1
34                                                       1
35                                                       1
36                                                       1
37                                                       1
38                                                       1
39                                                       1
40                                                       1
   &ATOMICCHARGES [&Type "ArrayOfDoubles", &Dim (41,1)] 
                                                         0

0                                     -3.0851942705627611e-01
1                                     -1.3019540730646817e-02
2                                     -3.8100587017585852e-01
3                                      6.1177479460673645e-01
4                                     -3.0937050515889908e-01
5                                     -3.5728023963686084e-01
6                                     -1.1708458404919853e-02
7                                     -2.8943237576718506e-01
8                                     -1.0060893876190846e-01
9                                     -3.4234675852079999e-01
10                                    -1.0106437830517123e-01
11                                     6.2326893901896874e-01
12                                    -3.3425224573499435e-01
13                                    -3.6856163925920526e-01
14                                    -3.7721412591098513e-03
15                                    -2.9129051981715826e-01
16                                    -3.8020116107877833e-01
17                                    -5.6487193244922906e-03
18                                    -3.1804223929496711e-01
19                                     1.1212649165890509e-01
20                                     1.0749383864771289e-01
21                                     1.4057529170005323e-01
22                                     1.3019734999654031e-01
23                                     1.0508178128398726e-01
24                                     1.0657138427454216e-01
25                                     9.8259503605671150e-02
26                                     1.0761957314241044e-01
27                                     1.2186936831241857e-01
28                                     1.1952769383188522e-01
29                                     1.9819822328160219e-01
30                                     1.8278379279060508e-01
31                                     1.1473679595070929e-01
32                                     9.7636639795015578e-02
33                                     1.1067504504790715e-01
34                                     1.3408615067605822e-01
35                                     1.0590824702885682e-01
36                                     1.1166854087700806e-01
37                                     1.0939323746043328e-01
38                                     1.1022756243454779e-01
39                                     1.2956265760440633e-01
40                                     1.2688225526014285e-01
$End
$Loewdin_Population_Analysis
   &GeometryIndex 1
   &ListStatus       OUT
   &NATOMS [&Type "Integer"] 41
   &ATNO [&Type "ArrayOfIntegers", &Dim (41,1)] 
                                                         0

0                                                        6
1                                                        6
2                                                        8
3                                                       15
4                                                       16
5                                                        8
6                                                        6
7                                                        6
8                                                       16
9                                                        6
10                                                      16
11                                                      15
12                                                      16
13                                                       8
14                                                       6
15                                                       6
16                                                       8
17                                                       6
18                                                       6
19                                                       1
20                                                       1
21                                                       1
22                                                       1
23                                                       1
24                                                       1
25                                                       1
26                                                       1
27                                                       1
28                                                       1
29                                                       1
30                                                       1
31                                                       1
32                                                       1
33                                                       1
34                                                       1
35                                                       1
36                                                       1
37                                                       1
38                                                       1
39                                                       1
40                                                       1
   &ATOMICCHARGES [&Type "ArrayOfDoubles", &Dim (41,1)] 
                                                         0

0                                      3.9867260011016667e-04
1                                      2.5926496647593302e-02
2                                      1.3575498968587096e-01
3                                      1.4409504956217350e-02
4                                      4.2814662296140484e-05
5                                      1.0466080158188158e-01
6                                      1.1276458238196212e-02
7                                      2.2893910101188283e-04
8                                      1.5567792322337129e-04
9                                      2.4097322761075835e-04
10                                     3.0834270650989884e-04
11                                     3.3914804173875282e-02
12                                     2.9314523258702920e-04
13                                     3.8435633480587289e-01
14                                     5.8712133603078774e-02
15                                     4.8171476818420255e-03
16                                     1.8908294884139670e-01
17                                     3.3180346510732033e-02
18                                     1.3310595454653499e-03
19                                     2.1045461852930187e-05
20                                     9.4694097764548080e-07
21                                     2.4159665345829154e-07
22                                     7.4122559676959650e-05
23                                     1.7488146164575967e-04
24                                     5.5094367555672589e-05
25                                     3.0104168939228060e-05
26                                     1.9494151210965044e-05
27                                     4.4218968570727806e-07
28                                     3.5249255933813917e-06
29                                     1.1132920653612324e-06
30                                     1.2383640977053671e-06
31                                     7.5541957433009407e-05
32                                     3.3500290710300330e-05
33                                     1.0420049319608820e-05
34                                     5.2481716405399890e-06
35                                     6.7733798666288510e-05
36                                     8.0113387840933248e-05
37                                     1.8268318392415618e-04
38                                     6.2903558142457942e-05
39                                     6.4590300266224716e-06
40                                     1.5553669708381944e-06
$End
$Mayer_Population_Analysis
   &GeometryIndex 1
   &ListStatus       OUT
   &NATOMS [&Type "Integer"] 41 "Total number of atoms"
   &BONDTHRESH [&Type "Double"]       1.0000000000000001e-01  "The threshold for printing"
   &NBONDORDERSPRINT [&Type "Integer"] 43 "The number of bond orders larger than threshold"
   &BONDORDERS [&Type "ArrayOfDoubles", &Dim (43,1)] "The bond orders"
                                                         0

0                                      1.1729571589350392e+00
1                                      9.3983121812920523e-01
2                                      9.4768543914096826e-01
3                                      9.3054206285779439e-01
4                                      8.8864654281443212e-01
5                                      9.0305702473354732e-01
6                                      9.3390459271684956e-01
7                                      1.1045987207171502e+00
8                                      1.6391835292620245e+00
9                                      1.1292444579893246e+00
10                                     9.4627755724260121e-01
11                                     1.1409540159945454e-01
12                                     1.0471148110895380e-01
13                                     9.0059463923714955e-01
14                                     1.1632754310671660e+00
15                                     9.3679648171602781e-01
16                                     9.0986682758111048e-01
17                                     9.3980278380052096e-01
18                                     9.4159300471248308e-01
19                                     9.4705478704933899e-01
20                                     9.8943350081606496e-01
21                                     1.0055017450234838e+00
22                                     8.5040515792987059e-01
23                                     9.1145972487017723e-01
24                                     9.5550709287865376e-01
25                                     1.1978995919736196e-01
26                                     1.6331607672966868e+00
27                                     1.1298257726899164e+00
28                                     1.1073722174281972e+00
29                                     8.9472406766989687e-01
30                                     1.1644244684035134e+00
31                                     9.0703158074054813e-01
32                                     9.3171463689095890e-01
33                                     9.4928596135551246e-01
34                                     9.4262243549925206e-01
35                                     9.4116365400061308e-01
36                                     9.1591858678595917e-01
37                                     1.1655043152549429e+00
38                                     9.3134978799073731e-01
39                                     9.3452505495620275e-01
40                                     9.3309242426979300e-01
41                                     9.3914075403333730e-01
42                                     9.3203693384977726e-01
   &COMPONENTS [&Type "ArrayOfIntegers", &Dim (43,4)] "The indices and atomic numbers of the bonding atoms"
                                                         0                           1                           2                           3

0                                                        0                           6                           1                           6
1                                                        0                           6                          19                           1
2                                                        0                           6                          20                           1
3                                                        0                           6                          21                           1
4                                                        1                           6                           2                           8
5                                                        1                           6                          22                           1
6                                                        1                           6                          23                           1
7                                                        2                           8                           3                          15
8                                                        3                          15                           4                          16
9                                                        3                          15                           5                           8
10                                                       3                          15                           8                          16
11                                                       4                          16                           8                          16
12                                                       4                          16                          29                           1
13                                                       5                           8                           6                           6
14                                                       6                           6                           7                           6
15                                                       6                           6                          24                           1
16                                                       6                           6                          25                           1
17                                                       7                           6                          26                           1
18                                                       7                           6                          27                           1
19                                                       7                           6                          28                           1
20                                                       8                          16                           9                           6
21                                                       9                           6                          10                          16
22                                                       9                           6                          29                           1
23                                                       9                           6                          30                           1
24                                                      10                          16                          11                          15
25                                                      10                          16                          12                          16
26                                                      11                          15                          12                          16
27                                                      11                          15                          13                           8
28                                                      11                          15                          16                           8
29                                                      13                           8                          14                           6
30                                                      14                           6                          15                           6
31                                                      14                           6                          31                           1
32                                                      14                           6                          32                           1
33                                                      15                           6                          33                           1
34                                                      15                           6                          34                           1
35                                                      15                           6                          35                           1
36                                                      16                           8                          17                           6
37                                                      17                           6                          18                           6
38                                                      17                           6                          36                           1
39                                                      17                           6                          37                           1
40                                                      18                           6                          38                           1
41                                                      18                           6                          39                           1
42                                                      18                           6                          40                           1
   &ATNO [&Type "ArrayOfIntegers", &Dim (41,1)] "Atomic number of the elements"
                                                         0

0                                                        6
1                                                        6
2                                                        8
3                                                       15
4                                                       16
5                                                        8
6                                                        6
7                                                        6
8                                                       16
9                                                        6
10                                                      16
11                                                      15
12                                                      16
13                                                       8
14                                                       6
15                                                       6
16                                                       8
17                                                       6
18                                                       6
19                                                       1
20                                                       1
21                                                       1
22                                                       1
23                                                       1
24                                                       1
25                                                       1
26                                                       1
27                                                       1
28                                                       1
29                                                       1
30                                                       1
31                                                       1
32                                                       1
33                                                       1
34                                                       1
35                                                       1
36                                                       1
37                                                       1
38                                                       1
39                                                       1
40                                                       1
   &NA [&Type "ArrayOfDoubles", &Dim (41,1)] "Mulliken gross atomic population"
                                                         0

0                                      6.3085194270562654e+00
1                                      6.0130195407306495e+00
2                                      8.3810058701758638e+00
3                                      1.4388225205393233e+01
4                                      1.6309370505158949e+01
5                                      8.3572802396368981e+00
6                                      6.0117084584049314e+00
7                                      6.2894323757671922e+00
8                                      1.6100608938761958e+01
9                                      6.3423467585207929e+00
10                                     1.6101064378305217e+01
11                                     1.4376731060981037e+01
12                                     1.6334252245734969e+01
13                                     8.3685616392591893e+00
14                                     6.0037721412591143e+00
15                                     6.2912905198171618e+00
16                                     8.3802011610787748e+00
17                                     6.0056487193245163e+00
18                                     6.3180422392949618e+00
19                                     8.8787350834109635e-01
20                                     8.9250616135228611e-01
21                                     8.5942470829994821e-01
22                                     8.6980265000345913e-01
23                                     8.9491821871601163e-01
24                                     8.9342861572545762e-01
25                                     9.0174049639432896e-01
26                                     8.9238042685758978e-01
27                                     8.7813063168758199e-01
28                                     8.8047230616811545e-01
29                                     8.0180177671839892e-01
30                                     8.1721620720939570e-01
31                                     8.8526320404929126e-01
32                                     9.0236336020498376e-01
33                                     8.8932495495209241e-01
34                                     8.6591384932394133e-01
35                                     8.9409175297114296e-01
36                                     8.8833145912299216e-01
37                                     8.9060676253956761e-01
38                                     8.8977243756545221e-01
39                                     8.7043734239559323e-01
40                                     8.7311774473985626e-01
   &ZA [&Type "ArrayOfDoubles", &Dim (41,1)] "Total nuclear charge"
                                                         0

0                                      6.0000000000000000e+00
1                                      6.0000000000000000e+00
2                                      8.0000000000000000e+00
3                                      1.5000000000000000e+01
4                                      1.6000000000000000e+01
5                                      8.0000000000000000e+00
6                                      6.0000000000000000e+00
7                                      6.0000000000000000e+00
8                                      1.6000000000000000e+01
9                                      6.0000000000000000e+00
10                                     1.6000000000000000e+01
11                                     1.5000000000000000e+01
12                                     1.6000000000000000e+01
13                                     8.0000000000000000e+00
14                                     6.0000000000000000e+00
15                                     6.0000000000000000e+00
16                                     8.0000000000000000e+00
17                                     6.0000000000000000e+00
18                                     6.0000000000000000e+00
19                                     1.0000000000000000e+00
20                                     1.0000000000000000e+00
21                                     1.0000000000000000e+00
22                                     1.0000000000000000e+00
23                                     1.0000000000000000e+00
24                                     1.0000000000000000e+00
25                                     1.0000000000000000e+00
26                                     1.0000000000000000e+00
27                                     1.0000000000000000e+00
28                                     1.0000000000000000e+00
29                                     1.0000000000000000e+00
30                                     1.0000000000000000e+00
31                                     1.0000000000000000e+00
32                                     1.0000000000000000e+00
33                                     1.0000000000000000e+00
34                                     1.0000000000000000e+00
35                                     1.0000000000000000e+00
36                                     1.0000000000000000e+00
37                                     1.0000000000000000e+00
38                                     1.0000000000000000e+00
39                                     1.0000000000000000e+00
40                                     1.0000000000000000e+00
   &QA [&Type "ArrayOfDoubles", &Dim (41,1)] "Mulliken gross atomic charge"
                                                         0

0                                     -3.0851942705626545e-01
1                                     -1.3019540730649481e-02
2                                     -3.8100587017586385e-01
3                                      6.1177479460676665e-01
4                                     -3.0937050515894882e-01
5                                     -3.5728023963689814e-01
6                                     -1.1708458404931399e-02
7                                     -2.8943237576719216e-01
8                                     -1.0060893876195820e-01
9                                     -3.4234675852079288e-01
10                                    -1.0106437830521742e-01
11                                     6.2326893901896341e-01
12                                    -3.3425224573496948e-01
13                                    -3.6856163925918928e-01
14                                    -3.7721412591142922e-03
15                                    -2.9129051981716181e-01
16                                    -3.8020116107877477e-01
17                                    -5.6487193245162715e-03
18                                    -3.1804223929496178e-01
19                                     1.1212649165890365e-01
20                                     1.0749383864771389e-01
21                                     1.4057529170005179e-01
22                                     1.3019734999654087e-01
23                                     1.0508178128398837e-01
24                                     1.0657138427454238e-01
25                                     9.8259503605671039e-02
26                                     1.0761957314241022e-01
27                                     1.2186936831241801e-01
28                                     1.1952769383188455e-01
29                                     1.9819822328160108e-01
30                                     1.8278379279060430e-01
31                                     1.1473679595070874e-01
32                                     9.7636639795016245e-02
33                                     1.1067504504790759e-01
34                                     1.3408615067605867e-01
35                                     1.0590824702885704e-01
36                                     1.1166854087700784e-01
37                                     1.0939323746043239e-01
38                                     1.1022756243454779e-01
39                                     1.2956265760440677e-01
40                                     1.2688225526014374e-01
   &VA [&Type "ArrayOfDoubles", &Dim (41,1)] "Mayer's total valence"
                                                         0

0                                      3.9970395726612238e+00
1                                      3.9861531113071833e+00
2                                      2.1840572392493014e+00
3                                      4.9849118349849828e+00
4                                      2.0737792320001485e+00
5                                      2.1574409082914614e+00
6                                      4.0113397279752805e+00
7                                      3.9876168866136368e+00
8                                      2.2811886883918335e+00
9                                      3.8088017904016982e+00
10                                     2.2639300674281833e+00
11                                     4.9876607977079388e+00
12                                     2.0816721739416919e+00
13                                     2.1678326224388820e+00
14                                     3.9729288150338689e+00
15                                     4.0024731045356869e+00
16                                     2.1752815813990325e+00
17                                     4.0235583729796929e+00
18                                     3.9891717501903838e+00
19                                     9.5738668771670665e-01
20                                     9.5772037330714543e-01
21                                     9.7783695183468755e-01
22                                     9.8724032294727848e-01
23                                     9.4695348574631322e-01
24                                     9.4879127041973055e-01
25                                     9.7980485611733581e-01
26                                     9.5433575706227802e-01
27                                     9.8221936550633504e-01
28                                     9.5807632265819265e-01
29                                     9.9841408760550199e-01
30                                     9.3092721543071655e-01
31                                     9.9099351990630546e-01
32                                     9.5010833225947533e-01
33                                     9.5960164354033806e-01
34                                     9.7114868265536125e-01
35                                     9.5482586422790250e-01
36                                     9.4572542023051753e-01
37                                     9.4769596309299375e-01
38                                     9.5234956410134397e-01
39                                     9.7259619541411857e-01
40                                     9.8351040284637514e-01
   &BVA [&Type "ArrayOfDoubles", &Dim (41,1)] "Mayer's bonded valence"
                                                         0

0                                      3.9970395726612153e+00
1                                      3.9861531113071549e+00
2                                      2.1840572392492188e+00
3                                      4.9849118349850530e+00
4                                      2.0737792319999913e+00
5                                      2.1574409082914086e+00
6                                      4.0113397279753240e+00
7                                      3.9876168866136243e+00
8                                      2.2811886883917585e+00
9                                      3.8088017904016760e+00
10                                     2.2639300674281428e+00
11                                     4.9876607977079175e+00
12                                     2.0816721739417603e+00
13                                     2.1678326224389530e+00
14                                     3.9729288150338840e+00
15                                     4.0024731045357074e+00
16                                     2.1752815813990711e+00
17                                     4.0235583729796476e+00
18                                     3.9891717501903861e+00
19                                     9.5738668771670499e-01
20                                     9.5772037330714854e-01
21                                     9.7783695183468233e-01
22                                     9.8724032294728037e-01
23                                     9.4695348574631788e-01
24                                     9.4879127041973677e-01
25                                     9.7980485611733714e-01
26                                     9.5433575706228613e-01
27                                     9.8221936550634348e-01
28                                     9.5807632265819132e-01
29                                     9.9841408760549732e-01
30                                     9.3092721543071411e-01
31                                     9.9099351990629969e-01
32                                     9.5010833225948466e-01
33                                     9.5960164354033917e-01
34                                     9.7114868265535859e-01
35                                     9.5482586422790361e-01
36                                     9.4572542023052053e-01
37                                     9.4769596309299386e-01
38                                     9.5234956410134608e-01
39                                     9.7259619541412390e-01
40                                     9.8351040284637559e-01
   &FA [&Type "ArrayOfDoubles", &Dim (41,1)] "Mayer's free valence"
                                                         0

0                                      0.0000000000000000e+00
1                                      0.0000000000000000e+00
2                                      0.0000000000000000e+00
3                                      0.0000000000000000e+00
4                                      0.0000000000000000e+00
5                                      0.0000000000000000e+00
6                                      0.0000000000000000e+00
7                                      0.0000000000000000e+00
8                                      0.0000000000000000e+00
9                                      0.0000000000000000e+00
10                                     0.0000000000000000e+00
11                                     0.0000000000000000e+00
12                                     0.0000000000000000e+00
13                                     0.0000000000000000e+00
14                                     0.0000000000000000e+00
15                                     0.0000000000000000e+00
16                                     0.0000000000000000e+00
17                                     0.0000000000000000e+00
18                                     0.0000000000000000e+00
19                                     0.0000000000000000e+00
20                                     0.0000000000000000e+00
21                                     0.0000000000000000e+00
22                                     0.0000000000000000e+00
23                                     0.0000000000000000e+00
24                                     0.0000000000000000e+00
25                                     0.0000000000000000e+00
26                                     0.0000000000000000e+00
27                                     0.0000000000000000e+00
28                                     0.0000000000000000e+00
29                                     0.0000000000000000e+00
30                                     0.0000000000000000e+00
31                                     0.0000000000000000e+00
32                                     0.0000000000000000e+00
33                                     0.0000000000000000e+00
34                                     0.0000000000000000e+00
35                                     0.0000000000000000e+00
36                                     0.0000000000000000e+00
37                                     0.0000000000000000e+00
38                                     0.0000000000000000e+00
39                                     0.0000000000000000e+00
40                                     0.0000000000000000e+00
$End
$VdW_Correction
   &GeometryIndex 1
   &ListStatus       OUT
   &VDW [&Type "Double"]      -6.6090389030773369e-02
$End
$Calculation_Info
   &GeometryIndex 1
   &ListStatus       OUT
   &MULT [&Type "Integer"] 1
   &CHARGE [&Type "Integer"] 0
   &NUMOFATOMS [&Type "Integer"] 41
   &NUMOFELECTRONS [&Type "Integer"] 202
   &NUMOFFCELECTRONS [&Type "Integer"] 1
   &NUMOFCORRELECTRONS [&Type "Integer"] 0
   &NUMOFBASISFUNCTS [&Type "Integer"] 334
   &NUMOFAUXCBASISFUNCTS [&Type "Integer"] 0
   &NUMOFAUXJBASISFUNCTS [&Type "Integer"] 1185
   &NUMOFAUXJKBASISFUNCTS [&Type "Integer"] 0
   &NUMOFCABSBASISFUNCTS [&Type "Integer"] 0
   &TOTALENERGY [&Type "Double"]      -2.9295124278698427e+03  "Hartrees"
$End
$SCF_Dipole_Moment
   &GeometryIndex 1
   &ListStatus       OUT
   &METHOD [&Type "String"] "SCF"
   &LEVEL [&Type "String"] "Relaxed density"
   &MULT [&Type "Integer"] 1
   &STATE [&Type "Integer"] -1
   &IRREP [&Type "Integer"] 0
   &NATOMS [&Type "Integer"] 41
   &DODIPOLEATOM [&Type "Boolean"] false
   &DIPOLEELECCONTRIB [&Type "ArrayOfDoubles", &Dim (3,1)] "Electronic contribution"
                                                         0

0                                     -6.3662437933175742e+00
1                                     -4.1601810732231737e-01
2                                      7.0225913429311086e+00
   &DIPOLENUCCONTRIB [&Type "ArrayOfDoubles", &Dim (3,1)] "Nuclear contribution"
                                                         0

0                                      6.4704022462853068e+00
1                                     -5.3376806583118386e-01
2                                     -7.2942460657360018e+00
   &DIPOLETOTAL [&Type "ArrayOfDoubles", &Dim (3,1)] "Total"
                                                         0

0                                      1.0415845296773263e-01
1                                     -9.4978617315350122e-01
2                                     -2.7165472280489311e-01
   &DIPOLEMAGNITUDE [&Type "Double", &Units "a.u."]       9.9334739465124045e-01
$End
