*************************************************
******************* ORCA 6.0.0 ******************
*************************************************
$Calculation_Status
   &GeometryIndex 1
   &ListStatus       OUT
   &VERSION [&Type "String"] "6.0.0"
   &PROGNAME [&Type "String"] "LeanSCF"
   &STATUS [&Type "String"] "NORMAL TERMINATION"
$End
$Geometry
   &GeometryIndex 1
   &ListStatus       OUT
   &NATOMS [&Type "Integer"] 41
   &NCORELESSECP [&Type "Integer"] 0
   &NGHOSTATOMS [&Type "Integer"] 0
   &CartesianCoordinates [&Type "Coordinates", &Dim(41,4), &Units "Bohr"] 
              C      3.058673934011   -2.102272321353   -5.383832920644
              C      4.874431075342   -0.328971455440   -4.056484842187
              O      3.580869572194    1.012097861169   -2.046457936046
              P      4.001613192871    0.490866516596    0.849905348427
              S      1.827866651905    2.700724104863    2.866301885096
              O      6.971737869724    0.860218148590    1.077174574338
              C      8.529951282484   -0.043021307877    3.119773926968
              C      7.623744320849    0.843357942859    5.684418421125
              S      3.534774630996   -3.442867924439    1.529157022086
              C      0.213294948894   -3.411447104269    2.309340923480
              S     -1.868811351451   -3.651328482962   -0.428551462616
              P     -3.667661279735   -0.078966294361   -0.688224149846
              S     -2.191505893320    2.613872321984   -2.775196285036
              O     -4.155334668634    0.469769687169    2.204695186038
              C     -4.790214539744    2.956569406166    3.118923872784
              C     -7.367069968724    3.790313091986    2.204446786829
              O     -6.390532135471   -0.946006676305   -1.632053912289
              C     -6.993495121207   -1.296511990008   -4.263372334851
              C     -8.541792661141    0.912087432583   -5.232426423268
              H      3.981814143071   -2.900669539853   -7.031553771096
              H      2.471984362105   -3.627358101772   -4.135570183626
              H      1.390362436930   -1.059658961506   -5.980337408080
              H      5.534430251463    1.153444906217   -5.328217964371
              H      6.488781562666   -1.344059349768   -3.266374136658
              H      8.571783492286   -2.106754627210    3.031360890340
              H     10.393537253936    0.719246216258    2.672889776081
              H      8.958371847739    0.243814457381    7.121267174008
              H      7.459035315562    2.891701516994    5.718690107085
              H      5.776740608539    0.038906712491    6.104396667947
              H     -0.221998606813   -1.681121456568    3.343943651664
              H     -0.131644524759   -5.083523931883    3.449671232751
              H     -4.717533317468    2.757144140405    5.169417771389
              H     -3.316255701446    4.275539643456    2.510559299725
              H     -8.779152125097    2.379824894662    2.688951310037
              H     -7.850094292506    5.580694699961    3.081025223172
              H     -7.334398294228    4.030698585928    0.160557190422
              H     -5.246103034593   -1.493824033237   -5.348560124486
              H     -8.058512657035   -3.060952712237   -4.341155432185
              H    -10.215824011897    1.164196846042   -4.071500830358
              H     -7.418490095239    2.633466873936   -5.175942558069
              H     -9.104096480982    0.545086648245   -7.169883181456
$End
$SCF_Energy
   &GeometryIndex 1
   &ListStatus       OUT
   &SCF_ENERGY [&Type "Double"]      -2.9296309869050110e+03
$End
$DFT_Energy
   &GeometryIndex 1
   &ListStatus       OUT
   &NALPHAEL [&Type "Integer"] 101
   &NBETAEL [&Type "Integer"] 101
   &NTOTALEL [&Type "Integer"] 202
   &EEXCHANGE [&Type "Double"]      -2.3180227872126807e+02
   &ECORR [&Type "Double"]      -7.2952606764988177e+00
   &ECNL [&Type "Double"]       0.0000000000000000e+00
   &EXC [&Type "Double"]      -2.3909753939776689e+02
   &EEMBED [&Type "Double"]       0.0000000000000000e+00
   &FINALEN [&Type "Double"]      -2.9296309869050110e+03  "No Van der Waals correction"
$End
$Mulliken_Population_Analysis
   &GeometryIndex 1
   &ListStatus       OUT
   &NATOMS [&Type "Integer"] 41
   &ATNO [&Type "ArrayOfIntegers", &Dim (41,1)] 
                                                         0

0                                                        6
1                                                        6
2                                                        8
3                                                       15
4                                                       16
5                                                        8
6                                                        6
7                                                        6
8                                                       16
9                                                        6
10                                                      16
11                                                      15
12                                                      16
13                                                       8
14                                                       6
15                                                       6
16                                                       8
17                                                       6
18                                                       6
19                                                       1
20                                                       1
21                                                       1
22                                                       1
23                                                       1
24                                                       1
25                                                       1
26                                                       1
27                                                       1
28                                                       1
29                                                       1
30                                                       1
31                                                       1
32                                                       1
33                                                       1
34                                                       1
35                                                       1
36                                                       1
37                                                       1
38                                                       1
39                                                       1
40                                                       1
   &ATOMICCHARGES [&Type "ArrayOfDoubles", &Dim (41,1)] 
                                                         0

0                                     -2.9907070410994052e-01
1                                     -4.6625073655945926e-03
2                                     -3.3292004672851050e-01
3                                      6.0082678629662745e-01
4                                     -3.0538857832944544e-01
5                                     -3.7772286965893542e-01
6                                     -1.0301729223505696e-02
7                                     -3.0654518050042867e-01
8                                     -1.2297724571278934e-01
9                                     -3.4723283752146106e-01
10                                    -1.0401959987429876e-01
11                                     6.0766737511987046e-01
12                                    -3.0001737823030084e-01
13                                    -3.6855097377326373e-01
14                                    -9.6821337041141931e-03
15                                    -3.0963185528842896e-01
16                                    -3.7592272528210380e-01
17                                    -8.3451604424560344e-03
18                                    -2.9155833070796966e-01
19                                     1.0020699144035272e-01
20                                     1.2443729131882098e-01
21                                     1.2683046688673882e-01
22                                     1.0978158276881977e-01
23                                     9.3389957592578510e-02
24                                     1.1148528117421930e-01
25                                     1.0941586721537300e-01
26                                     1.1038142864550005e-01
27                                     1.2778037378814655e-01
28                                     1.2164756507714669e-01
29                                     2.0736880572915095e-01
30                                     1.8409964544385937e-01
31                                     1.0281546458415947e-01
32                                     1.2940522934702037e-01
33                                     1.1497398861450514e-01
34                                     1.1100065012902705e-01
35                                     1.2917365017994398e-01
36                                     1.0010664999917351e-01
37                                     1.0457895256211902e-01
38                                     1.1359949924866530e-01
39                                     1.2736881948353873e-01
40                                     1.0620753380809911e-01
$End
$Loewdin_Population_Analysis
   &GeometryIndex 1
   &ListStatus       OUT
   &NATOMS [&Type "Integer"] 41
   &ATNO [&Type "ArrayOfIntegers", &Dim (41,1)] 
                                                         0

0                                                        6
1                                                        6
2                                                        8
3                                                       15
4                                                       16
5                                                        8
6                                                        6
7                                                        6
8                                                       16
9                                                        6
10                                                      16
11                                                      15
12                                                      16
13                                                       8
14                                                       6
15                                                       6
16                                                       8
17                                                       6
18                                                       6
19                                                       1
20                                                       1
21                                                       1
22                                                       1
23                                                       1
24                                                       1
25                                                       1
26                                                       1
27                                                       1
28                                                       1
29                                                       1
30                                                       1
31                                                       1
32                                                       1
33                                                       1
34                                                       1
35                                                       1
36                                                       1
37                                                       1
38                                                       1
39                                                       1
40                                                       1
   &ATOMICCHARGES [&Type "ArrayOfDoubles", &Dim (41,1)] 
                                                         0

0                                      1.7864599588243097e-04
1                                      5.0348760949418493e-03
2                                      6.6992927681481573e-02
3                                      1.0908169985903301e-02
4                                      9.7029184772258402e-05
5                                      6.3762986918026399e-02
6                                      9.3427127335017571e-03
7                                      3.4365878312791272e-04
8                                      6.1121910506645868e-05
9                                      7.4346272673311755e-05
10                                     1.9123433898969236e-04
11                                     4.1006363069892353e-02
12                                     7.8457877979086255e-05
13                                     2.6460666421131002e-01
14                                     2.8299168879168030e-02
15                                     1.1624393717591741e-03
16                                     4.2658967450900376e-01
17                                     7.8324221107104561e-02
18                                     1.6365655410767676e-03
19                                     1.2085908462057798e-05
20                                     4.3917987855949129e-06
21                                     1.0889787650232633e-05
22                                     8.0281779469036570e-06
23                                     4.3009425118046513e-05
24                                     8.2250196639200606e-06
25                                     6.0076701449664045e-05
26                                     2.2723904648896598e-05
27                                     1.5798579325552769e-06
28                                     1.3608544262698721e-06
29                                     9.5197483289248698e-06
30                                     3.4985158569508461e-07
31                                     1.9590378838110748e-04
32                                     4.6551581556823689e-05
33                                     3.3565934327100885e-05
34                                     9.9242243576018685e-05
35                                     2.3996035485054160e-05
36                                     3.1611248172319520e-04
37                                     3.4142126761401890e-04
38                                     2.9583619763146711e-06
39                                     2.6797188543152156e-06
40                                     6.4063083402650671e-05
$End
$Mayer_Population_Analysis
   &GeometryIndex 1
   &ListStatus       OUT
   &NATOMS [&Type "Integer"] 41 "Total number of atoms"
   &BONDTHRESH [&Type "Double"]       1.0000000000000001e-01  "The threshold for printing"
   &NBONDORDERSPRINT [&Type "Integer"] 42 "The number of bond orders larger than threshold"
   &BONDORDERS [&Type "ArrayOfDoubles", &Dim (42,1)] "The bond orders"
                                                         0

0                                      1.1670638971713807e+00
1                                      9.3741104680291698e-01
2                                      9.3284961752267559e-01
3                                      9.3741218678280536e-01
4                                      8.8970620323156802e-01
5                                      9.3369627682347756e-01
6                                      9.1897229388504531e-01
7                                      1.1636124119939706e+00
8                                      1.6292782607994336e+00
9                                      1.0936714768552154e+00
10                                     9.2841387920754059e-01
11                                     1.0850811391992746e-01
12                                     9.1152756843642690e-01
13                                     1.1676634563278485e+00
14                                     9.2602945820469384e-01
15                                     9.3321330989880569e-01
16                                     9.3488602298414547e-01
17                                     9.4303061790078035e-01
18                                     9.3245904627034248e-01
19                                     1.0084183650723113e+00
20                                     1.0028756989003784e+00
21                                     8.5300202613632570e-01
22                                     9.1016368266462444e-01
23                                     9.5061793323616950e-01
24                                     1.0716340820119555e-01
25                                     1.6338876825707076e+00
26                                     1.1289836671969307e+00
27                                     1.0864409355440605e+00
28                                     8.9273731396732015e-01
29                                     1.1633075892648590e+00
30                                     9.3601335190454571e-01
31                                     9.1042791238354048e-01
32                                     9.4479297408572538e-01
33                                     9.3817183541478000e-01
34                                     9.3239142138235043e-01
35                                     9.0909211405918933e-01
36                                     1.1706153474807575e+00
37                                     9.1214258863336550e-01
38                                     9.3382637868913265e-01
39                                     9.4676847891071580e-01
40                                     9.3243555821341473e-01
41                                     9.3967381895284208e-01
   &COMPONENTS [&Type "ArrayOfIntegers", &Dim (42,4)] "The indices and atomic numbers of the bonding atoms"
                                                         0                           1                           2                           3

0                                                        0                           6                           1                           6
1                                                        0                           6                          19                           1
2                                                        0                           6                          20                           1
3                                                        0                           6                          21                           1
4                                                        1                           6                           2                           8
5                                                        1                           6                          22                           1
6                                                        1                           6                          23                           1
7                                                        2                           8                           3                          15
8                                                        3                          15                           4                          16
9                                                        3                          15                           5                           8
10                                                       3                          15                           8                          16
11                                                       4                          16                           8                          16
12                                                       5                           8                           6                           6
13                                                       6                           6                           7                           6
14                                                       6                           6                          24                           1
15                                                       6                           6                          25                           1
16                                                       7                           6                          26                           1
17                                                       7                           6                          27                           1
18                                                       7                           6                          28                           1
19                                                       8                          16                           9                           6
20                                                       9                           6                          10                          16
21                                                       9                           6                          29                           1
22                                                       9                           6                          30                           1
23                                                      10                          16                          11                          15
24                                                      10                          16                          12                          16
25                                                      11                          15                          12                          16
26                                                      11                          15                          13                           8
27                                                      11                          15                          16                           8
28                                                      13                           8                          14                           6
29                                                      14                           6                          15                           6
30                                                      14                           6                          31                           1
31                                                      14                           6                          32                           1
32                                                      15                           6                          33                           1
33                                                      15                           6                          34                           1
34                                                      15                           6                          35                           1
35                                                      16                           8                          17                           6
36                                                      17                           6                          18                           6
37                                                      17                           6                          36                           1
38                                                      17                           6                          37                           1
39                                                      18                           6                          38                           1
40                                                      18                           6                          39                           1
41                                                      18                           6                          40                           1
   &ATNO [&Type "ArrayOfIntegers", &Dim (41,1)] "Atomic number of the elements"
                                                         0

0                                                        6
1                                                        6
2                                                        8
3                                                       15
4                                                       16
5                                                        8
6                                                        6
7                                                        6
8                                                       16
9                                                        6
10                                                      16
11                                                      15
12                                                      16
13                                                       8
14                                                       6
15                                                       6
16                                                       8
17                                                       6
18                                                       6
19                                                       1
20                                                       1
21                                                       1
22                                                       1
23                                                       1
24                                                       1
25                                                       1
26                                                       1
27                                                       1
28                                                       1
29                                                       1
30                                                       1
31                                                       1
32                                                       1
33                                                       1
34                                                       1
35                                                       1
36                                                       1
37                                                       1
38                                                       1
39                                                       1
40                                                       1
   &NA [&Type "ArrayOfDoubles", &Dim (41,1)] "Mulliken gross atomic population"
                                                         0

0                                      6.2990707041099352e+00
1                                      6.0046625073656035e+00
2                                      8.3329200467284963e+00
3                                      1.4399173213703399e+01
4                                      1.6305388578329413e+01
5                                      8.3777228696589283e+00
6                                      6.0103017292234977e+00
7                                      6.3065451805004340e+00
8                                      1.6122977245712786e+01
9                                      6.3472328375214762e+00
10                                     1.6104019599874245e+01
11                                     1.4392332624880185e+01
12                                     1.6300017378230244e+01
13                                     8.3685509737732762e+00
14                                     6.0096821337041071e+00
15                                     6.3096318552884130e+00
16                                     8.3759227252821020e+00
17                                     6.0083451604424516e+00
18                                     6.2915583307079901e+00
19                                     8.9979300855964672e-01
20                                     8.7556270868117936e-01
21                                     8.7316953311326162e-01
22                                     8.9021841723118111e-01
23                                     9.0661004240742105e-01
24                                     8.8851471882578070e-01
25                                     8.9058413278462745e-01
26                                     8.8961857135450073e-01
27                                     8.7221962621185456e-01
28                                     8.7835243492285331e-01
29                                     7.9263119427085005e-01
30                                     8.1590035455614041e-01
31                                     8.9718453541584064e-01
32                                     8.7059477065297908e-01
33                                     8.8502601138549464e-01
34                                     8.8899934987097307e-01
35                                     8.7082634982005547e-01
36                                     8.9989335000082737e-01
37                                     8.9542104743788120e-01
38                                     8.8640050075133492e-01
39                                     8.7263118051646149e-01
40                                     8.9379246619190100e-01
   &ZA [&Type "ArrayOfDoubles", &Dim (41,1)] "Total nuclear charge"
                                                         0

0                                      6.0000000000000000e+00
1                                      6.0000000000000000e+00
2                                      8.0000000000000000e+00
3                                      1.5000000000000000e+01
4                                      1.6000000000000000e+01
5                                      8.0000000000000000e+00
6                                      6.0000000000000000e+00
7                                      6.0000000000000000e+00
8                                      1.6000000000000000e+01
9                                      6.0000000000000000e+00
10                                     1.6000000000000000e+01
11                                     1.5000000000000000e+01
12                                     1.6000000000000000e+01
13                                     8.0000000000000000e+00
14                                     6.0000000000000000e+00
15                                     6.0000000000000000e+00
16                                     8.0000000000000000e+00
17                                     6.0000000000000000e+00
18                                     6.0000000000000000e+00
19                                     1.0000000000000000e+00
20                                     1.0000000000000000e+00
21                                     1.0000000000000000e+00
22                                     1.0000000000000000e+00
23                                     1.0000000000000000e+00
24                                     1.0000000000000000e+00
25                                     1.0000000000000000e+00
26                                     1.0000000000000000e+00
27                                     1.0000000000000000e+00
28                                     1.0000000000000000e+00
29                                     1.0000000000000000e+00
30                                     1.0000000000000000e+00
31                                     1.0000000000000000e+00
32                                     1.0000000000000000e+00
33                                     1.0000000000000000e+00
34                                     1.0000000000000000e+00
35                                     1.0000000000000000e+00
36                                     1.0000000000000000e+00
37                                     1.0000000000000000e+00
38                                     1.0000000000000000e+00
39                                     1.0000000000000000e+00
40                                     1.0000000000000000e+00
   &QA [&Type "ArrayOfDoubles", &Dim (41,1)] "Mulliken gross atomic charge"
                                                         0

0                                     -2.9907070410993519e-01
1                                     -4.6625073656034743e-03
2                                     -3.3292004672849629e-01
3                                      6.0082678629660080e-01
4                                     -3.0538857832941346e-01
5                                     -3.7772286965892832e-01
6                                     -1.0301729223497702e-02
7                                     -3.0654518050043400e-01
8                                     -1.2297724571278579e-01
9                                     -3.4723283752147616e-01
10                                    -1.0401959987424547e-01
11                                     6.0766737511981539e-01
12                                    -3.0001737823024399e-01
13                                    -3.6855097377327617e-01
14                                    -9.6821337041070876e-03
15                                    -3.0963185528841297e-01
16                                    -3.7592272528210202e-01
17                                    -8.3451604424515935e-03
18                                    -2.9155833070799009e-01
19                                     1.0020699144035328e-01
20                                     1.2443729131882064e-01
21                                     1.2683046688673838e-01
22                                     1.0978158276881889e-01
23                                     9.3389957592578954e-02
24                                     1.1148528117421930e-01
25                                     1.0941586721537255e-01
26                                     1.1038142864549927e-01
27                                     1.2778037378814544e-01
28                                     1.2164756507714669e-01
29                                     2.0736880572914995e-01
30                                     1.8409964544385959e-01
31                                     1.0281546458415936e-01
32                                     1.2940522934702092e-01
33                                     1.1497398861450536e-01
34                                     1.1100065012902693e-01
35                                     1.2917365017994453e-01
36                                     1.0010664999917263e-01
37                                     1.0457895256211880e-01
38                                     1.1359949924866508e-01
39                                     1.2736881948353851e-01
40                                     1.0620753380809900e-01
   &VA [&Type "ArrayOfDoubles", &Dim (41,1)] "Mayer's total valence"
                                                         0

0                                      3.9818094059521236e+00
1                                      4.0091137384450519e+00
2                                      2.1983932659505263e+00
3                                      4.9784723245601290e+00
4                                      2.0741677901610416e+00
5                                      2.1767743064482916e+00
6                                      4.0191383324452037e+00
7                                      3.9893850410405345e+00
8                                      2.2708435751809528e+00
9                                      3.8348844365431534e+00
10                                     2.2281291532433682e+00
11                                     4.9860966247488774e+00
12                                     2.0856926191114926e+00
13                                     2.1914647356632533e+00
14                                     3.9877434324270702e+00
15                                     3.9927488097562551e+00
16                                     2.1589610722886348e+00
17                                     4.0171300658025642e+00
18                                     3.9860585662730905e+00
19                                     9.5323351194758776e-01
20                                     9.8864096495924536e-01
21                                     9.8366366740666134e-01
22                                     9.4850232106101739e-01
23                                     9.7001819290116653e-01
24                                     9.5313000293961125e-01
25                                     9.4789266979330988e-01
26                                     9.5282380559099156e-01
27                                     9.6579778656448312e-01
28                                     9.9065816043846622e-01
29                                     9.9569866608825952e-01
30                                     9.3139096338686178e-01
31                                     9.5144488792434823e-01
32                                     9.7655765926328031e-01
33                                     9.6033395411056754e-01
34                                     9.5394252846641470e-01
35                                     9.8505555908831433e-01
36                                     9.8273793406092436e-01
37                                     9.4836481341711776e-01
38                                     9.5797080669712253e-01
39                                     9.8984588991807232e-01
40                                     9.5456240298539552e-01
   &BVA [&Type "ArrayOfDoubles", &Dim (41,1)] "Mayer's bonded valence"
                                                         0

0                                      3.9818094059521809e+00
1                                      4.0091137384450617e+00
2                                      2.1983932659505916e+00
3                                      4.9784723245601121e+00
4                                      2.0741677901610496e+00
5                                      2.1767743064483431e+00
6                                      4.0191383324452712e+00
7                                      3.9893850410405927e+00
8                                      2.2708435751809408e+00
9                                      3.8348844365431227e+00
10                                     2.2281291532434557e+00
11                                     4.9860966247487548e+00
12                                     2.0856926191116805e+00
13                                     2.1914647356632133e+00
14                                     3.9877434324270538e+00
15                                     3.9927488097563049e+00
16                                     2.1589610722886237e+00
17                                     4.0171300658025526e+00
18                                     3.9860585662730217e+00
19                                     9.5323351194759753e-01
20                                     9.8864096495925480e-01
21                                     9.8366366740666200e-01
22                                     9.4850232106100840e-01
23                                     9.7001819290116964e-01
24                                     9.5313000293961925e-01
25                                     9.4789266979331410e-01
26                                     9.5282380559099633e-01
27                                     9.6579778656448767e-01
28                                     9.9065816043846655e-01
29                                     9.9569866608825330e-01
30                                     9.3139096338686989e-01
31                                     9.5144488792434512e-01
32                                     9.7655765926327232e-01
33                                     9.6033395411056865e-01
34                                     9.5394252846640692e-01
35                                     9.8505555908831910e-01
36                                     9.8273793406091536e-01
37                                     9.4836481341711032e-01
38                                     9.5797080669712242e-01
39                                     9.8984588991806577e-01
40                                     9.5456240298539630e-01
   &FA [&Type "ArrayOfDoubles", &Dim (41,1)] "Mayer's free valence"
                                                         0

0                                      0.0000000000000000e+00
1                                      0.0000000000000000e+00
2                                      0.0000000000000000e+00
3                                      0.0000000000000000e+00
4                                      0.0000000000000000e+00
5                                      0.0000000000000000e+00
6                                      0.0000000000000000e+00
7                                      0.0000000000000000e+00
8                                      0.0000000000000000e+00
9                                      0.0000000000000000e+00
10                                     0.0000000000000000e+00
11                                     0.0000000000000000e+00
12                                     0.0000000000000000e+00
13                                     0.0000000000000000e+00
14                                     0.0000000000000000e+00
15                                     0.0000000000000000e+00
16                                     0.0000000000000000e+00
17                                     0.0000000000000000e+00
18                                     0.0000000000000000e+00
19                                     0.0000000000000000e+00
20                                     0.0000000000000000e+00
21                                     0.0000000000000000e+00
22                                     0.0000000000000000e+00
23                                     0.0000000000000000e+00
24                                     0.0000000000000000e+00
25                                     0.0000000000000000e+00
26                                     0.0000000000000000e+00
27                                     0.0000000000000000e+00
28                                     0.0000000000000000e+00
29                                     0.0000000000000000e+00
30                                     0.0000000000000000e+00
31                                     0.0000000000000000e+00
32                                     0.0000000000000000e+00
33                                     0.0000000000000000e+00
34                                     0.0000000000000000e+00
35                                     0.0000000000000000e+00
36                                     0.0000000000000000e+00
37                                     0.0000000000000000e+00
38                                     0.0000000000000000e+00
39                                     0.0000000000000000e+00
40                                     0.0000000000000000e+00
$End
$VdW_Correction
   &GeometryIndex 1
   &ListStatus       OUT
   &VDW [&Type "Double"]      -6.7752223543036685e-02
$End
$Calculation_Info
   &GeometryIndex 1
   &ListStatus       OUT
   &MULT [&Type "Integer"] 1
   &CHARGE [&Type "Integer"] 0
   &NUMOFATOMS [&Type "Integer"] 41
   &NUMOFELECTRONS [&Type "Integer"] 202
   &NUMOFFCELECTRONS [&Type "Integer"] 1
   &NUMOFCORRELECTRONS [&Type "Integer"] 0
   &NUMOFBASISFUNCTS [&Type "Integer"] 334
   &NUMOFAUXCBASISFUNCTS [&Type "Integer"] 0
   &NUMOFAUXJBASISFUNCTS [&Type "Integer"] 1185
   &NUMOFAUXJKBASISFUNCTS [&Type "Integer"] 0
   &NUMOFCABSBASISFUNCTS [&Type "Integer"] 0
   &TOTALENERGY [&Type "Double"]      -2.9295135320668537e+03  "Hartrees"
$End
$SCF_Dipole_Moment
   &GeometryIndex 1
   &ListStatus       OUT
   &METHOD [&Type "String"] "SCF"
   &LEVEL [&Type "String"] "Relaxed density"
   &MULT [&Type "Integer"] 1
   &STATE [&Type "Integer"] -1
   &IRREP [&Type "Integer"] 0
   &NATOMS [&Type "Integer"] 41
   &DODIPOLEATOM [&Type "Boolean"] false
   &DIPOLEELECCONTRIB [&Type "ArrayOfDoubles", &Dim (3,1)] "Electronic contribution"
                                                         0

0                                      6.1895678360854998e+00
1                                     -3.6951636952648892e+00
2                                      3.6047262645490066e+00
   &DIPOLENUCCONTRIB [&Type "ArrayOfDoubles", &Dim (3,1)] "Nuclear contribution"
                                                         0

0                                     -5.8211772769417349e+00
1                                      2.8499246900012203e+00
2                                     -3.4719276630574942e+00
   &DIPOLETOTAL [&Type "ArrayOfDoubles", &Dim (3,1)] "Total"
                                                         0

0                                      3.6839055914376484e-01
1                                     -8.4523900526366891e-01
2                                      1.3279860149151235e-01
   &DIPOLEMAGNITUDE [&Type "Double", &Units "a.u."]       9.3154497939899483e-01
$End
