*************************************************
******************* ORCA 6.0.0 ******************
*************************************************
$Calculation_Status
   &GeometryIndex 1
   &ListStatus       OUT
   &VERSION [&Type "String"] "6.0.0"
   &PROGNAME [&Type "String"] "LeanSCF"
   &STATUS [&Type "String"] "NORMAL TERMINATION"
$End
$Geometry
   &GeometryIndex 1
   &ListStatus       OUT
   &NATOMS [&Type "Integer"] 41
   &NCORELESSECP [&Type "Integer"] 0
   &NGHOSTATOMS [&Type "Integer"] 0
   &CartesianCoordinates [&Type "Coordinates", &Dim(41,4), &Units "Bohr"] 
              C      7.690325422883   -5.084473267932   -0.595856641697
              C      8.727285265056   -2.570134016295    0.298942259831
              O      6.793395195815   -0.985370010691    1.365164476605
              P      4.576012382278    0.182586948350   -0.288056631709
              S      5.559067485069    1.364465199889   -3.669626627417
              O      3.462568550687    2.258989853022    1.560105428108
              C      4.269623751292    4.857421622631    1.486655347889
              C      6.967868134845    5.153201759502    2.392297768581
              S      1.647967096507   -2.515832452756   -0.092096619309
              C     -0.251909028033   -1.188546550636   -2.601272241906
              S     -1.831724629664    1.756309005797   -1.753882499743
              P     -4.965189082200    0.261555453124    0.188523582526
              S     -7.501077911031    2.662755221879    1.417372773687
              O     -3.917778425039   -1.617182225306    2.309417009712
              C     -3.664001453178   -0.866003256966    4.904652559845
              C     -1.648574688057    1.136149238988    5.255027037792
              O     -5.890780299504   -1.686433547406   -1.895038575115
              C     -8.162621338278   -3.156424621850   -1.495348898797
              C     -9.021963412289   -4.154819967517   -4.035813293359
              H      6.624968211240   -5.993387524358    0.907127308340
              H      6.445926452800   -4.798131473494   -2.210239045172
              H      9.244363880514   -6.297328904632   -1.161834883016
              H      9.614718354831   -1.553007527743   -1.268666425481
              H     10.077739211846   -2.805938200494    1.838287155876
              H      4.060166721281    5.553515146922   -0.450443031297
              H      2.932811283173    5.828499662917    2.719115971042
              H      7.188827514739    4.307966354453    4.250974341708
              H      8.251423697229    4.221801009490    1.079413182089
              H      7.440961661878    7.147009822381    2.484520647296
              H     -1.657614867273   -2.587697083363   -3.122656956653
              H      0.969593767177   -0.718214065041   -4.193436684337
              H     -5.495662062511   -0.158475526316    5.556523076733
              H     -3.185033741749   -2.614603916984    5.884579273933
              H     -1.492861857633    1.606849349071    7.244891635103
              H      0.170023673712    0.468843838526    4.570231366293
              H     -2.171206025655    2.832259507009    4.206473846353
              H     -7.710235848417   -4.687650148178   -0.186381368950
              H     -9.592433496346   -1.929642936778   -0.638122906852
              H     -9.401430103882   -2.593427628164   -5.313752619909
              H     -7.568214247106   -5.348530721481   -4.856975886314
              H    -10.735703749129   -5.251529189112   -3.779965981388
$End
$SCF_Energy
   &GeometryIndex 1
   &ListStatus       OUT
   &SCF_ENERGY [&Type "Double"]      -2.9296459231693852e+03
$End
$DFT_Energy
   &GeometryIndex 1
   &ListStatus       OUT
   &NALPHAEL [&Type "Integer"] 100
   &NBETAEL [&Type "Integer"] 100
   &NTOTALEL [&Type "Integer"] 201
   &EEXCHANGE [&Type "Double"]      -2.3180721076491452e+02
   &ECORR [&Type "Double"]      -7.2921780105519778e+00
   &ECNL [&Type "Double"]       0.0000000000000000e+00
   &EXC [&Type "Double"]      -2.3909938877546648e+02
   &EEMBED [&Type "Double"]       0.0000000000000000e+00
   &FINALEN [&Type "Double"]      -2.9296459231693852e+03  "No Van der Waals correction"
$End
$Mulliken_Population_Analysis
   &GeometryIndex 1
   &ListStatus       OUT
   &NATOMS [&Type "Integer"] 41
   &ATNO [&Type "ArrayOfIntegers", &Dim (41,1)] 
                                                         0

0                                                        6
1                                                        6
2                                                        8
3                                                       15
4                                                       16
5                                                        8
6                                                        6
7                                                        6
8                                                       16
9                                                        6
10                                                      16
11                                                      15
12                                                      16
13                                                       8
14                                                       6
15                                                       6
16                                                       8
17                                                       6
18                                                       6
19                                                       1
20                                                       1
21                                                       1
22                                                       1
23                                                       1
24                                                       1
25                                                       1
26                                                       1
27                                                       1
28                                                       1
29                                                       1
30                                                       1
31                                                       1
32                                                       1
33                                                       1
34                                                       1
35                                                       1
36                                                       1
37                                                       1
38                                                       1
39                                                       1
40                                                       1
   &ATOMICCHARGES [&Type "ArrayOfDoubles", &Dim (41,1)] 
                                                         0

0                                     -3.1656227358270961e-01
1                                     -5.8432070846476947e-03
2                                     -3.7142967073054223e-01
3                                      6.1103924853032865e-01
4                                     -3.3222169480181307e-01
5                                     -3.5439649977629983e-01
6                                     -3.3287315834265030e-03
7                                     -3.0834635416161582e-01
8                                     -6.4869586993399508e-02
9                                     -3.7566700047933210e-01
10                                    -5.5459082841718299e-02
11                                     6.1047450055040464e-01
12                                    -3.2204492484698477e-01
13                                    -3.8546759527680408e-01
14                                     2.3962871090512650e-03
15                                    -3.3290294631302508e-01
16                                    -3.8605149320797416e-01
17                                    -1.0143932620460205e-02
18                                    -2.7799199176603029e-01
19                                     1.1926553048199406e-01
20                                     1.2711869887122385e-01
21                                     1.1542299538605583e-01
22                                     1.1279506054114852e-01
23                                     1.0799643608988596e-01
24                                     1.1445610204583678e-01
25                                     1.1136105092908988e-01
26                                     1.1706664689217050e-01
27                                     1.2115163358205772e-01
28                                     1.1421753546035318e-01
29                                     1.9322172545148231e-01
30                                     1.9547527559120792e-01
31                                     1.0694964376485161e-01
32                                     9.9613956333981069e-02
33                                     1.0437208419155097e-01
34                                     1.3906531393135046e-01
35                                     1.1997645234010235e-01
36                                     1.0236287482281892e-01
37                                     1.0687192030765758e-01
38                                     1.2368091901558276e-01
39                                     1.1412145714060362e-01
40                                     1.1225363670626309e-01
$End
$Loewdin_Population_Analysis
   &GeometryIndex 1
   &ListStatus       OUT
   &NATOMS [&Type "Integer"] 41
   &ATNO [&Type "ArrayOfIntegers", &Dim (41,1)] 
                                                         0

0                                                        6
1                                                        6
2                                                        8
3                                                       15
4                                                       16
5                                                        8
6                                                        6
7                                                        6
8                                                       16
9                                                        6
10                                                      16
11                                                      15
12                                                      16
13                                                       8
14                                                       6
15                                                       6
16                                                       8
17                                                       6
18                                                       6
19                                                       1
20                                                       1
21                                                       1
22                                                       1
23                                                       1
24                                                       1
25                                                       1
26                                                       1
27                                                       1
28                                                       1
29                                                       1
30                                                       1
31                                                       1
32                                                       1
33                                                       1
34                                                       1
35                                                       1
36                                                       1
37                                                       1
38                                                       1
39                                                       1
40                                                       1
   &ATOMICCHARGES [&Type "ArrayOfDoubles", &Dim (41,1)] 
                                                         0

0                                      1.0309878886714045e-05
1                                      5.3470224198163586e-04
2                                      3.2441165423418433e-03
3                                      5.5104270847453551e-04
4                                      2.4598158288432763e-06
5                                      3.4968339466211833e-03
6                                      3.0910475090684868e-04
7                                      2.2844463889659247e-05
8                                      8.4539817941443117e-05
9                                      9.9457050881093142e-05
10                                     3.9254394878796012e-04
11                                     3.8727932441235693e-02
12                                     6.4005842833189289e-05
13                                     4.2897933944261274e-01
14                                     8.6017920570762782e-02
15                                     2.2925875183415927e-03
16                                     3.7281165607918842e-01
17                                     5.6519673160974539e-02
18                                     4.7684105935702518e-03
19                                     2.0575888392342538e-07
20                                     3.8071752960608338e-07
21                                     2.2621538449653038e-07
22                                     5.1424485774115433e-07
23                                     3.4343676580959348e-06
24                                     4.9077337499761689e-08
25                                     1.8759126439072954e-06
26                                     4.2916599440075950e-07
27                                     3.6011956295548273e-07
28                                     1.3608174149658857e-06
29                                     6.2023968664254073e-05
30                                     2.8494464130804765e-06
31                                     1.7391258400762497e-04
32                                     5.2110772912704003e-04
33                                     1.1739465872996819e-04
34                                     1.8173152345520215e-06
35                                     1.7945251844136808e-05
36                                     2.2238299741371785e-05
37                                     6.2697969120386615e-05
38                                     3.6636194371852597e-06
39                                     7.5964252219604504e-06
40                                     6.8435519132539586e-05
$End
$Mayer_Population_Analysis
   &GeometryIndex 1
   &ListStatus       OUT
   &NATOMS [&Type "Integer"] 41 "Total number of atoms"
   &BONDTHRESH [&Type "Double"]       1.0000000000000001e-01  "The threshold for printing"
   &NBONDORDERSPRINT [&Type "Integer"] 41 "The number of bond orders larger than threshold"
   &BONDORDERS [&Type "ArrayOfDoubles", &Dim (41,1)] "The bond orders"
                                                         0

0                                      1.1663531108666148e+00
1                                      9.4443544984233030e-01
2                                      9.3517580912774956e-01
3                                      9.3747503395802168e-01
4                                      9.0618672326292393e-01
5                                      9.1707647993302854e-01
6                                      9.3373425696869550e-01
7                                      1.1116280264297058e+00
8                                      1.5867707438910916e+00
9                                      1.1267359841285713e+00
10                                     9.6654563401063487e-01
11                                     1.0971448691816267e-01
12                                     9.0218702470363887e-01
13                                     1.1627830912519272e+00
14                                     9.1746625039584184e-01
15                                     9.3295271666670054e-01
16                                     9.4626275342917188e-01
17                                     9.3699261049901628e-01
18                                     9.3927459957015980e-01
19                                     1.0036244485485790e+00
20                                     9.8265836145631791e-01
21                                     8.8954506907295727e-01
22                                     8.7193346996016563e-01
23                                     9.8989052764614838e-01
24                                     1.6514474550234739e+00
25                                     1.0801977021417175e+00
26                                     1.0921962241212584e+00
27                                     9.0642361921602077e-01
28                                     1.1639366357648184e+00
29                                     9.1574418166143479e-01
30                                     9.3256857794159664e-01
31                                     9.3769553790285476e-01
32                                     9.2938237772126220e-01
33                                     9.3379072073997316e-01
34                                     8.9464671864360323e-01
35                                     1.1622146184705011e+00
36                                     9.3034206876709791e-01
37                                     9.0995889206415603e-01
38                                     9.4987538385594372e-01
39                                     9.5182428713862643e-01
40                                     9.4147120348394531e-01
   &COMPONENTS [&Type "ArrayOfIntegers", &Dim (41,4)] "The indices and atomic numbers of the bonding atoms"
                                                         0                           1                           2                           3

0                                                        0                           6                           1                           6
1                                                        0                           6                          19                           1
2                                                        0                           6                          20                           1
3                                                        0                           6                          21                           1
4                                                        1                           6                           2                           8
5                                                        1                           6                          22                           1
6                                                        1                           6                          23                           1
7                                                        2                           8                           3                          15
8                                                        3                          15                           4                          16
9                                                        3                          15                           5                           8
10                                                       3                          15                           8                          16
11                                                       4                          16                           8                          16
12                                                       5                           8                           6                           6
13                                                       6                           6                           7                           6
14                                                       6                           6                          24                           1
15                                                       6                           6                          25                           1
16                                                       7                           6                          26                           1
17                                                       7                           6                          27                           1
18                                                       7                           6                          28                           1
19                                                       8                          16                           9                           6
20                                                       9                           6                          10                          16
21                                                       9                           6                          29                           1
22                                                       9                           6                          30                           1
23                                                      10                          16                          11                          15
24                                                      11                          15                          12                          16
25                                                      11                          15                          13                           8
26                                                      11                          15                          16                           8
27                                                      13                           8                          14                           6
28                                                      14                           6                          15                           6
29                                                      14                           6                          31                           1
30                                                      14                           6                          32                           1
31                                                      15                           6                          33                           1
32                                                      15                           6                          34                           1
33                                                      15                           6                          35                           1
34                                                      16                           8                          17                           6
35                                                      17                           6                          18                           6
36                                                      17                           6                          36                           1
37                                                      17                           6                          37                           1
38                                                      18                           6                          38                           1
39                                                      18                           6                          39                           1
40                                                      18                           6                          40                           1
   &ATNO [&Type "ArrayOfIntegers", &Dim (41,1)] "Atomic number of the elements"
                                                         0

0                                                        6
1                                                        6
2                                                        8
3                                                       15
4                                                       16
5                                                        8
6                                                        6
7                                                        6
8                                                       16
9                                                        6
10                                                      16
11                                                      15
12                                                      16
13                                                       8
14                                                       6
15                                                       6
16                                                       8
17                                                       6
18                                                       6
19                                                       1
20                                                       1
21                                                       1
22                                                       1
23                                                       1
24                                                       1
25                                                       1
26                                                       1
27                                                       1
28                                                       1
29                                                       1
30                                                       1
31                                                       1
32                                                       1
33                                                       1
34                                                       1
35                                                       1
36                                                       1
37                                                       1
38                                                       1
39                                                       1
40                                                       1
   &NA [&Type "ArrayOfDoubles", &Dim (41,1)] "Mulliken gross atomic population"
                                                         0

0                                      6.3165622735827007e+00
1                                      6.0058432070846344e+00
2                                      8.3714296707305547e+00
3                                      1.4388960751469673e+01
4                                      1.6332221694801838e+01
5                                      8.3543964997763265e+00
6                                      6.0033287315834372e+00
7                                      6.3083463541616052e+00
8                                      1.6064869586993378e+01
9                                      6.3756670004793055e+00
10                                     1.6055459082841697e+01
11                                     1.4389525499449560e+01
12                                     1.6322044924847010e+01
13                                     8.3854675952768094e+00
14                                     5.9976037128909478e+00
15                                     6.3329029463130482e+00
16                                     8.3860514932079440e+00
17                                     6.0101439326204371e+00
18                                     6.2779919917660205e+00
19                                     8.8073446951800494e-01
20                                     8.7288130112877493e-01
21                                     8.8457700461394340e-01
22                                     8.8720493945885193e-01
23                                     8.9200356391011337e-01
24                                     8.8554389795416344e-01
25                                     8.8863894907091101e-01
26                                     8.8293335310782961e-01
27                                     8.7884836641794184e-01
28                                     8.8578246453964626e-01
29                                     8.0677827454851780e-01
30                                     8.0452472440879219e-01
31                                     8.9305035623514917e-01
32                                     9.0038604366601904e-01
33                                     8.9562791580844880e-01
34                                     8.6093468606864954e-01
35                                     8.8002354765989743e-01
36                                     8.9763712517718097e-01
37                                     8.9312807969234276e-01
38                                     8.7631908098441713e-01
39                                     8.8587854285939649e-01
40                                     8.8774636329373680e-01
   &ZA [&Type "ArrayOfDoubles", &Dim (41,1)] "Total nuclear charge"
                                                         0

0                                      6.0000000000000000e+00
1                                      6.0000000000000000e+00
2                                      8.0000000000000000e+00
3                                      1.5000000000000000e+01
4                                      1.6000000000000000e+01
5                                      8.0000000000000000e+00
6                                      6.0000000000000000e+00
7                                      6.0000000000000000e+00
8                                      1.6000000000000000e+01
9                                      6.0000000000000000e+00
10                                     1.6000000000000000e+01
11                                     1.5000000000000000e+01
12                                     1.6000000000000000e+01
13                                     8.0000000000000000e+00
14                                     6.0000000000000000e+00
15                                     6.0000000000000000e+00
16                                     8.0000000000000000e+00
17                                     6.0000000000000000e+00
18                                     6.0000000000000000e+00
19                                     1.0000000000000000e+00
20                                     1.0000000000000000e+00
21                                     1.0000000000000000e+00
22                                     1.0000000000000000e+00
23                                     1.0000000000000000e+00
24                                     1.0000000000000000e+00
25                                     1.0000000000000000e+00
26                                     1.0000000000000000e+00
27                                     1.0000000000000000e+00
28                                     1.0000000000000000e+00
29                                     1.0000000000000000e+00
30                                     1.0000000000000000e+00
31                                     1.0000000000000000e+00
32                                     1.0000000000000000e+00
33                                     1.0000000000000000e+00
34                                     1.0000000000000000e+00
35                                     1.0000000000000000e+00
36                                     1.0000000000000000e+00
37                                     1.0000000000000000e+00
38                                     1.0000000000000000e+00
39                                     1.0000000000000000e+00
40                                     1.0000000000000000e+00
   &QA [&Type "ArrayOfDoubles", &Dim (41,1)] "Mulliken gross atomic charge"
                                                         0

0                                     -3.1656227358270073e-01
1                                     -5.8432070846343720e-03
2                                     -3.7142967073055466e-01
3                                      6.1103924853032687e-01
4                                     -3.3222169480183794e-01
5                                     -3.5439649977632648e-01
6                                     -3.3287315834371611e-03
7                                     -3.0834635416160516e-01
8                                     -6.4869586993378192e-02
9                                     -3.7566700047930546e-01
10                                    -5.5459082841696983e-02
11                                     6.1047450055044017e-01
12                                    -3.2204492484700964e-01
13                                    -3.8546759527680940e-01
14                                     2.3962871090521531e-03
15                                    -3.3290294631304818e-01
16                                    -3.8605149320794396e-01
17                                    -1.0143932620437113e-02
18                                    -2.7799199176602052e-01
19                                     1.1926553048199506e-01
20                                     1.2711869887122507e-01
21                                     1.1542299538605660e-01
22                                     1.1279506054114807e-01
23                                     1.0799643608988663e-01
24                                     1.1445610204583656e-01
25                                     1.1136105092908899e-01
26                                     1.1706664689217039e-01
27                                     1.2115163358205816e-01
28                                     1.1421753546035374e-01
29                                     1.9322172545148220e-01
30                                     1.9547527559120781e-01
31                                     1.0694964376485083e-01
32                                     9.9613956333980958e-02
33                                     1.0437208419155120e-01
34                                     1.3906531393135046e-01
35                                     1.1997645234010257e-01
36                                     1.0236287482281903e-01
37                                     1.0687192030765724e-01
38                                     1.2368091901558287e-01
39                                     1.1412145714060351e-01
40                                     1.1225363670626320e-01
   &VA [&Type "ArrayOfDoubles", &Dim (41,1)] "Mayer's total valence"
                                                         0

0                                      3.9896241795387000e+00
1                                      4.0033494655753552e+00
2                                      2.1854604219068707e+00
3                                      4.9452931852185236e+00
4                                      2.0589463179391201e+00
5                                      2.1994360265325552e+00
6                                      3.9960992016223917e+00
7                                      3.9958945908774943e+00
8                                      2.2904566944041505e+00
9                                      3.8082527755147981e+00
10                                     2.2415769692695844e+00
11                                     4.9676439211092749e+00
12                                     2.0360940384131894e+00
13                                     2.1698865839336956e+00
14                                     3.9977247498109714e+00
15                                     3.9848818334862819e+00
16                                     2.1490040604397378e+00
17                                     3.9725324633404573e+00
18                                     4.0058855354603873e+00
19                                     9.6097527722755427e-01
20                                     9.8210367111529473e-01
21                                     9.5486276037383033e-01
22                                     9.7829359954211448e-01
23                                     9.4884785758036005e-01
24                                     9.7994912443035687e-01
25                                     9.4860222212983591e-01
26                                     9.5970428172850597e-01
27                                     9.7844469872346784e-01
28                                     9.5370183157317967e-01
29                                     9.6006429146766381e-01
30                                     9.7567450869348327e-01
31                                     9.8271058269579414e-01
32                                     9.5121575766873556e-01
33                                     9.5410471032125277e-01
34                                     9.8521080652038828e-01
35                                     9.8479415652196667e-01
36                                     9.5445309814856483e-01
37                                     9.9116651415163970e-01
38                                     9.5957669292391612e-01
39                                     9.5759508088119161e-01
40                                     9.5472001132432149e-01
   &BVA [&Type "ArrayOfDoubles", &Dim (41,1)] "Mayer's bonded valence"
                                                         0

0                                      3.9896241795387146e+00
1                                      4.0033494655754227e+00
2                                      2.1854604219068667e+00
3                                      4.9452931852184419e+00
4                                      2.0589463179390322e+00
5                                      2.1994360265325339e+00
6                                      3.9960992016223393e+00
7                                      3.9958945908774850e+00
8                                      2.2904566944040692e+00
9                                      3.8082527755148465e+00
10                                     2.2415769692696137e+00
11                                     4.9676439211093220e+00
12                                     2.0360940384130739e+00
13                                     2.1698865839336796e+00
14                                     3.9977247498109509e+00
15                                     3.9848818334862606e+00
16                                     2.1490040604397818e+00
17                                     3.9725324633404635e+00
18                                     4.0058855354603544e+00
19                                     9.6097527722755816e-01
20                                     9.8210367111529817e-01
21                                     9.5486276037382656e-01
22                                     9.7829359954211037e-01
23                                     9.4884785758036760e-01
24                                     9.7994912443034976e-01
25                                     9.4860222212983303e-01
26                                     9.5970428172850553e-01
27                                     9.7844469872346407e-01
28                                     9.5370183157316468e-01
29                                     9.6006429146766115e-01
30                                     9.7567450869347971e-01
31                                     9.8271058269579048e-01
32                                     9.5121575766872890e-01
33                                     9.5410471032125277e-01
34                                     9.8521080652038684e-01
35                                     9.8479415652197000e-01
36                                     9.5445309814855672e-01
37                                     9.9116651415163082e-01
38                                     9.5957669292391112e-01
39                                     9.5759508088118783e-01
40                                     9.5472001132432327e-01
   &FA [&Type "ArrayOfDoubles", &Dim (41,1)] "Mayer's free valence"
                                                         0

0                                      0.0000000000000000e+00
1                                      0.0000000000000000e+00
2                                      0.0000000000000000e+00
3                                      0.0000000000000000e+00
4                                      0.0000000000000000e+00
5                                      0.0000000000000000e+00
6                                      0.0000000000000000e+00
7                                      0.0000000000000000e+00
8                                      0.0000000000000000e+00
9                                      0.0000000000000000e+00
10                                     0.0000000000000000e+00
11                                     0.0000000000000000e+00
12                                     0.0000000000000000e+00
13                                     0.0000000000000000e+00
14                                     0.0000000000000000e+00
15                                     0.0000000000000000e+00
16                                     0.0000000000000000e+00
17                                     0.0000000000000000e+00
18                                     0.0000000000000000e+00
19                                     0.0000000000000000e+00
20                                     0.0000000000000000e+00
21                                     0.0000000000000000e+00
22                                     0.0000000000000000e+00
23                                     0.0000000000000000e+00
24                                     0.0000000000000000e+00
25                                     0.0000000000000000e+00
26                                     0.0000000000000000e+00
27                                     0.0000000000000000e+00
28                                     0.0000000000000000e+00
29                                     0.0000000000000000e+00
30                                     0.0000000000000000e+00
31                                     0.0000000000000000e+00
32                                     0.0000000000000000e+00
33                                     0.0000000000000000e+00
34                                     0.0000000000000000e+00
35                                     0.0000000000000000e+00
36                                     0.0000000000000000e+00
37                                     0.0000000000000000e+00
38                                     0.0000000000000000e+00
39                                     0.0000000000000000e+00
40                                     0.0000000000000000e+00
$End
$VdW_Correction
   &GeometryIndex 1
   &ListStatus       OUT
   &VDW [&Type "Double"]      -6.4343746782338535e-02
$End
$Calculation_Info
   &GeometryIndex 1
   &ListStatus       OUT
   &MULT [&Type "Integer"] 1
   &CHARGE [&Type "Integer"] 0
   &NUMOFATOMS [&Type "Integer"] 41
   &NUMOFELECTRONS [&Type "Integer"] 202
   &NUMOFFCELECTRONS [&Type "Integer"] 1
   &NUMOFCORRELECTRONS [&Type "Integer"] 0
   &NUMOFBASISFUNCTS [&Type "Integer"] 334
   &NUMOFAUXCBASISFUNCTS [&Type "Integer"] 0
   &NUMOFAUXJBASISFUNCTS [&Type "Integer"] 1185
   &NUMOFAUXJKBASISFUNCTS [&Type "Integer"] 0
   &NUMOFCABSBASISFUNCTS [&Type "Integer"] 0
   &TOTALENERGY [&Type "Double"]      -2.9295245130958679e+03  "Hartrees"
$End
$SCF_Dipole_Moment
   &GeometryIndex 1
   &ListStatus       OUT
   &METHOD [&Type "String"] "SCF"
   &LEVEL [&Type "String"] "Relaxed density"
   &MULT [&Type "Integer"] 1
   &STATE [&Type "Integer"] -1
   &IRREP [&Type "Integer"] 0
   &NATOMS [&Type "Integer"] 41
   &DODIPOLEATOM [&Type "Boolean"] false
   &DIPOLEELECCONTRIB [&Type "ArrayOfDoubles", &Dim (3,1)] "Electronic contribution"
                                                         0

0                                     -6.3742915497151520e+00
1                                      6.6874454578461853e+00
2                                     -6.2670539949684123e+00
   &DIPOLENUCCONTRIB [&Type "ArrayOfDoubles", &Dim (3,1)] "Nuclear contribution"
                                                         0

0                                      7.1760336307521246e+00
1                                     -7.9069493758395453e+00
2                                      6.8678308025571937e+00
   &DIPOLETOTAL [&Type "ArrayOfDoubles", &Dim (3,1)] "Total"
                                                         0

0                                      8.0174208103697264e-01
1                                     -1.2195039179933600e+00
2                                      6.0077680758878138e-01
   &DIPOLEMAGNITUDE [&Type "Double", &Units "a.u."]       1.5782626343683168e+00
$End
