*************************************************
******************* ORCA 6.0.0 ******************
*************************************************
$Calculation_Status
   &GeometryIndex 1
   &ListStatus       OUT
   &VERSION [&Type "String"] "6.0.0"
   &PROGNAME [&Type "String"] "LeanSCF"
   &STATUS [&Type "String"] "NORMAL TERMINATION"
$End
$Geometry
   &GeometryIndex 1
   &ListStatus       OUT
   &NATOMS [&Type "Integer"] 41
   &NCORELESSECP [&Type "Integer"] 0
   &NGHOSTATOMS [&Type "Integer"] 0
   &CartesianCoordinates [&Type "Coordinates", &Dim(41,4), &Units "Bohr"] 
              C      7.184094194293    2.788597996389   -2.192138895072
              C      4.438486509359    3.058297256791   -1.430557186376
              O      3.310210265343    0.635206662962   -0.976683699323
              P      3.847898752748   -0.976247428833    1.522389253286
              S      5.015450141978    1.011044146665    4.405146924579
              O      5.803061512731   -3.132568465534    0.830678296430
              C      5.287640337703   -5.349241244334   -0.684952161421
              C      4.763879724712   -4.713586580029   -3.425223676248
              S      0.395317687948   -2.914678877337    1.929586228175
              C     -1.248762479440   -0.421631808212    3.605628496604
              S     -1.638092304627    2.457663166141    1.786522837099
              P     -3.498242380557    0.992363194717   -1.458592789322
              S     -1.694201309766   -0.734160966509   -4.171307050414
              O     -4.799861157777    3.439806371381   -2.587972643039
              C     -6.451141264695    5.093612417018   -1.159746674978
              C     -5.122117987484    7.562422023156   -0.575793564086
              O     -5.701925571952   -0.594121507633   -0.136806874643
              C     -6.526697194302   -3.068649168426   -0.932955991597
              C     -6.148680650954   -4.965822206406    1.179090938373
              H      7.341514284564    1.640598329223   -3.887892569125
              H      7.981051600026    4.644741862364   -2.546975281362
              H      8.233883666679    1.882731373108   -0.668383812554
              H      3.293214803598    3.873992318161   -2.940509427076
              H      4.258553403197    4.205381011872    0.283469727810
              H      7.007112127357   -6.469373424827   -0.479533069679
              H      3.692144025395   -6.358288174408    0.155669861264
              H      3.041639667118   -3.601252585353   -3.604447715591
              H      6.327613314559   -3.645875893253   -4.221193123899
              H      4.531697120524   -6.456138946678   -4.482225258945
              H     -0.159864785129    0.116735819932    5.270523202728
              H     -3.091551002651   -1.169010237397    4.121914945860
              H     -8.079656777047    5.395956298407   -2.388423155563
              H     -7.047982995302    4.130271144370    0.565251949835
              H     -4.468441179839    8.435512779623   -2.315199960210
              H     -6.434577438508    8.825849602072    0.366484051955
              H     -3.503782084373    7.235992589139    0.649993827030
              H     -8.524394660328   -2.864303871985   -1.406244430841
              H     -5.468044430892   -3.612997128584   -2.625438667442
              H     -7.121650351509   -4.343827064443    2.876902078400
              H     -6.918509007713   -6.772373467317    0.589003974304
              H     -4.145855571233   -5.198385357218    1.587564994719
$End
$SCF_Energy
   &GeometryIndex 1
   &ListStatus       OUT
   &SCF_ENERGY [&Type "Double"]      -2.9296331534897699e+03
$End
$DFT_Energy
   &GeometryIndex 1
   &ListStatus       OUT
   &NALPHAEL [&Type "Integer"] 100
   &NBETAEL [&Type "Integer"] 100
   &NTOTALEL [&Type "Integer"] 201
   &EEXCHANGE [&Type "Double"]      -2.3180546593462620e+02
   &ECORR [&Type "Double"]      -7.2973684136362733e+00
   &ECNL [&Type "Double"]       0.0000000000000000e+00
   &EXC [&Type "Double"]      -2.3910283434826246e+02
   &EEMBED [&Type "Double"]       0.0000000000000000e+00
   &FINALEN [&Type "Double"]      -2.9296331534897699e+03  "No Van der Waals correction"
$End
$Mulliken_Population_Analysis
   &GeometryIndex 1
   &ListStatus       OUT
   &NATOMS [&Type "Integer"] 41
   &ATNO [&Type "ArrayOfIntegers", &Dim (41,1)] 
                                                         0

0                                                        6
1                                                        6
2                                                        8
3                                                       15
4                                                       16
5                                                        8
6                                                        6
7                                                        6
8                                                       16
9                                                        6
10                                                      16
11                                                      15
12                                                      16
13                                                       8
14                                                       6
15                                                       6
16                                                       8
17                                                       6
18                                                       6
19                                                       1
20                                                       1
21                                                       1
22                                                       1
23                                                       1
24                                                       1
25                                                       1
26                                                       1
27                                                       1
28                                                       1
29                                                       1
30                                                       1
31                                                       1
32                                                       1
33                                                       1
34                                                       1
35                                                       1
36                                                       1
37                                                       1
38                                                       1
39                                                       1
40                                                       1
   &ATOMICCHARGES [&Type "ArrayOfDoubles", &Dim (41,1)] 
                                                         0

0                                     -3.1075911708649073e-01
1                                     -3.2468680328694433e-03
2                                     -3.6461342842369326e-01
3                                      6.4168664315712931e-01
4                                     -3.2511818644025681e-01
5                                     -3.6881437288400143e-01
6                                     -2.6311847013705147e-02
7                                     -3.3130368486308193e-01
8                                     -1.2683853320303839e-01
9                                     -3.3680312666847634e-01
10                                    -1.0255522553288543e-01
11                                     6.1520623367925431e-01
12                                    -2.9068592600012977e-01
13                                    -3.6262510847678797e-01
14                                    -2.0013101361564978e-02
15                                    -2.9363356751638658e-01
16                                    -3.9564338388595921e-01
17                                    -7.7287588385921424e-03
18                                    -3.1391328649941741e-01
19                                     1.1674721850134850e-01
20                                     1.0876642600275410e-01
21                                     1.2354944302153814e-01
22                                     1.0225922829424716e-01
23                                     1.0917619116352340e-01
24                                     1.1344717603134302e-01
25                                     1.1900162174831652e-01
26                                     1.6047572158374535e-01
27                                     1.2055827793820428e-01
28                                     1.0998029118367958e-01
29                                     1.9413130064055684e-01
30                                     1.8671271013129576e-01
31                                     1.0961373486635761e-01
32                                     1.0700412809015925e-01
33                                     1.2114323096767321e-01
34                                     1.1118969835933012e-01
35                                     1.2863996042416903e-01
36                                     1.0252564697923372e-01
37                                     1.1389131886431103e-01
38                                     1.1733885252116050e-01
39                                     1.1502292287315519e-01
40                                     1.3253954570474202e-01
$End
$Loewdin_Population_Analysis
   &GeometryIndex 1
   &ListStatus       OUT
   &NATOMS [&Type "Integer"] 41
   &ATNO [&Type "ArrayOfIntegers", &Dim (41,1)] 
                                                         0

0                                                        6
1                                                        6
2                                                        8
3                                                       15
4                                                       16
5                                                        8
6                                                        6
7                                                        6
8                                                       16
9                                                        6
10                                                      16
11                                                      15
12                                                      16
13                                                       8
14                                                       6
15                                                       6
16                                                       8
17                                                       6
18                                                       6
19                                                       1
20                                                       1
21                                                       1
22                                                       1
23                                                       1
24                                                       1
25                                                       1
26                                                       1
27                                                       1
28                                                       1
29                                                       1
30                                                       1
31                                                       1
32                                                       1
33                                                       1
34                                                       1
35                                                       1
36                                                       1
37                                                       1
38                                                       1
39                                                       1
40                                                       1
   &ATOMICCHARGES [&Type "ArrayOfDoubles", &Dim (41,1)] 
                                                         0

0                                      4.2737492646330354e-03
1                                      1.6418517346438727e-01
2                                      7.5798443936522608e-01
3                                      2.3105157459289455e-02
4                                      6.9242277316226505e-04
5                                      3.5715713216178141e-02
6                                      7.6266761544003482e-03
7                                      3.0978075732196941e-04
8                                      5.6173907497921761e-04
9                                      1.5051416479113782e-04
10                                     1.3167194800554457e-04
11                                     2.3427448460047393e-04
12                                     2.5661632160388818e-06
13                                     1.3429587646862236e-03
14                                     1.1903303499518611e-04
15                                     6.2380588525476761e-06
16                                     1.7428820783797203e-03
17                                     2.6808642541329753e-04
18                                     9.5140029234317763e-06
19                                     1.0640704562456388e-05
20                                     1.9538727060026587e-04
21                                     2.9053419922475272e-05
22                                     9.6403492402815315e-04
23                                     2.4232442095163971e-04
24                                     4.1484312229528383e-05
25                                     1.3495768901176946e-05
26                                     1.5987293147360291e-06
27                                     2.3375095177222341e-05
28                                     4.3769061329229823e-06
29                                     9.5391250930251511e-07
30                                     2.6940982012147164e-06
31                                     4.0745948492700763e-07
32                                     7.5891349161841036e-07
33                                     9.6000204272184573e-08
34                                     5.7020096737015326e-07
35                                     7.6645855144768940e-07
36                                     9.1915675424846553e-07
37                                     1.8465257326871620e-06
38                                     1.2479107180753314e-07
39                                     8.2212540583853771e-07
40                                     1.6781503619444292e-06
$End
$Mayer_Population_Analysis
   &GeometryIndex 1
   &ListStatus       OUT
   &NATOMS [&Type "Integer"] 41 "Total number of atoms"
   &BONDTHRESH [&Type "Double"]       1.0000000000000001e-01  "The threshold for printing"
   &NBONDORDERSPRINT [&Type "Integer"] 41 "The number of bond orders larger than threshold"
   &BONDORDERS [&Type "ArrayOfDoubles", &Dim (41,1)] "The bond orders"
                                                         0

0                                      1.1642006038800305e+00
1                                      9.4431722788465700e-01
2                                      9.4067199110677113e-01
3                                      9.3746482174215884e-01
4                                      9.0418842335060701e-01
5                                      9.2869118897181413e-01
6                                      9.1016240577681573e-01
7                                      1.0962821021060074e+00
8                                      1.6223528465531682e+00
9                                      1.1303734428999432e+00
10                                     9.4318186708958818e-01
11                                     9.0561427046138854e-01
12                                     1.1638698847615128e+00
13                                     9.3447593471058266e-01
14                                     9.1768082622498559e-01
15                                     9.2437340356271092e-01
16                                     9.4230586593397403e-01
17                                     9.3521256769835415e-01
18                                     1.0190210968550202e+00
19                                     9.9639348620085710e-01
20                                     8.8195788649175511e-01
21                                     8.9973272634567492e-01
22                                     9.5048303946013613e-01
23                                     1.0538924552167982e-01
24                                     1.6615136320225223e+00
25                                     1.1317685735342355e+00
26                                     1.0606521194328169e+00
27                                     8.9592430019979230e-01
28                                     1.1651203904282985e+00
29                                     9.3251428870048081e-01
30                                     9.1635733224784099e-01
31                                     9.4601575858161147e-01
32                                     9.3960818078677111e-01
33                                     9.3900650788673945e-01
34                                     9.0617338140260306e-01
35                                     1.1668615022463162e+00
36                                     9.3361943188708640e-01
37                                     8.9756806854688564e-01
38                                     9.4446097893868053e-01
39                                     9.3778636380483260e-01
40                                     9.3202177762389615e-01
   &COMPONENTS [&Type "ArrayOfIntegers", &Dim (41,4)] "The indices and atomic numbers of the bonding atoms"
                                                         0                           1                           2                           3

0                                                        0                           6                           1                           6
1                                                        0                           6                          19                           1
2                                                        0                           6                          20                           1
3                                                        0                           6                          21                           1
4                                                        1                           6                           2                           8
5                                                        1                           6                          22                           1
6                                                        1                           6                          23                           1
7                                                        2                           8                           3                          15
8                                                        3                          15                           4                          16
9                                                        3                          15                           5                           8
10                                                       3                          15                           8                          16
11                                                       5                           8                           6                           6
12                                                       6                           6                           7                           6
13                                                       6                           6                          24                           1
14                                                       6                           6                          25                           1
15                                                       7                           6                          26                           1
16                                                       7                           6                          27                           1
17                                                       7                           6                          28                           1
18                                                       8                          16                           9                           6
19                                                       9                           6                          10                          16
20                                                       9                           6                          29                           1
21                                                       9                           6                          30                           1
22                                                      10                          16                          11                          15
23                                                      10                          16                          12                          16
24                                                      11                          15                          12                          16
25                                                      11                          15                          13                           8
26                                                      11                          15                          16                           8
27                                                      13                           8                          14                           6
28                                                      14                           6                          15                           6
29                                                      14                           6                          31                           1
30                                                      14                           6                          32                           1
31                                                      15                           6                          33                           1
32                                                      15                           6                          34                           1
33                                                      15                           6                          35                           1
34                                                      16                           8                          17                           6
35                                                      17                           6                          18                           6
36                                                      17                           6                          36                           1
37                                                      17                           6                          37                           1
38                                                      18                           6                          38                           1
39                                                      18                           6                          39                           1
40                                                      18                           6                          40                           1
   &ATNO [&Type "ArrayOfIntegers", &Dim (41,1)] "Atomic number of the elements"
                                                         0

0                                                        6
1                                                        6
2                                                        8
3                                                       15
4                                                       16
5                                                        8
6                                                        6
7                                                        6
8                                                       16
9                                                        6
10                                                      16
11                                                      15
12                                                      16
13                                                       8
14                                                       6
15                                                       6
16                                                       8
17                                                       6
18                                                       6
19                                                       1
20                                                       1
21                                                       1
22                                                       1
23                                                       1
24                                                       1
25                                                       1
26                                                       1
27                                                       1
28                                                       1
29                                                       1
30                                                       1
31                                                       1
32                                                       1
33                                                       1
34                                                       1
35                                                       1
36                                                       1
37                                                       1
38                                                       1
39                                                       1
40                                                       1
   &NA [&Type "ArrayOfDoubles", &Dim (41,1)] "Mulliken gross atomic population"
                                                         0

0                                      6.3107591170865103e+00
1                                      6.0032468680328677e+00
2                                      8.3646134284236915e+00
3                                      1.4358313356842855e+01
4                                      1.6325118186440239e+01
5                                      8.3688143728840085e+00
6                                      6.0263118470136892e+00
7                                      6.3313036848630739e+00
8                                      1.6126838533203053e+01
9                                      6.3368031266684683e+00
10                                     1.6102555225532900e+01
11                                     1.4384793766320769e+01
12                                     1.6290685926000034e+01
13                                     8.3626251084767791e+00
14                                     6.0200131013615721e+00
15                                     6.2936335675163715e+00
16                                     8.3956433838859468e+00
17                                     6.0077287588385673e+00
18                                     6.3139132864993961e+00
19                                     8.8325278149865194e-01
20                                     8.9123357399724568e-01
21                                     8.7645055697846241e-01
22                                     8.9774077170575184e-01
23                                     8.9082380883647738e-01
24                                     8.8655282396865753e-01
25                                     8.8099837825168259e-01
26                                     8.3952427841625443e-01
27                                     8.7944172206179472e-01
28                                     8.9001970881632009e-01
29                                     8.0586869935944339e-01
30                                     8.1328728986870336e-01
31                                     8.9038626513364294e-01
32                                     8.9299587190984098e-01
33                                     8.7885676903232679e-01
34                                     8.8881030164067032e-01
35                                     8.7136003957582953e-01
36                                     8.9747435302076628e-01
37                                     8.8610868113568830e-01
38                                     8.8266114747883917e-01
39                                     8.8497707712684470e-01
40                                     8.6746045429525742e-01
   &ZA [&Type "ArrayOfDoubles", &Dim (41,1)] "Total nuclear charge"
                                                         0

0                                      6.0000000000000000e+00
1                                      6.0000000000000000e+00
2                                      8.0000000000000000e+00
3                                      1.5000000000000000e+01
4                                      1.6000000000000000e+01
5                                      8.0000000000000000e+00
6                                      6.0000000000000000e+00
7                                      6.0000000000000000e+00
8                                      1.6000000000000000e+01
9                                      6.0000000000000000e+00
10                                     1.6000000000000000e+01
11                                     1.5000000000000000e+01
12                                     1.6000000000000000e+01
13                                     8.0000000000000000e+00
14                                     6.0000000000000000e+00
15                                     6.0000000000000000e+00
16                                     8.0000000000000000e+00
17                                     6.0000000000000000e+00
18                                     6.0000000000000000e+00
19                                     1.0000000000000000e+00
20                                     1.0000000000000000e+00
21                                     1.0000000000000000e+00
22                                     1.0000000000000000e+00
23                                     1.0000000000000000e+00
24                                     1.0000000000000000e+00
25                                     1.0000000000000000e+00
26                                     1.0000000000000000e+00
27                                     1.0000000000000000e+00
28                                     1.0000000000000000e+00
29                                     1.0000000000000000e+00
30                                     1.0000000000000000e+00
31                                     1.0000000000000000e+00
32                                     1.0000000000000000e+00
33                                     1.0000000000000000e+00
34                                     1.0000000000000000e+00
35                                     1.0000000000000000e+00
36                                     1.0000000000000000e+00
37                                     1.0000000000000000e+00
38                                     1.0000000000000000e+00
39                                     1.0000000000000000e+00
40                                     1.0000000000000000e+00
   &QA [&Type "ArrayOfDoubles", &Dim (41,1)] "Mulliken gross atomic charge"
                                                         0

0                                     -3.1075911708651027e-01
1                                     -3.2468680328676669e-03
2                                     -3.6461342842369149e-01
3                                      6.4168664315714530e-01
4                                     -3.2511818644023904e-01
5                                     -3.6881437288400853e-01
6                                     -2.6311847013689160e-02
7                                     -3.3130368486307393e-01
8                                     -1.2683853320305261e-01
9                                     -3.3680312666846834e-01
10                                    -1.0255522553289964e-01
11                                     6.1520623367923122e-01
12                                    -2.9068592600003385e-01
13                                    -3.6262510847677909e-01
14                                    -2.0013101361572083e-02
15                                    -2.9363356751637149e-01
16                                    -3.9564338388594678e-01
17                                    -7.7287588385672734e-03
18                                    -3.1391328649939609e-01
19                                     1.1674721850134806e-01
20                                     1.0876642600275432e-01
21                                     1.2354944302153759e-01
22                                     1.0225922829424816e-01
23                                     1.0917619116352262e-01
24                                     1.1344717603134247e-01
25                                     1.1900162174831741e-01
26                                     1.6047572158374557e-01
27                                     1.2055827793820528e-01
28                                     1.0998029118367991e-01
29                                     1.9413130064055661e-01
30                                     1.8671271013129664e-01
31                                     1.0961373486635706e-01
32                                     1.0700412809015902e-01
33                                     1.2114323096767321e-01
34                                     1.1118969835932968e-01
35                                     1.2863996042417047e-01
36                                     1.0252564697923372e-01
37                                     1.1389131886431170e-01
38                                     1.1733885252116083e-01
39                                     1.1502292287315530e-01
40                                     1.3253954570474258e-01
   &VA [&Type "ArrayOfDoubles", &Dim (41,1)] "Mayer's total valence"
                                                         0

0                                      3.9985034111218725e+00
1                                      3.9930224560531817e+00
2                                      2.1871092436698731e+00
3                                      4.9417022234588552e+00
4                                      2.0300337661878944e+00
5                                      2.1798127369372211e+00
6                                      4.0157016393952620e+00
7                                      3.9891239684324695e+00
8                                      2.3129603904544975e+00
9                                      3.8554717135105436e+00
10                                     2.2831514859605084e+00
11                                     4.9528966602351012e+00
12                                     2.0774427205379808e+00
13                                     2.1652799393974362e+00
14                                     4.0118179606250610e+00
15                                     3.9931840495998490e+00
16                                     2.1459119093601307e+00
17                                     3.9819477882325889e+00
18                                     3.9993154476366346e+00
19                                     9.5806676368662236e-01
20                                     9.5521006157336696e-01
21                                     9.8076413340966762e-01
22                                     9.6124494781124459e-01
23                                     9.8928118864538495e-01
24                                     9.4742550623015187e-01
25                                     9.5051785935560906e-01
26                                     9.8320032238218569e-01
27                                     9.6099442966983062e-01
28                                     9.5322850348302046e-01
29                                     9.7055607321521298e-01
30                                     9.4946376907646246e-01
31                                     9.4753114058243670e-01
32                                     9.7664261752384673e-01
33                                     9.5703173804010810e-01
34                                     9.5538512807749210e-01
35                                     9.7013679723262281e-01
36                                     9.4745402086248076e-01
37                                     1.0065895591587168e+00
38                                     9.5468135153933587e-01
39                                     9.5482995004829674e-01
40                                     9.6887811942127500e-01
   &BVA [&Type "ArrayOfDoubles", &Dim (41,1)] "Mayer's bonded valence"
                                                         0

0                                      3.9985034111217992e+00
1                                      3.9930224560531897e+00
2                                      2.1871092436698407e+00
3                                      4.9417022234588677e+00
4                                      2.0300337661880303e+00
5                                      2.1798127369372002e+00
6                                      4.0157016393953038e+00
7                                      3.9891239684324935e+00
8                                      2.3129603904545024e+00
9                                      3.8554717135105996e+00
10                                     2.2831514859605786e+00
11                                     4.9528966602351039e+00
12                                     2.0774427205381234e+00
13                                     2.1652799393974638e+00
14                                     4.0118179606251019e+00
15                                     3.9931840495998552e+00
16                                     2.1459119093601626e+00
17                                     3.9819477882326657e+00
18                                     3.9993154476366968e+00
19                                     9.5806676368661836e-01
20                                     9.5521006157336574e-01
21                                     9.8076413340965507e-01
22                                     9.6124494781124104e-01
23                                     9.8928118864538828e-01
24                                     9.4742550623015520e-01
25                                     9.5051785935561295e-01
26                                     9.8320032238218991e-01
27                                     9.6099442966983495e-01
28                                     9.5322850348301735e-01
29                                     9.7055607321521464e-01
30                                     9.4946376907647123e-01
31                                     9.4753114058243382e-01
32                                     9.7664261752385373e-01
33                                     9.5703173804010033e-01
34                                     9.5538512807748321e-01
35                                     9.7013679723261814e-01
36                                     9.4745402086247543e-01
37                                     1.0065895591587124e+00
38                                     9.5468135153933897e-01
39                                     9.5482995004829929e-01
40                                     9.6887811942127922e-01
   &FA [&Type "ArrayOfDoubles", &Dim (41,1)] "Mayer's free valence"
                                                         0

0                                      0.0000000000000000e+00
1                                      0.0000000000000000e+00
2                                      0.0000000000000000e+00
3                                      0.0000000000000000e+00
4                                      0.0000000000000000e+00
5                                      0.0000000000000000e+00
6                                      0.0000000000000000e+00
7                                      0.0000000000000000e+00
8                                      0.0000000000000000e+00
9                                      0.0000000000000000e+00
10                                     0.0000000000000000e+00
11                                     0.0000000000000000e+00
12                                     0.0000000000000000e+00
13                                     0.0000000000000000e+00
14                                     0.0000000000000000e+00
15                                     0.0000000000000000e+00
16                                     0.0000000000000000e+00
17                                     0.0000000000000000e+00
18                                     0.0000000000000000e+00
19                                     0.0000000000000000e+00
20                                     0.0000000000000000e+00
21                                     0.0000000000000000e+00
22                                     0.0000000000000000e+00
23                                     0.0000000000000000e+00
24                                     0.0000000000000000e+00
25                                     0.0000000000000000e+00
26                                     0.0000000000000000e+00
27                                     0.0000000000000000e+00
28                                     0.0000000000000000e+00
29                                     0.0000000000000000e+00
30                                     0.0000000000000000e+00
31                                     0.0000000000000000e+00
32                                     0.0000000000000000e+00
33                                     0.0000000000000000e+00
34                                     0.0000000000000000e+00
35                                     0.0000000000000000e+00
36                                     0.0000000000000000e+00
37                                     0.0000000000000000e+00
38                                     0.0000000000000000e+00
39                                     0.0000000000000000e+00
40                                     0.0000000000000000e+00
$End
$VdW_Correction
   &GeometryIndex 1
   &ListStatus       OUT
   &VDW [&Type "Double"]      -6.7838482828214891e-02
$End
$Calculation_Info
   &GeometryIndex 1
   &ListStatus       OUT
   &MULT [&Type "Integer"] 1
   &CHARGE [&Type "Integer"] 0
   &NUMOFATOMS [&Type "Integer"] 41
   &NUMOFELECTRONS [&Type "Integer"] 202
   &NUMOFFCELECTRONS [&Type "Integer"] 1
   &NUMOFCORRELECTRONS [&Type "Integer"] 0
   &NUMOFBASISFUNCTS [&Type "Integer"] 334
   &NUMOFAUXCBASISFUNCTS [&Type "Integer"] 0
   &NUMOFAUXJBASISFUNCTS [&Type "Integer"] 1185
   &NUMOFAUXJKBASISFUNCTS [&Type "Integer"] 0
   &NUMOFCABSBASISFUNCTS [&Type "Integer"] 0
   &TOTALENERGY [&Type "Double"]      -2.9295154738470983e+03  "Hartrees"
$End
$SCF_Dipole_Moment
   &GeometryIndex 1
   &ListStatus       OUT
   &METHOD [&Type "String"] "SCF"
   &LEVEL [&Type "String"] "Relaxed density"
   &MULT [&Type "Integer"] 1
   &STATE [&Type "Integer"] -1
   &IRREP [&Type "Integer"] 0
   &NATOMS [&Type "Integer"] 41
   &DODIPOLEATOM [&Type "Boolean"] false
   &DIPOLEELECCONTRIB [&Type "ArrayOfDoubles", &Dim (3,1)] "Electronic contribution"
                                                         0

0                                      3.4560470214737822e+00
1                                     -2.4162354037605366e-01
2                                      7.3694663318415925e+00
   &DIPOLENUCCONTRIB [&Type "ArrayOfDoubles", &Dim (3,1)] "Nuclear contribution"
                                                         0

0                                     -4.8032153093092136e+00
1                                     -5.3793785779258307e-02
2                                     -7.6095475465162066e+00
   &DIPOLETOTAL [&Type "ArrayOfDoubles", &Dim (3,1)] "Total"
                                                         0

0                                     -1.3471682878354314e+00
1                                     -2.9541732615531197e-01
2                                     -2.4008121467461407e-01
   &DIPOLEMAGNITUDE [&Type "Double", &Units "a.u."]       1.3999188483558038e+00
$End
