*************************************************
******************* ORCA 6.0.0 ******************
*************************************************
$Calculation_Status
   &GeometryIndex 1
   &ListStatus       OUT
   &VERSION [&Type "String"] "6.0.0"
   &PROGNAME [&Type "String"] "LeanSCF"
   &STATUS [&Type "String"] "NORMAL TERMINATION"
$End
$Geometry
   &GeometryIndex 1
   &ListStatus       OUT
   &NATOMS [&Type "Integer"] 41
   &NCORELESSECP [&Type "Integer"] 0
   &NGHOSTATOMS [&Type "Integer"] 0
   &CartesianCoordinates [&Type "Coordinates", &Dim(41,4), &Units "Bohr"] 
              C      8.143879884670    1.191786345308   -4.190686089494
              C      8.442167816244   -0.256753210775   -1.737279550367
              O      6.822672608857    0.802423451993    0.207006954347
              P      4.299849261290   -0.440447387462    1.169526515490
              S      2.919918597144    1.487099863443    3.998583281577
              O      5.145893951571   -3.277710922343    1.696965722286
              C      3.419730806838   -5.204281098854    2.548083640321
              C      3.305447021838   -5.299131040070    5.409990868460
              S      1.933742738255   -0.961614307681   -2.071802101648
              C      0.994230723939    2.296273324400   -2.545496322352
              S     -1.517801705558    3.371245687302   -0.467230030549
              P     -4.052299081415    0.301870627447   -1.118239928740
              S     -4.122200153532   -1.116679278192   -4.524869653386
              O     -6.673589232131    1.362203432978   -0.105458050205
              C     -8.411191272767    2.721879927382   -1.697014642949
              C     -7.362751717174    5.241067736477   -2.561442993840
              O     -3.341193717658   -1.729775021567    0.952973925351
              C     -3.455969041212   -1.233936048564    3.643853603209
              C     -5.905954055996   -2.209516307318    4.752301180693
              H      9.550785651250    0.530114306323   -5.528715468111
              H      6.275150661662    0.892130400356   -4.991357227544
              H      8.421750157791    3.199710070922   -3.861845404992
              H     10.348877744174   -0.058439001368   -0.978623391895
              H      7.993568439746   -2.254631618268   -1.979285355212
              H      1.552811366045   -4.857446058491    1.728319120051
              H      4.182479938262   -6.957483411139    1.771912935011
              H      2.623294434693   -3.510414699771    6.160530599330
              H      2.038018277591   -6.804653797294    5.987711237752
              H      5.177105705102   -5.653875666928    6.175278985461
              H      0.342103797670    2.405070550541   -4.494201702753
              H      2.591836529026    3.548167560791   -2.213478645959
              H     -8.867373019852    1.528950468406   -3.323287438341
              H    -10.079132686448    2.960712852190   -0.509151973619
              H     -5.793369227198    4.942098649527   -3.858160167855
              H     -8.835289475939    6.287649843781   -3.532092066861
              H     -6.695943782392    6.331462888327   -0.952582589714
              H     -1.827196725472   -2.226649788046    4.432010788096
              H     -3.224883550224    0.793767825998    3.971954381883
              H     -5.861650369004   -1.952585663542    6.786867906760
              H     -7.501576733723   -1.179937974097    3.971585041714
              H     -6.124826474315   -4.204991955622    4.320691343161
$End
$SCF_Energy
   &GeometryIndex 1
   &ListStatus       OUT
   &SCF_ENERGY [&Type "Double"]      -2.9296367960534690e+03
$End
$DFT_Energy
   &GeometryIndex 1
   &ListStatus       OUT
   &NALPHAEL [&Type "Integer"] 101
   &NBETAEL [&Type "Integer"] 101
   &NTOTALEL [&Type "Integer"] 202
   &EEXCHANGE [&Type "Double"]      -2.3180436150625411e+02
   &ECORR [&Type "Double"]      -7.2942609783327219e+00
   &ECNL [&Type "Double"]       0.0000000000000000e+00
   &EXC [&Type "Double"]      -2.3909862248458683e+02
   &EEMBED [&Type "Double"]       0.0000000000000000e+00
   &FINALEN [&Type "Double"]      -2.9296367960534690e+03  "No Van der Waals correction"
$End
$Mulliken_Population_Analysis
   &GeometryIndex 1
   &ListStatus       OUT
   &NATOMS [&Type "Integer"] 41
   &ATNO [&Type "ArrayOfIntegers", &Dim (41,1)] 
                                                         0

0                                                        6
1                                                        6
2                                                        8
3                                                       15
4                                                       16
5                                                        8
6                                                        6
7                                                        6
8                                                       16
9                                                        6
10                                                      16
11                                                      15
12                                                      16
13                                                       8
14                                                       6
15                                                       6
16                                                       8
17                                                       6
18                                                       6
19                                                       1
20                                                       1
21                                                       1
22                                                       1
23                                                       1
24                                                       1
25                                                       1
26                                                       1
27                                                       1
28                                                       1
29                                                       1
30                                                       1
31                                                       1
32                                                       1
33                                                       1
34                                                       1
35                                                       1
36                                                       1
37                                                       1
38                                                       1
39                                                       1
40                                                       1
   &ATOMICCHARGES [&Type "ArrayOfDoubles", &Dim (41,1)] 
                                                         0

0                                     -3.0126070049229092e-01
1                                     -6.1939147669072270e-03
2                                     -3.6102667271809707e-01
3                                      5.8917484427735545e-01
4                                     -3.0777229402340112e-01
5                                     -3.8181107743038822e-01
6                                     -3.2582882299952765e-02
7                                     -3.0133127672297899e-01
8                                     -9.0339062374162893e-02
9                                     -3.4208148114514447e-01
10                                    -7.2108106736756383e-02
11                                     5.9634505074920519e-01
12                                    -3.1978997822679389e-01
13                                    -3.8115409700790259e-01
14                                     1.8668135536969999e-05
15                                    -3.1711978872563584e-01
16                                    -3.5486378103963112e-01
17                                    -2.6996495250529051e-02
18                                    -2.8230666480987487e-01
19                                     1.1303381002692547e-01
20                                     1.2435745332601211e-01
21                                     1.2025309607274404e-01
22                                     1.1219445015299878e-01
23                                     1.0857298203995147e-01
24                                     1.2763978387343933e-01
25                                     1.0783947491337686e-01
26                                     1.4114134644943510e-01
27                                     1.0739385680910907e-01
28                                     1.1503560600386953e-01
29                                     1.9017154657672519e-01
30                                     1.8304444609232640e-01
31                                     1.1317619106924337e-01
32                                     1.0443209369290807e-01
33                                     1.2681943533680806e-01
34                                     1.1315689293289366e-01
35                                     1.1932590448241842e-01
36                                     1.1170548331627761e-01
37                                     1.1321454249014395e-01
38                                     1.0898108977893139e-01
39                                     1.1865207638455266e-01
40                                     1.1305814878710829e-01
$End
$Loewdin_Population_Analysis
   &GeometryIndex 1
   &ListStatus       OUT
   &NATOMS [&Type "Integer"] 41
   &ATNO [&Type "ArrayOfIntegers", &Dim (41,1)] 
                                                         0

0                                                        6
1                                                        6
2                                                        8
3                                                       15
4                                                       16
5                                                        8
6                                                        6
7                                                        6
8                                                       16
9                                                        6
10                                                      16
11                                                      15
12                                                      16
13                                                       8
14                                                       6
15                                                       6
16                                                       8
17                                                       6
18                                                       6
19                                                       1
20                                                       1
21                                                       1
22                                                       1
23                                                       1
24                                                       1
25                                                       1
26                                                       1
27                                                       1
28                                                       1
29                                                       1
30                                                       1
31                                                       1
32                                                       1
33                                                       1
34                                                       1
35                                                       1
36                                                       1
37                                                       1
38                                                       1
39                                                       1
40                                                       1
   &ATOMICCHARGES [&Type "ArrayOfDoubles", &Dim (41,1)] 
                                                         0

0                                      4.5602438424749140e-06
1                                      4.6399085861054866e-05
2                                      1.4136122761371245e-03
3                                      2.8760722031174275e-04
4                                      1.2334101138295669e-05
5                                      1.8764343794092002e-03
6                                      2.8016741402207715e-04
7                                      1.4892313406638917e-05
8                                      7.8007374168633184e-05
9                                      1.1812625800539568e-04
10                                     1.7429563988750405e-04
11                                     5.1184008395023378e-02
12                                     9.3166601089038199e-05
13                                     4.8155961503840872e-01
14                                     8.4563311433422328e-02
15                                     1.9591932928052797e-03
16                                     3.3616942109307291e-01
17                                     3.8183028679813623e-02
18                                     7.4782943748054017e-04
19                                     1.9481958309069649e-07
20                                     6.8944284021437588e-07
21                                     1.1106921618767083e-07
22                                     1.3074275407162040e-07
23                                     2.3186964246815872e-06
24                                     1.0415654775849987e-05
25                                     1.4252090014895345e-06
26                                     5.8361286567662240e-07
27                                     1.7203997109175678e-06
28                                     1.0066637556260429e-06
29                                     3.5490152047371816e-06
30                                     4.7502846642457983e-06
31                                     1.3801506619638571e-04
32                                     6.0981134538770751e-04
33                                     1.5556459521296433e-05
34                                     1.2702530032710434e-04
35                                     4.5907275445459016e-06
36                                     1.6157710123895696e-04
37                                     7.3747984449217861e-05
38                                     6.8656753418779297e-05
39                                     1.1930833203784523e-06
40                                     6.9202904925358477e-06
$End
$Mayer_Population_Analysis
   &GeometryIndex 1
   &ListStatus       OUT
   &NATOMS [&Type "Integer"] 41 "Total number of atoms"
   &BONDTHRESH [&Type "Double"]       1.0000000000000001e-01  "The threshold for printing"
   &NBONDORDERSPRINT [&Type "Integer"] 42 "The number of bond orders larger than threshold"
   &BONDORDERS [&Type "ArrayOfDoubles", &Dim (42,1)] "The bond orders"
                                                         0

0                                      1.1668961404384119e+00
1                                      9.3960134425376518e-01
2                                      9.3521356762728380e-01
3                                      9.4552793735745777e-01
4                                      8.9224838702280795e-01
5                                      9.3470629590424270e-01
6                                      9.1786778317280637e-01
7                                      1.1274404324443035e+00
8                                      1.6686829836332537e+00
9                                      1.0813929334622912e+00
10                                     9.4183493423363962e-01
11                                     1.1533423200824987e-01
12                                     9.0447413958343825e-01
13                                     1.1685823411976652e+00
14                                     9.1374221931849342e-01
15                                     9.3496441361759841e-01
16                                     9.2337853417811777e-01
17                                     9.3943411695461876e-01
18                                     9.4486809248740722e-01
19                                     9.9524153904936385e-01
20                                     1.0022446574023816e+00
21                                     8.9492183470764308e-01
22                                     8.9747964019488746e-01
23                                     9.6571541209996659e-01
24                                     1.1052830880767699e-01
25                                     1.6183019895322390e+00
26                                     1.0820896909791897e+00
27                                     1.1292622162696813e+00
28                                     9.0578444910074107e-01
29                                     1.1667375071076314e+00
30                                     9.1847956285544807e-01
31                                     9.3392183557834740e-01
32                                     9.3462814105586967e-01
33                                     9.3667856805751315e-01
34                                     9.4320183259649792e-01
35                                     8.9091410971037277e-01
36                                     1.1580016702187041e+00
37                                     9.2375616474786271e-01
38                                     9.1514302042095819e-01
39                                     9.4062693757614180e-01
40                                     9.4242649246947163e-01
41                                     9.4655682593418422e-01
   &COMPONENTS [&Type "ArrayOfIntegers", &Dim (42,4)] "The indices and atomic numbers of the bonding atoms"
                                                         0                           1                           2                           3

0                                                        0                           6                           1                           6
1                                                        0                           6                          19                           1
2                                                        0                           6                          20                           1
3                                                        0                           6                          21                           1
4                                                        1                           6                           2                           8
5                                                        1                           6                          22                           1
6                                                        1                           6                          23                           1
7                                                        2                           8                           3                          15
8                                                        3                          15                           4                          16
9                                                        3                          15                           5                           8
10                                                       3                          15                           8                          16
11                                                       4                          16                           8                          16
12                                                       5                           8                           6                           6
13                                                       6                           6                           7                           6
14                                                       6                           6                          24                           1
15                                                       6                           6                          25                           1
16                                                       7                           6                          26                           1
17                                                       7                           6                          27                           1
18                                                       7                           6                          28                           1
19                                                       8                          16                           9                           6
20                                                       9                           6                          10                          16
21                                                       9                           6                          29                           1
22                                                       9                           6                          30                           1
23                                                      10                          16                          11                          15
24                                                      10                          16                          12                          16
25                                                      11                          15                          12                          16
26                                                      11                          15                          13                           8
27                                                      11                          15                          16                           8
28                                                      13                           8                          14                           6
29                                                      14                           6                          15                           6
30                                                      14                           6                          31                           1
31                                                      14                           6                          32                           1
32                                                      15                           6                          33                           1
33                                                      15                           6                          34                           1
34                                                      15                           6                          35                           1
35                                                      16                           8                          17                           6
36                                                      17                           6                          18                           6
37                                                      17                           6                          36                           1
38                                                      17                           6                          37                           1
39                                                      18                           6                          38                           1
40                                                      18                           6                          39                           1
41                                                      18                           6                          40                           1
   &ATNO [&Type "ArrayOfIntegers", &Dim (41,1)] "Atomic number of the elements"
                                                         0

0                                                        6
1                                                        6
2                                                        8
3                                                       15
4                                                       16
5                                                        8
6                                                        6
7                                                        6
8                                                       16
9                                                        6
10                                                      16
11                                                      15
12                                                      16
13                                                       8
14                                                       6
15                                                       6
16                                                       8
17                                                       6
18                                                       6
19                                                       1
20                                                       1
21                                                       1
22                                                       1
23                                                       1
24                                                       1
25                                                       1
26                                                       1
27                                                       1
28                                                       1
29                                                       1
30                                                       1
31                                                       1
32                                                       1
33                                                       1
34                                                       1
35                                                       1
36                                                       1
37                                                       1
38                                                       1
39                                                       1
40                                                       1
   &NA [&Type "ArrayOfDoubles", &Dim (41,1)] "Mulliken gross atomic population"
                                                         0

0                                      6.3012607004923034e+00
1                                      6.0061939147669063e+00
2                                      8.3610266727180900e+00
3                                      1.4410825155722671e+01
4                                      1.6307772294023323e+01
5                                      8.3818110774303882e+00
6                                      6.0325828822999519e+00
7                                      6.3013312767229808e+00
8                                      1.6090339062374085e+01
9                                      6.3420814811451613e+00
10                                     1.6072108106736813e+01
11                                     1.4403654949250765e+01
12                                     1.6319789978226773e+01
13                                     8.3811540970078795e+00
14                                     5.9999813318644613e+00
15                                     6.3171197887256314e+00
16                                     8.3548637810396382e+00
17                                     6.0269964952505584e+00
18                                     6.2823066648098962e+00
19                                     8.8696618997307497e-01
20                                     8.7564254667398866e-01
21                                     8.7974690392725574e-01
22                                     8.8780554984700166e-01
23                                     8.9142701796004742e-01
24                                     8.7236021612656056e-01
25                                     8.9216052508662291e-01
26                                     8.5885865355056412e-01
27                                     8.9260614319089138e-01
28                                     8.8496439399613080e-01
29                                     8.0982845342327514e-01
30                                     8.1695555390767471e-01
31                                     8.8682380893075630e-01
32                                     8.9556790630709182e-01
33                                     8.7318056466319316e-01
34                                     8.8684310706710512e-01
35                                     8.8067409551758113e-01
36                                     8.8829451668372184e-01
37                                     8.8678545750985582e-01
38                                     8.9101891022106761e-01
39                                     8.8134792361544745e-01
40                                     8.8694185121289149e-01
   &ZA [&Type "ArrayOfDoubles", &Dim (41,1)] "Total nuclear charge"
                                                         0

0                                      6.0000000000000000e+00
1                                      6.0000000000000000e+00
2                                      8.0000000000000000e+00
3                                      1.5000000000000000e+01
4                                      1.6000000000000000e+01
5                                      8.0000000000000000e+00
6                                      6.0000000000000000e+00
7                                      6.0000000000000000e+00
8                                      1.6000000000000000e+01
9                                      6.0000000000000000e+00
10                                     1.6000000000000000e+01
11                                     1.5000000000000000e+01
12                                     1.6000000000000000e+01
13                                     8.0000000000000000e+00
14                                     6.0000000000000000e+00
15                                     6.0000000000000000e+00
16                                     8.0000000000000000e+00
17                                     6.0000000000000000e+00
18                                     6.0000000000000000e+00
19                                     1.0000000000000000e+00
20                                     1.0000000000000000e+00
21                                     1.0000000000000000e+00
22                                     1.0000000000000000e+00
23                                     1.0000000000000000e+00
24                                     1.0000000000000000e+00
25                                     1.0000000000000000e+00
26                                     1.0000000000000000e+00
27                                     1.0000000000000000e+00
28                                     1.0000000000000000e+00
29                                     1.0000000000000000e+00
30                                     1.0000000000000000e+00
31                                     1.0000000000000000e+00
32                                     1.0000000000000000e+00
33                                     1.0000000000000000e+00
34                                     1.0000000000000000e+00
35                                     1.0000000000000000e+00
36                                     1.0000000000000000e+00
37                                     1.0000000000000000e+00
38                                     1.0000000000000000e+00
39                                     1.0000000000000000e+00
40                                     1.0000000000000000e+00
   &QA [&Type "ArrayOfDoubles", &Dim (41,1)] "Mulliken gross atomic charge"
                                                         0

0                                     -3.0126070049230336e-01
1                                     -6.1939147669063388e-03
2                                     -3.6102667271808997e-01
3                                      5.8917484427732880e-01
4                                     -3.0777229402332296e-01
5                                     -3.8181107743038822e-01
6                                     -3.2582882299951876e-02
7                                     -3.0133127672298077e-01
8                                     -9.0339062374084733e-02
9                                     -3.4208148114516135e-01
10                                    -7.2108106736813227e-02
11                                     5.9634505074923538e-01
12                                    -3.1978997822677258e-01
13                                    -3.8115409700787950e-01
14                                     1.8668135538746355e-05
15                                    -3.1711978872563140e-01
16                                    -3.5486378103963823e-01
17                                    -2.6996495250558361e-02
18                                    -2.8230666480989619e-01
19                                     1.1303381002692503e-01
20                                     1.2435745332601134e-01
21                                     1.2025309607274426e-01
22                                     1.1219445015299834e-01
23                                     1.0857298203995258e-01
24                                     1.2763978387343944e-01
25                                     1.0783947491337709e-01
26                                     1.4114134644943588e-01
27                                     1.0739385680910862e-01
28                                     1.1503560600386920e-01
29                                     1.9017154657672486e-01
30                                     1.8304444609232529e-01
31                                     1.1317619106924370e-01
32                                     1.0443209369290818e-01
33                                     1.2681943533680684e-01
34                                     1.1315689293289488e-01
35                                     1.1932590448241887e-01
36                                     1.1170548331627816e-01
37                                     1.1321454249014418e-01
38                                     1.0898108977893239e-01
39                                     1.1865207638455255e-01
40                                     1.1305814878710851e-01
   &VA [&Type "ArrayOfDoubles", &Dim (41,1)] "Mayer's total valence"
                                                         0

0                                      3.9918159589704696e+00
1                                      4.0080391443196612e+00
2                                      2.1626629592545656e+00
3                                      4.9836729768473633e+00
4                                      2.0476358043759970e+00
5                                      2.1632204513002082e+00
6                                      4.0125843788911357e+00
7                                      3.9768474774716287e+00
8                                      2.3112603781687366e+00
9                                      3.8561771079579175e+00
10                                     2.3104321074421961e+00
11                                     4.9592295817658822e+00
12                                     2.0190282170579992e+00
13                                     2.1742860382339910e+00
14                                     4.0046199829886939e+00
15                                     3.9883133695586390e+00
16                                     2.1718147916592940e+00
17                                     4.0035051613421011e+00
18                                     3.9822697940303864e+00
19                                     9.5491767604427025e-01
20                                     9.7764758223341830e-01
21                                     9.5663359947473070e-01
22                                     9.4813386437198455e-01
23                                     9.7412709220289329e-01
24                                     9.6736503853638234e-01
25                                     9.4685907375935585e-01
26                                     9.9182007988772991e-01
27                                     9.5442748492765539e-01
28                                     9.5798160457258008e-01
29                                     9.5378714555406896e-01
30                                     9.4948818351366038e-01
31                                     9.7947869980552915e-01
32                                     9.4758769313663438e-01
33                                     9.8427401449104990e-01
34                                     9.5447821190383852e-01
35                                     9.6234051191217884e-01
36                                     9.6974780432400876e-01
37                                     9.7149532866761046e-01
38                                     9.5490490852719323e-01
39                                     9.7986641212279091e-01
40                                     9.5912607213559686e-01
   &BVA [&Type "ArrayOfDoubles", &Dim (41,1)] "Mayer's bonded valence"
                                                         0

0                                      3.9918159589704976e+00
1                                      4.0080391443196106e+00
2                                      2.1626629592546407e+00
3                                      4.9836729768473456e+00
4                                      2.0476358043761782e+00
5                                      2.1632204513002349e+00
6                                      4.0125843788911517e+00
7                                      3.9768474774716673e+00
8                                      2.3112603781688819e+00
9                                      3.8561771079578469e+00
10                                     2.3104321074420313e+00
11                                     4.9592295817661043e+00
12                                     2.0190282170581129e+00
13                                     2.1742860382340710e+00
14                                     4.0046199829886904e+00
15                                     3.9883133695586608e+00
16                                     2.1718147916592261e+00
17                                     4.0035051613420087e+00
18                                     3.9822697940303220e+00
19                                     9.5491767604427269e-01
20                                     9.7764758223342130e-01
21                                     9.5663359947473170e-01
22                                     9.4813386437198599e-01
23                                     9.7412709220289917e-01
24                                     9.6736503853637901e-01
25                                     9.4685907375935818e-01
26                                     9.9182007988773035e-01
27                                     9.5442748492765450e-01
28                                     9.5798160457259551e-01
29                                     9.5378714555406907e-01
30                                     9.4948818351365871e-01
31                                     9.7947869980552948e-01
32                                     9.4758769313663360e-01
33                                     9.8427401449105689e-01
34                                     9.5447821190384019e-01
35                                     9.6234051191217929e-01
36                                     9.6974780432401808e-01
37                                     9.7149532866760913e-01
38                                     9.5490490852719301e-01
39                                     9.7986641212278203e-01
40                                     9.5912607213559631e-01
   &FA [&Type "ArrayOfDoubles", &Dim (41,1)] "Mayer's free valence"
                                                         0

0                                      0.0000000000000000e+00
1                                      0.0000000000000000e+00
2                                      0.0000000000000000e+00
3                                      0.0000000000000000e+00
4                                      0.0000000000000000e+00
5                                      0.0000000000000000e+00
6                                      0.0000000000000000e+00
7                                      0.0000000000000000e+00
8                                      0.0000000000000000e+00
9                                      0.0000000000000000e+00
10                                     0.0000000000000000e+00
11                                     0.0000000000000000e+00
12                                     0.0000000000000000e+00
13                                     0.0000000000000000e+00
14                                     0.0000000000000000e+00
15                                     0.0000000000000000e+00
16                                     0.0000000000000000e+00
17                                     0.0000000000000000e+00
18                                     0.0000000000000000e+00
19                                     0.0000000000000000e+00
20                                     0.0000000000000000e+00
21                                     0.0000000000000000e+00
22                                     0.0000000000000000e+00
23                                     0.0000000000000000e+00
24                                     0.0000000000000000e+00
25                                     0.0000000000000000e+00
26                                     0.0000000000000000e+00
27                                     0.0000000000000000e+00
28                                     0.0000000000000000e+00
29                                     0.0000000000000000e+00
30                                     0.0000000000000000e+00
31                                     0.0000000000000000e+00
32                                     0.0000000000000000e+00
33                                     0.0000000000000000e+00
34                                     0.0000000000000000e+00
35                                     0.0000000000000000e+00
36                                     0.0000000000000000e+00
37                                     0.0000000000000000e+00
38                                     0.0000000000000000e+00
39                                     0.0000000000000000e+00
40                                     0.0000000000000000e+00
$End
$VdW_Correction
   &GeometryIndex 1
   &ListStatus       OUT
   &VDW [&Type "Double"]      -6.6276138915960306e-02
$End
$Calculation_Info
   &GeometryIndex 1
   &ListStatus       OUT
   &MULT [&Type "Integer"] 1
   &CHARGE [&Type "Integer"] 0
   &NUMOFATOMS [&Type "Integer"] 41
   &NUMOFELECTRONS [&Type "Integer"] 202
   &NUMOFFCELECTRONS [&Type "Integer"] 1
   &NUMOFCORRELECTRONS [&Type "Integer"] 0
   &NUMOFBASISFUNCTS [&Type "Integer"] 334
   &NUMOFAUXCBASISFUNCTS [&Type "Integer"] 0
   &NUMOFAUXJBASISFUNCTS [&Type "Integer"] 1185
   &NUMOFAUXJKBASISFUNCTS [&Type "Integer"] 0
   &NUMOFCABSBASISFUNCTS [&Type "Integer"] 0
   &TOTALENERGY [&Type "Double"]      -2.9295186677837846e+03  "Hartrees"
$End
$SCF_Dipole_Moment
   &GeometryIndex 1
   &ListStatus       OUT
   &METHOD [&Type "String"] "SCF"
   &LEVEL [&Type "String"] "Relaxed density"
   &MULT [&Type "Integer"] 1
   &STATE [&Type "Integer"] -1
   &IRREP [&Type "Integer"] 0
   &NATOMS [&Type "Integer"] 41
   &DODIPOLEATOM [&Type "Boolean"] false
   &DIPOLEELECCONTRIB [&Type "ArrayOfDoubles", &Dim (3,1)] "Electronic contribution"
                                                         0

0                                      2.1367385399188814e+00
1                                      2.9234077558504050e+00
2                                     -4.5733463558773400e+00
   &DIPOLENUCCONTRIB [&Type "ArrayOfDoubles", &Dim (3,1)] "Nuclear contribution"
                                                         0

0                                     -1.9332706206325536e+00
1                                     -3.0978809534697973e+00
2                                      4.5541447291933617e+00
   &DIPOLETOTAL [&Type "ArrayOfDoubles", &Dim (3,1)] "Total"
                                                         0

0                                      2.0346791928632779e-01
1                                     -1.7447319761939228e-01
2                                     -1.9201626683978290e-02
   &DIPOLEMAGNITUDE [&Type "Double", &Units "a.u."]       2.6871693905214455e-01
$End
