*************************************************
******************* ORCA 6.0.0 ******************
*************************************************
$Calculation_Status
   &GeometryIndex 1
   &ListStatus       OUT
   &VERSION [&Type "String"] "6.0.0"
   &PROGNAME [&Type "String"] "LeanSCF"
   &STATUS [&Type "String"] "NORMAL TERMINATION"
$End
$Geometry
   &GeometryIndex 1
   &ListStatus       OUT
   &NATOMS [&Type "Integer"] 41
   &NCORELESSECP [&Type "Integer"] 0
   &NGHOSTATOMS [&Type "Integer"] 0
   &CartesianCoordinates [&Type "Coordinates", &Dim(41,4), &Units "Bohr"] 
              C      6.543067370613   -0.543740706302   -5.397547080827
              C      7.695497723121    1.080774218975   -3.337871429260
              O      7.282659986587    0.041515377940   -0.863265739028
              P      4.555996965072   -0.137843111827    0.342383002061
              S      2.313452863612    2.736408534963   -0.429038081457
              O      5.520896291973   -0.432725821348    3.158249100276
              C      3.852425721526   -0.959053160529    5.244839548204
              C      2.905538862566    1.470515508217    6.435721940181
              S      3.208655184441   -3.809170615408   -0.587843568697
              C     -0.018880275158   -3.161024446185   -1.520856129434
              S     -1.998978366809   -2.132353620680    1.097704300732
              P     -3.956524996657    0.938706044419   -0.645013691721
              S     -3.131417305601    1.589955025091   -4.194958981192
              O     -3.565840865411    3.293829685333    1.135589397417
              C     -4.944240908835    3.769101625536    3.454871806693
              C     -4.661149209022    1.659001205892    5.365605095922
              O     -6.872729516420    0.329669214327   -0.177040229682
              C     -8.368210673937   -1.126737001420   -1.912837724534
              C     -7.467201874197   -3.835729628683   -2.132557266450
              H      7.129443145180    0.163563695757   -7.231332042046
              H      7.148940867943   -2.495735399003   -5.190189145378
              H      4.487305160833   -0.463066120303   -5.290075237354
              H      6.903904122660    2.992012893727   -3.393828351507
              H      9.748564073031    1.170009615095   -3.499085434629
              H      2.274887763718   -2.134405392153    4.597457555505
              H      5.011677858009   -2.038028834924    6.566592989640
              H      1.800429888053    2.544934604093    5.072955762067
              H      1.739290705389    1.022189919399    8.062589120772
              H      4.493722477465    2.626103879387    7.033862438931
              H     -0.732241049165   -4.950065525526   -2.236070183562
              H     -0.076835666507   -1.694839450250   -2.976462082636
              H     -4.114330030944    5.530914942657    4.133268662546
              H     -6.927822724976    4.065999740261    2.969754319066
              H     -2.677826185017    1.321951689203    5.776023495644
              H     -5.629502142147    2.190595254327    7.094134713511
              H     -5.489495913348   -0.077304795933    4.636948897105
              H    -10.270946325826   -1.017761509666   -1.126547135534
              H     -8.313355295918   -0.196440458073   -3.759135845609
              H     -7.296725504306   -4.692444798931   -0.273325935115
              H     -8.810730676172   -4.903506423937   -3.255290866993
              H     -5.635601449240   -3.883356449537   -3.070282622752
$End
$SCF_Energy
   &GeometryIndex 1
   &ListStatus       OUT
   &SCF_ENERGY [&Type "Double"]      -2.9296324167429034e+03
$End
$DFT_Energy
   &GeometryIndex 1
   &ListStatus       OUT
   &NALPHAEL [&Type "Integer"] 101
   &NBETAEL [&Type "Integer"] 101
   &NTOTALEL [&Type "Integer"] 202
   &EEXCHANGE [&Type "Double"]      -2.3180297965868112e+02
   &ECORR [&Type "Double"]      -7.2992126455538724e+00
   &ECNL [&Type "Double"]       0.0000000000000000e+00
   &EXC [&Type "Double"]      -2.3910219230423499e+02
   &EEMBED [&Type "Double"]       0.0000000000000000e+00
   &FINALEN [&Type "Double"]      -2.9296324167429034e+03  "No Van der Waals correction"
$End
$Mulliken_Population_Analysis
   &GeometryIndex 1
   &ListStatus       OUT
   &NATOMS [&Type "Integer"] 41
   &ATNO [&Type "ArrayOfIntegers", &Dim (41,1)] 
                                                         0

0                                                        6
1                                                        6
2                                                        8
3                                                       15
4                                                       16
5                                                        8
6                                                        6
7                                                        6
8                                                       16
9                                                        6
10                                                      16
11                                                      15
12                                                      16
13                                                       8
14                                                       6
15                                                       6
16                                                       8
17                                                       6
18                                                       6
19                                                       1
20                                                       1
21                                                       1
22                                                       1
23                                                       1
24                                                       1
25                                                       1
26                                                       1
27                                                       1
28                                                       1
29                                                       1
30                                                       1
31                                                       1
32                                                       1
33                                                       1
34                                                       1
35                                                       1
36                                                       1
37                                                       1
38                                                       1
39                                                       1
40                                                       1
   &ATOMICCHARGES [&Type "ArrayOfDoubles", &Dim (41,1)] 
                                                         0

0                                     -3.2671979022041775e-01
1                                      1.0889669904283750e-03
2                                     -3.5618965915303313e-01
3                                      5.8549883830528771e-01
4                                     -3.0614428771014701e-01
5                                     -3.5344393483586423e-01
6                                     -1.9298230341067146e-02
7                                     -3.0731870840490139e-01
8                                     -1.1171688876807195e-01
9                                     -3.4546686261183446e-01
10                                    -1.2477315771572961e-01
11                                     6.2732817159206533e-01
12                                    -2.9656109992851043e-01
13                                    -3.6118672808493990e-01
14                                     1.6430182386988790e-02
15                                    -3.6092712086577361e-01
16                                    -3.8774106228383687e-01
17                                     5.4907279274969412e-03
18                                    -3.2044097212525013e-01
19                                     1.1248579524572389e-01
20                                     1.1764429885104155e-01
21                                     1.3492527438576485e-01
22                                     1.1447107894427000e-01
23                                     1.0549139123022877e-01
24                                     1.0769572294482499e-01
25                                     1.0548386230113072e-01
26                                     1.4368136804977549e-01
27                                     1.0900748832417440e-01
28                                     1.1567403168870194e-01
29                                     1.8101821801373119e-01
30                                     2.1632096607430729e-01
31                                     1.1340787823085074e-01
32                                     1.0924380225570862e-01
33                                     1.4192510287254190e-01
34                                     1.1688478538799330e-01
35                                     1.2887132607473339e-01
36                                     1.0228263440371133e-01
37                                     1.1231922367630820e-01
38                                     1.1939826238344409e-01
39                                     1.1311314703952535e-01
40                                     1.2074595746850669e-01
$End
$Loewdin_Population_Analysis
   &GeometryIndex 1
   &ListStatus       OUT
   &NATOMS [&Type "Integer"] 41
   &ATNO [&Type "ArrayOfIntegers", &Dim (41,1)] 
                                                         0

0                                                        6
1                                                        6
2                                                        8
3                                                       15
4                                                       16
5                                                        8
6                                                        6
7                                                        6
8                                                       16
9                                                        6
10                                                      16
11                                                      15
12                                                      16
13                                                       8
14                                                       6
15                                                       6
16                                                       8
17                                                       6
18                                                       6
19                                                       1
20                                                       1
21                                                       1
22                                                       1
23                                                       1
24                                                       1
25                                                       1
26                                                       1
27                                                       1
28                                                       1
29                                                       1
30                                                       1
31                                                       1
32                                                       1
33                                                       1
34                                                       1
35                                                       1
36                                                       1
37                                                       1
38                                                       1
39                                                       1
40                                                       1
   &ATOMICCHARGES [&Type "ArrayOfDoubles", &Dim (41,1)] 
                                                         0

0                                      2.3096730845157346e-03
1                                      9.4820057978291197e-02
2                                      4.2694149315082736e-01
3                                      1.2489231383198936e-02
4                                      3.0714151379400190e-04
5                                      3.7075591773483052e-01
6                                      8.1952307569119878e-02
7                                      1.9680968106814347e-03
8                                      1.2167130162718171e-04
9                                      1.7809021223226276e-05
10                                     4.0308478705787068e-05
11                                     4.3699317358068682e-04
12                                     4.4827458241473122e-06
13                                     1.9202003326054249e-03
14                                     1.3942419673204770e-04
15                                     3.5132069719669754e-06
16                                     3.5691679926217732e-03
17                                     5.8962822822320273e-04
18                                     1.1793908730324929e-05
19                                     9.3743615673125844e-05
20                                     9.1861942471799795e-06
21                                     2.8617401185848150e-05
22                                     1.4431898149922063e-04
23                                     6.1305028633951034e-04
24                                     8.7638485524774780e-05
25                                     5.3900639165947554e-04
26                                     1.8338259656421570e-06
27                                     6.4236565419655337e-05
28                                     5.2531286998535430e-06
29                                     4.0924601817239058e-07
30                                     2.5352090580085558e-06
31                                     1.5687164919687788e-06
32                                     2.7288669181960083e-09
33                                     3.0367945969511542e-06
34                                     3.4158915260065697e-07
35                                     1.7242482061568635e-07
36                                     4.6740882387339513e-06
37                                     5.2566690420849421e-07
38                                     5.4478628955529816e-08
39                                     8.8106981169065456e-07
40                                     1.2990930213956122e-09
$End
$Mayer_Population_Analysis
   &GeometryIndex 1
   &ListStatus       OUT
   &NATOMS [&Type "Integer"] 41 "Total number of atoms"
   &BONDTHRESH [&Type "Double"]       1.0000000000000001e-01  "The threshold for printing"
   &NBONDORDERSPRINT [&Type "Integer"] 43 "The number of bond orders larger than threshold"
   &BONDORDERS [&Type "ArrayOfDoubles", &Dim (43,1)] "The bond orders"
                                                         0

0                                      1.1622616381473865e+00
1                                      9.3757880722613929e-01
2                                      9.4349217537907859e-01
3                                      9.3366918433881818e-01
4                                      9.1345807835207105e-01
5                                      9.1634849562321852e-01
6                                      9.3419632612428338e-01
7                                      1.1281052974991261e+00
8                                      1.6265865821933478e+00
9                                      1.1272707838083449e+00
10                                     9.3243926982754177e-01
11                                     1.2316933345527595e-01
12                                     9.1538677593106987e-01
13                                     1.1734227337246863e+00
14                                     9.0323965935021588e-01
15                                     9.3576850636696496e-01
16                                     9.2002967988360340e-01
17                                     9.3243219086848550e-01
18                                     9.4189594627545314e-01
19                                     1.0059348117518974e+00
20                                     9.9684818915180995e-01
21                                     9.0167422104386241e-01
22                                     8.4377506739391950e-01
23                                     9.3220791755567789e-01
24                                     1.1874185702525347e-01
25                                     1.6210933503066627e+00
26                                     1.1349165671412371e+00
27                                     1.0576492998095530e+00
28                                     1.0529761466549814e-01
29                                     9.0021193047452175e-01
30                                     1.1709911643895403e+00
31                                     9.3183994724913444e-01
32                                     9.2825911262610394e-01
33                                     9.2947613479168167e-01
34                                     9.3413957905264133e-01
35                                     9.3051409229134474e-01
36                                     9.1390734383793837e-01
37                                     1.1648339132206578e+00
38                                     9.3425837692989688e-01
39                                     9.1656850026313397e-01
40                                     9.4231415327953438e-01
41                                     9.3659976550953394e-01
42                                     9.3473509578506175e-01
   &COMPONENTS [&Type "ArrayOfIntegers", &Dim (43,4)] "The indices and atomic numbers of the bonding atoms"
                                                         0                           1                           2                           3

0                                                        0                           6                           1                           6
1                                                        0                           6                          19                           1
2                                                        0                           6                          20                           1
3                                                        0                           6                          21                           1
4                                                        1                           6                           2                           8
5                                                        1                           6                          22                           1
6                                                        1                           6                          23                           1
7                                                        2                           8                           3                          15
8                                                        3                          15                           4                          16
9                                                        3                          15                           5                           8
10                                                       3                          15                           8                          16
11                                                       4                          16                           8                          16
12                                                       5                           8                           6                           6
13                                                       6                           6                           7                           6
14                                                       6                           6                          24                           1
15                                                       6                           6                          25                           1
16                                                       7                           6                          26                           1
17                                                       7                           6                          27                           1
18                                                       7                           6                          28                           1
19                                                       8                          16                           9                           6
20                                                       9                           6                          10                          16
21                                                       9                           6                          29                           1
22                                                       9                           6                          30                           1
23                                                      10                          16                          11                          15
24                                                      10                          16                          12                          16
25                                                      11                          15                          12                          16
26                                                      11                          15                          13                           8
27                                                      11                          15                          16                           8
28                                                      12                          16                          30                           1
29                                                      13                           8                          14                           6
30                                                      14                           6                          15                           6
31                                                      14                           6                          31                           1
32                                                      14                           6                          32                           1
33                                                      15                           6                          33                           1
34                                                      15                           6                          34                           1
35                                                      15                           6                          35                           1
36                                                      16                           8                          17                           6
37                                                      17                           6                          18                           6
38                                                      17                           6                          36                           1
39                                                      17                           6                          37                           1
40                                                      18                           6                          38                           1
41                                                      18                           6                          39                           1
42                                                      18                           6                          40                           1
   &ATNO [&Type "ArrayOfIntegers", &Dim (41,1)] "Atomic number of the elements"
                                                         0

0                                                        6
1                                                        6
2                                                        8
3                                                       15
4                                                       16
5                                                        8
6                                                        6
7                                                        6
8                                                       16
9                                                        6
10                                                      16
11                                                      15
12                                                      16
13                                                       8
14                                                       6
15                                                       6
16                                                       8
17                                                       6
18                                                       6
19                                                       1
20                                                       1
21                                                       1
22                                                       1
23                                                       1
24                                                       1
25                                                       1
26                                                       1
27                                                       1
28                                                       1
29                                                       1
30                                                       1
31                                                       1
32                                                       1
33                                                       1
34                                                       1
35                                                       1
36                                                       1
37                                                       1
38                                                       1
39                                                       1
40                                                       1
   &NA [&Type "ArrayOfDoubles", &Dim (41,1)] "Mulliken gross atomic population"
                                                         0

0                                      6.3267197902204302e+00
1                                      5.9989110330095823e+00
2                                      8.3561896591530473e+00
3                                      1.4414501161694700e+01
4                                      1.6306144287710186e+01
5                                      8.3534439348358767e+00
6                                      6.0192982303410743e+00
7                                      6.3073187084048952e+00
8                                      1.6111716888768033e+01
9                                      6.3454668626118469e+00
10                                     1.6124773157715776e+01
11                                     1.4372671828407924e+01
12                                     1.6296561099928510e+01
13                                     8.3611867280849612e+00
14                                     5.9835698176130068e+00
15                                     6.3609271208657852e+00
16                                     8.3877410622838404e+00
17                                     5.9945092720725013e+00
18                                     6.3204409721252537e+00
19                                     8.8751420475427678e-01
20                                     8.8235570114895900e-01
21                                     8.6507472561423493e-01
22                                     8.8552892105573056e-01
23                                     8.9450860876977090e-01
24                                     8.9230427705517512e-01
25                                     8.9451613769886884e-01
26                                     8.5631863195022384e-01
27                                     8.9099251167582594e-01
28                                     8.8432596831129839e-01
29                                     8.1898178198626970e-01
30                                     7.8367903392569283e-01
31                                     8.8659212176914903e-01
32                                     8.9075619774429160e-01
33                                     8.5807489712745866e-01
34                                     8.8311521461200682e-01
35                                     8.7112867392526694e-01
36                                     8.9771736559628901e-01
37                                     8.8768077632369169e-01
38                                     8.8060173761655558e-01
39                                     8.8688685296047498e-01
40                                     8.7925404253149386e-01
   &ZA [&Type "ArrayOfDoubles", &Dim (41,1)] "Total nuclear charge"
                                                         0

0                                      6.0000000000000000e+00
1                                      6.0000000000000000e+00
2                                      8.0000000000000000e+00
3                                      1.5000000000000000e+01
4                                      1.6000000000000000e+01
5                                      8.0000000000000000e+00
6                                      6.0000000000000000e+00
7                                      6.0000000000000000e+00
8                                      1.6000000000000000e+01
9                                      6.0000000000000000e+00
10                                     1.6000000000000000e+01
11                                     1.5000000000000000e+01
12                                     1.6000000000000000e+01
13                                     8.0000000000000000e+00
14                                     6.0000000000000000e+00
15                                     6.0000000000000000e+00
16                                     8.0000000000000000e+00
17                                     6.0000000000000000e+00
18                                     6.0000000000000000e+00
19                                     1.0000000000000000e+00
20                                     1.0000000000000000e+00
21                                     1.0000000000000000e+00
22                                     1.0000000000000000e+00
23                                     1.0000000000000000e+00
24                                     1.0000000000000000e+00
25                                     1.0000000000000000e+00
26                                     1.0000000000000000e+00
27                                     1.0000000000000000e+00
28                                     1.0000000000000000e+00
29                                     1.0000000000000000e+00
30                                     1.0000000000000000e+00
31                                     1.0000000000000000e+00
32                                     1.0000000000000000e+00
33                                     1.0000000000000000e+00
34                                     1.0000000000000000e+00
35                                     1.0000000000000000e+00
36                                     1.0000000000000000e+00
37                                     1.0000000000000000e+00
38                                     1.0000000000000000e+00
39                                     1.0000000000000000e+00
40                                     1.0000000000000000e+00
   &QA [&Type "ArrayOfDoubles", &Dim (41,1)] "Mulliken gross atomic charge"
                                                         0

0                                     -3.2671979022043018e-01
1                                      1.0889669904177168e-03
2                                     -3.5618965915304734e-01
3                                      5.8549883830530014e-01
4                                     -3.0614428771018609e-01
5                                     -3.5344393483587666e-01
6                                     -1.9298230341074252e-02
7                                     -3.0731870840489517e-01
8                                     -1.1171688876803287e-01
9                                     -3.4546686261184689e-01
10                                    -1.2477315771577580e-01
11                                     6.2732817159207599e-01
12                                    -2.9656109992851043e-01
13                                    -3.6118672808496122e-01
14                                     1.6430182386993231e-02
15                                    -3.6092712086578516e-01
16                                    -3.8774106228384042e-01
17                                     5.4907279274987175e-03
18                                    -3.2044097212525369e-01
19                                     1.1248579524572322e-01
20                                     1.1764429885104100e-01
21                                     1.3492527438576507e-01
22                                     1.1447107894426944e-01
23                                     1.0549139123022910e-01
24                                     1.0769572294482488e-01
25                                     1.0548386230113116e-01
26                                     1.4368136804977616e-01
27                                     1.0900748832417406e-01
28                                     1.1567403168870161e-01
29                                     1.8101821801373030e-01
30                                     2.1632096607430717e-01
31                                     1.1340787823085097e-01
32                                     1.0924380225570840e-01
33                                     1.4192510287254134e-01
34                                     1.1688478538799318e-01
35                                     1.2887132607473306e-01
36                                     1.0228263440371099e-01
37                                     1.1231922367630831e-01
38                                     1.1939826238344442e-01
39                                     1.1311314703952502e-01
40                                     1.2074595746850614e-01
   &VA [&Type "ArrayOfDoubles", &Dim (41,1)] "Mayer's total valence"
                                                         0

0                                      3.9918358319333653e+00
1                                      3.9954291363876937e+00
2                                      2.1860421856440375e+00
3                                      4.9655214333191644e+00
4                                      2.0901514905754053e+00
5                                      2.1827551274059473e+00
6                                      4.0078905419738504e+00
7                                      3.9832803122086733e+00
8                                      2.2665817474772232e+00
9                                      3.8183836909378988e+00
10                                     2.2832757806690736e+00
11                                     4.9186804117169949e+00
12                                     2.0733443063420167e+00
13                                     2.1844415797764611e+00
14                                     4.0253665394144313e+00
15                                     3.9931909038977875e+00
16                                     2.1674133770844164e+00
17                                     4.0053861144391893e+00
18                                     3.9932049932100213e+00
19                                     9.5436677375465973e-01
20                                     9.6423040725408171e-01
21                                     9.7930739627512398e-01
22                                     9.7951477084701488e-01
23                                     9.4932072193434636e-01
24                                     9.8513278779758606e-01
25                                     9.4750523473265436e-01
26                                     9.8943871871105893e-01
27                                     9.5247992900142431e-01
28                                     9.5632528424478802e-01
29                                     9.3114391941094454e-01
30                                     9.9305155094690001e-01
31                                     9.4793914833169934e-01
32                                     9.5935573564290888e-01
33                                     9.7875634445587822e-01
34                                     9.5461504654537199e-01
35                                     9.7281296818484919e-01
36                                     9.4977864856197047e-01
37                                     9.8059038684679545e-01
38                                     9.6698139965496777e-01
39                                     9.5389782777711130e-01
40                                     9.8493760095501148e-01
   &BVA [&Type "ArrayOfDoubles", &Dim (41,1)] "Mayer's bonded valence"
                                                         0

0                                      3.9918358319333507e+00
1                                      3.9954291363876981e+00
2                                      2.1860421856440033e+00
3                                      4.9655214333191777e+00
4                                      2.0901514905752703e+00
5                                      2.1827551274059331e+00
6                                      4.0078905419738406e+00
7                                      3.9832803122086515e+00
8                                      2.2665817474773888e+00
9                                      3.8183836909379205e+00
10                                     2.2832757806689821e+00
11                                     4.9186804117170455e+00
12                                     2.0733443063419985e+00
13                                     2.1844415797764678e+00
14                                     4.0253665394144775e+00
15                                     3.9931909038977782e+00
16                                     2.1674133770844013e+00
17                                     4.0053861144391609e+00
18                                     3.9932049932100262e+00
19                                     9.5436677375465717e-01
20                                     9.6423040725408660e-01
21                                     9.7930739627511887e-01
22                                     9.7951477084701388e-01
23                                     9.4932072193435157e-01
24                                     9.8513278779758851e-01
25                                     9.4750523473265058e-01
26                                     9.8943871871106148e-01
27                                     9.5247992900143585e-01
28                                     9.5632528424478003e-01
29                                     9.3114391941094365e-01
30                                     9.9305155094690911e-01
31                                     9.4793914833171367e-01
32                                     9.5935573564291232e-01
33                                     9.7875634445588100e-01
34                                     9.5461504654536411e-01
35                                     9.7281296818485619e-01
36                                     9.4977864856195360e-01
37                                     9.8059038684678157e-01
38                                     9.6698139965497609e-01
39                                     9.5389782777711307e-01
40                                     9.8493760095500482e-01
   &FA [&Type "ArrayOfDoubles", &Dim (41,1)] "Mayer's free valence"
                                                         0

0                                      0.0000000000000000e+00
1                                      0.0000000000000000e+00
2                                      0.0000000000000000e+00
3                                      0.0000000000000000e+00
4                                      0.0000000000000000e+00
5                                      0.0000000000000000e+00
6                                      0.0000000000000000e+00
7                                      0.0000000000000000e+00
8                                      0.0000000000000000e+00
9                                      0.0000000000000000e+00
10                                     0.0000000000000000e+00
11                                     0.0000000000000000e+00
12                                     0.0000000000000000e+00
13                                     0.0000000000000000e+00
14                                     0.0000000000000000e+00
15                                     0.0000000000000000e+00
16                                     0.0000000000000000e+00
17                                     0.0000000000000000e+00
18                                     0.0000000000000000e+00
19                                     0.0000000000000000e+00
20                                     0.0000000000000000e+00
21                                     0.0000000000000000e+00
22                                     0.0000000000000000e+00
23                                     0.0000000000000000e+00
24                                     0.0000000000000000e+00
25                                     0.0000000000000000e+00
26                                     0.0000000000000000e+00
27                                     0.0000000000000000e+00
28                                     0.0000000000000000e+00
29                                     0.0000000000000000e+00
30                                     0.0000000000000000e+00
31                                     0.0000000000000000e+00
32                                     0.0000000000000000e+00
33                                     0.0000000000000000e+00
34                                     0.0000000000000000e+00
35                                     0.0000000000000000e+00
36                                     0.0000000000000000e+00
37                                     0.0000000000000000e+00
38                                     0.0000000000000000e+00
39                                     0.0000000000000000e+00
40                                     0.0000000000000000e+00
$End
$VdW_Correction
   &GeometryIndex 1
   &ListStatus       OUT
   &VDW [&Type "Double"]      -6.7934647611806495e-02
$End
$Calculation_Info
   &GeometryIndex 1
   &ListStatus       OUT
   &MULT [&Type "Integer"] 1
   &CHARGE [&Type "Integer"] 0
   &NUMOFATOMS [&Type "Integer"] 41
   &NUMOFELECTRONS [&Type "Integer"] 202
   &NUMOFFCELECTRONS [&Type "Integer"] 1
   &NUMOFCORRELECTRONS [&Type "Integer"] 0
   &NUMOFBASISFUNCTS [&Type "Integer"] 334
   &NUMOFAUXCBASISFUNCTS [&Type "Integer"] 0
   &NUMOFAUXJBASISFUNCTS [&Type "Integer"] 1185
   &NUMOFAUXJKBASISFUNCTS [&Type "Integer"] 0
   &NUMOFCABSBASISFUNCTS [&Type "Integer"] 0
   &TOTALENERGY [&Type "Double"]      -2.9295151459877152e+03  "Hartrees"
$End
$SCF_Dipole_Moment
   &GeometryIndex 1
   &ListStatus       OUT
   &METHOD [&Type "String"] "SCF"
   &LEVEL [&Type "String"] "Relaxed density"
   &MULT [&Type "Integer"] 1
   &STATE [&Type "Integer"] -1
   &IRREP [&Type "Integer"] 0
   &NATOMS [&Type "Integer"] 41
   &DODIPOLEATOM [&Type "Boolean"] false
   &DIPOLEELECCONTRIB [&Type "ArrayOfDoubles", &Dim (3,1)] "Electronic contribution"
                                                         0

0                                      7.0235318769598800e+00
1                                      2.0286113030362403e+00
2                                     -6.6973278928381133e+00
   &DIPOLENUCCONTRIB [&Type "ArrayOfDoubles", &Dim (3,1)] "Nuclear contribution"
                                                         0

0                                     -7.8355797387886783e+00
1                                     -2.7705156489258838e+00
2                                      7.5007468664085586e+00
   &DIPOLETOTAL [&Type "ArrayOfDoubles", &Dim (3,1)] "Total"
                                                         0

0                                     -8.1204786182879829e-01
1                                     -7.4190434588964349e-01
2                                      8.0341897357044534e-01
   &DIPOLEMAGNITUDE [&Type "Double", &Units "a.u."]       1.3621034598897586e+00
$End
