*************************************************
******************* ORCA 6.0.0 ******************
*************************************************
$Calculation_Status
   &GeometryIndex 1
   &ListStatus       OUT
   &VERSION [&Type "String"] "6.0.0"
   &PROGNAME [&Type "String"] "LeanSCF"
   &STATUS [&Type "String"] "NORMAL TERMINATION"
$End
$Geometry
   &GeometryIndex 1
   &ListStatus       OUT
   &NATOMS [&Type "Integer"] 41
   &NCORELESSECP [&Type "Integer"] 0
   &NGHOSTATOMS [&Type "Integer"] 0
   &CartesianCoordinates [&Type "Coordinates", &Dim(41,4), &Units "Bohr"] 
              C     10.260777796616   -0.683230879995   -4.538453842930
              C      7.678952139406   -1.690277939924   -3.821321833373
              O      6.639308356055   -0.043025410095   -1.910766091284
              P      3.714821002808   -0.092757478837   -1.239963454601
              S      1.428488312693    0.357528743552   -4.108293487515
              O      3.509347749246    2.071946756593    0.780888117664
              C      5.074213131034    2.229663876096    3.032425110588
              C      3.538854936735    1.559639546743    5.354858301066
              S      3.314899435740   -3.618145433079    0.630919195051
              C     -0.081077057793   -3.895712954877    0.370831342549
              S     -1.798859752970   -2.116302221136    2.772135177198
              P     -3.592320043425    0.875754072986    0.833778606636
              S     -2.047844750875    4.195108485363    0.342101849174
              O     -6.044697350961    1.282745107411    2.514012966231
              C     -7.789356355959   -0.718818856016    3.176971668906
              C     -7.555509042130   -1.358550948764    5.959028525492
              O     -4.433658980018   -0.638262842017   -1.647362561023
              C     -5.174214038046    0.654771013879   -3.919478674758
              C     -7.722691023728    1.921934784696   -3.622705733980
              H     10.091475039062    1.219233792726   -5.291855530581
              H     11.481704679268   -0.638927417880   -2.889446030588
              H     11.084933712176   -1.905445030483   -5.963393642250
              H      7.800269568413   -3.593351089342   -3.027315592156
              H      6.392540209673   -1.709491451656   -5.441562864642
              H      6.705002757769    0.985859889877    2.809515222086
              H      5.692451229102    4.195555166543    3.085194993459
              H      1.818849859940    2.685770598786    5.398830148558
              H      3.024875461364   -0.430707500862    5.352176098624
              H      4.650538785497    1.963035481889    7.030208089746
              H     -0.525778302308   -5.875878119901    0.681722047816
              H     -0.670068634171   -3.264090517520   -1.500387347465
              H     -9.656860219503    0.043102870347    2.744327420233
              H     -7.417984616175   -2.367117720213    1.988958055811
              H     -7.842905270491    0.330756652506    7.089412604999
              H     -8.976956625666   -2.753794556424    6.448134661472
              H     -5.690059018742   -2.118567510119    6.367138006046
              H     -3.711470273086    2.037144017716   -4.399026247518
              H     -5.202302232071   -0.827199727302   -5.352734350747
              H     -9.150594825231    0.542503967664   -3.095619986663
              H     -7.609282250148    3.372008492075   -2.164359390646
              H     -8.248206045801    2.803929113589   -5.398278467769
$End
$SCF_Energy
   &GeometryIndex 1
   &ListStatus       OUT
   &SCF_ENERGY [&Type "Double"]      -2.9296322557467652e+03
$End
$DFT_Energy
   &GeometryIndex 1
   &ListStatus       OUT
   &NALPHAEL [&Type "Integer"] 100
   &NBETAEL [&Type "Integer"] 100
   &NTOTALEL [&Type "Integer"] 201
   &EEXCHANGE [&Type "Double"]      -2.3180238431393127e+02
   &ECORR [&Type "Double"]      -7.2947669313713925e+00
   &ECNL [&Type "Double"]       0.0000000000000000e+00
   &EXC [&Type "Double"]      -2.3909715124530265e+02
   &EEMBED [&Type "Double"]       0.0000000000000000e+00
   &FINALEN [&Type "Double"]      -2.9296322557467652e+03  "No Van der Waals correction"
$End
$Mulliken_Population_Analysis
   &GeometryIndex 1
   &ListStatus       OUT
   &NATOMS [&Type "Integer"] 41
   &ATNO [&Type "ArrayOfIntegers", &Dim (41,1)] 
                                                         0

0                                                        6
1                                                        6
2                                                        8
3                                                       15
4                                                       16
5                                                        8
6                                                        6
7                                                        6
8                                                       16
9                                                        6
10                                                      16
11                                                      15
12                                                      16
13                                                       8
14                                                       6
15                                                       6
16                                                       8
17                                                       6
18                                                       6
19                                                       1
20                                                       1
21                                                       1
22                                                       1
23                                                       1
24                                                       1
25                                                       1
26                                                       1
27                                                       1
28                                                       1
29                                                       1
30                                                       1
31                                                       1
32                                                       1
33                                                       1
34                                                       1
35                                                       1
36                                                       1
37                                                       1
38                                                       1
39                                                       1
40                                                       1
   &ATOMICCHARGES [&Type "ArrayOfDoubles", &Dim (41,1)] 
                                                         0

0                                     -2.8038064997198475e-01
1                                     -1.0840490135901604e-02
2                                     -3.8214307741099773e-01
3                                      6.0563079271723907e-01
4                                     -3.0695196585449835e-01
5                                     -3.3311768741886283e-01
6                                     -9.8564644683083458e-03
7                                     -2.9334014267704411e-01
8                                     -1.1623605962373418e-01
9                                     -3.4942171610367723e-01
10                                    -1.1118898687123746e-01
11                                     6.0709084511532652e-01
12                                    -2.8453579852966371e-01
13                                    -3.6833362391108437e-01
14                                    -2.3578291203280699e-02
15                                    -2.8656940648585749e-01
16                                    -3.8982424715735675e-01
17                                    -1.3954642382461913e-02
18                                    -3.0959946803630256e-01
19                                     1.2366254227926798e-01
20                                     1.1470808914054631e-01
21                                     1.1259837799851868e-01
22                                     1.0277207209574790e-01
23                                     1.0490110769067362e-01
24                                     9.9260393659136525e-02
25                                     1.1260820822419793e-01
26                                     1.2753790554214084e-01
27                                     1.2301715152349058e-01
28                                     1.0225572280593087e-01
29                                     1.8144568929907534e-01
30                                     2.0979253483712468e-01
31                                     1.0805245531201568e-01
32                                     1.0252951431571677e-01
33                                     1.2021735221051222e-01
34                                     1.0740292659891670e-01
35                                     1.2357464428088427e-01
36                                     1.3070653942032351e-01
37                                     9.9722576973181987e-02
38                                     1.0667715488371154e-01
39                                     1.3153501778674714e-01
40                                     1.1217310353176568e-01
$End
$Loewdin_Population_Analysis
   &GeometryIndex 1
   &ListStatus       OUT
   &NATOMS [&Type "Integer"] 41
   &ATNO [&Type "ArrayOfIntegers", &Dim (41,1)] 
                                                         0

0                                                        6
1                                                        6
2                                                        8
3                                                       15
4                                                       16
5                                                        8
6                                                        6
7                                                        6
8                                                       16
9                                                        6
10                                                      16
11                                                      15
12                                                      16
13                                                       8
14                                                       6
15                                                       6
16                                                       8
17                                                       6
18                                                       6
19                                                       1
20                                                       1
21                                                       1
22                                                       1
23                                                       1
24                                                       1
25                                                       1
26                                                       1
27                                                       1
28                                                       1
29                                                       1
30                                                       1
31                                                       1
32                                                       1
33                                                       1
34                                                       1
35                                                       1
36                                                       1
37                                                       1
38                                                       1
39                                                       1
40                                                       1
   &ATOMICCHARGES [&Type "ArrayOfDoubles", &Dim (41,1)] 
                                                         0

0                                      6.9395745023440106e-03
1                                      9.0467722163579331e-02
2                                      5.2556240246950436e-01
3                                      5.7410534456459349e-02
4                                      7.5183461212346053e-05
5                                      2.6685181657723367e-01
6                                      1.6929628226938033e-02
7                                      5.7906574427888660e-04
8                                      1.4938400874404034e-04
9                                      1.1841531668529856e-04
10                                     3.0464818867402954e-05
11                                     1.9990920248899838e-03
12                                     3.0354192248467655e-05
13                                     3.9578432000783289e-03
14                                     1.7860347388175697e-04
15                                     7.5569003683007552e-06
16                                     2.3850830972546460e-02
17                                     4.0946685666405098e-03
18                                     9.9618009850490914e-05
19                                     1.9935202021110847e-05
20                                     4.5079854067059931e-06
21                                     1.0005668390634855e-04
22                                     6.7826134590458391e-05
23                                     1.6753406026220194e-04
24                                     1.8702332932451330e-04
25                                     2.7389093063951149e-05
26                                     8.1076824663751713e-06
27                                     6.7173915890980247e-06
28                                     2.6119267238654761e-05
29                                     2.0590683993389882e-06
30                                     2.3576761865840886e-06
31                                     2.0862097652541334e-07
32                                     9.6185483997691510e-07
33                                     1.3256872520963214e-07
34                                     2.8822776571168992e-07
35                                     4.4945754916645590e-07
36                                     8.2937931971504651e-06
37                                     2.7470600795014195e-05
38                                     2.2791560795806201e-06
39                                     2.2589986105534752e-07
40                                     7.2971594037744393e-06
$End
$Mayer_Population_Analysis
   &GeometryIndex 1
   &ListStatus       OUT
   &NATOMS [&Type "Integer"] 41 "Total number of atoms"
   &BONDTHRESH [&Type "Double"]       1.0000000000000001e-01  "The threshold for printing"
   &NBONDORDERSPRINT [&Type "Integer"] 42 "The number of bond orders larger than threshold"
   &BONDORDERS [&Type "ArrayOfDoubles", &Dim (42,1)] "The bond orders"
                                                         0

0                                      1.1606464424192469e+00
1                                      9.5037764777665978e-01
2                                      9.5111168622077558e-01
3                                      9.4168317370291055e-01
4                                      9.0240774351262465e-01
5                                      9.2856389943835460e-01
6                                      9.0929097963142225e-01
7                                      1.0898728923104297e+00
8                                      1.6376648501020648e+00
9                                      1.1713682074531100e+00
10                                     9.3393669646814825e-01
11                                     1.0710656505110230e-01
12                                     8.8489193393229737e-01
13                                     1.1678066429688176e+00
14                                     9.1949078803481876e-01
15                                     9.3348197363425045e-01
16                                     9.3956340134493854e-01
17                                     9.3320563583662186e-01
18                                     9.3716361699958228e-01
19                                     1.0136925113816624e+00
20                                     9.9062412700717650e-01
21                                     9.1084762853394563e-01
22                                     8.5422947034229557e-01
23                                     9.5049522253850982e-01
24                                     1.0420869932646444e-01
25                                     1.6802893520431168e+00
26                                     1.0987257904879608e+00
27                                     1.0657149721847485e+00
28                                     9.0014501290982307e-01
29                                     1.1660180434938050e+00
30                                     9.3113165819797872e-01
31                                     9.1347936832441068e-01
32                                     9.4594361376085545e-01
33                                     9.4029945339887266e-01
34                                     9.3949561549859195e-01
35                                     8.9970266639978680e-01
36                                     1.1608673389372357e+00
37                                     9.0718468059005086e-01
38                                     9.3567404967497503e-01
39                                     9.4540193221315161e-01
40                                     9.3402474327619489e-01
41                                     9.4023209089585991e-01
   &COMPONENTS [&Type "ArrayOfIntegers", &Dim (42,4)] "The indices and atomic numbers of the bonding atoms"
                                                         0                           1                           2                           3

0                                                        0                           6                           1                           6
1                                                        0                           6                          19                           1
2                                                        0                           6                          20                           1
3                                                        0                           6                          21                           1
4                                                        1                           6                           2                           8
5                                                        1                           6                          22                           1
6                                                        1                           6                          23                           1
7                                                        2                           8                           3                          15
8                                                        3                          15                           4                          16
9                                                        3                          15                           5                           8
10                                                       3                          15                           8                          16
11                                                       4                          16                           8                          16
12                                                       5                           8                           6                           6
13                                                       6                           6                           7                           6
14                                                       6                           6                          24                           1
15                                                       6                           6                          25                           1
16                                                       7                           6                          26                           1
17                                                       7                           6                          27                           1
18                                                       7                           6                          28                           1
19                                                       8                          16                           9                           6
20                                                       9                           6                          10                          16
21                                                       9                           6                          29                           1
22                                                       9                           6                          30                           1
23                                                      10                          16                          11                          15
24                                                      10                          16                          12                          16
25                                                      11                          15                          12                          16
26                                                      11                          15                          13                           8
27                                                      11                          15                          16                           8
28                                                      13                           8                          14                           6
29                                                      14                           6                          15                           6
30                                                      14                           6                          31                           1
31                                                      14                           6                          32                           1
32                                                      15                           6                          33                           1
33                                                      15                           6                          34                           1
34                                                      15                           6                          35                           1
35                                                      16                           8                          17                           6
36                                                      17                           6                          18                           6
37                                                      17                           6                          36                           1
38                                                      17                           6                          37                           1
39                                                      18                           6                          38                           1
40                                                      18                           6                          39                           1
41                                                      18                           6                          40                           1
   &ATNO [&Type "ArrayOfIntegers", &Dim (41,1)] "Atomic number of the elements"
                                                         0

0                                                        6
1                                                        6
2                                                        8
3                                                       15
4                                                       16
5                                                        8
6                                                        6
7                                                        6
8                                                       16
9                                                        6
10                                                      16
11                                                      15
12                                                      16
13                                                       8
14                                                       6
15                                                       6
16                                                       8
17                                                       6
18                                                       6
19                                                       1
20                                                       1
21                                                       1
22                                                       1
23                                                       1
24                                                       1
25                                                       1
26                                                       1
27                                                       1
28                                                       1
29                                                       1
30                                                       1
31                                                       1
32                                                       1
33                                                       1
34                                                       1
35                                                       1
36                                                       1
37                                                       1
38                                                       1
39                                                       1
40                                                       1
   &NA [&Type "ArrayOfDoubles", &Dim (41,1)] "Mulliken gross atomic population"
                                                         0

0                                      6.2803806499719785e+00
1                                      6.0108404901359025e+00
2                                      8.3821430774109711e+00
3                                      1.4394369207282754e+01
4                                      1.6306951965854509e+01
5                                      8.3331176874188859e+00
6                                      6.0098564644682941e+00
7                                      6.2933401426770281e+00
8                                      1.6116236059623759e+01
9                                      6.3494217161036648e+00
10                                     1.6111188986871191e+01
11                                     1.4392909154884670e+01
12                                     1.6284535798529582e+01
13                                     8.3683336239110826e+00
14                                     6.0235782912032771e+00
15                                     6.2865694064858522e+00
16                                     8.3898242471573834e+00
17                                     6.0139546423824592e+00
18                                     6.3095994680363106e+00
19                                     8.7633745772073246e-01
20                                     8.8529191085945491e-01
21                                     8.8740162200148187e-01
22                                     8.9722792790425265e-01
23                                     8.9509889230932682e-01
24                                     9.0073960634086259e-01
25                                     8.8739179177580219e-01
26                                     8.7246209445785872e-01
27                                     8.7698284847650865e-01
28                                     8.9774427719406791e-01
29                                     8.1855431070092455e-01
30                                     7.9020746516287488e-01
31                                     8.9194754468798465e-01
32                                     8.9747048568428223e-01
33                                     8.7978264778948845e-01
34                                     8.9259707340108274e-01
35                                     8.7642535571911606e-01
36                                     8.6929346057967771e-01
37                                     9.0027742302681868e-01
38                                     8.9332284511628868e-01
39                                     8.6846498221325430e-01
40                                     8.8782689646823509e-01
   &ZA [&Type "ArrayOfDoubles", &Dim (41,1)] "Total nuclear charge"
                                                         0

0                                      6.0000000000000000e+00
1                                      6.0000000000000000e+00
2                                      8.0000000000000000e+00
3                                      1.5000000000000000e+01
4                                      1.6000000000000000e+01
5                                      8.0000000000000000e+00
6                                      6.0000000000000000e+00
7                                      6.0000000000000000e+00
8                                      1.6000000000000000e+01
9                                      6.0000000000000000e+00
10                                     1.6000000000000000e+01
11                                     1.5000000000000000e+01
12                                     1.6000000000000000e+01
13                                     8.0000000000000000e+00
14                                     6.0000000000000000e+00
15                                     6.0000000000000000e+00
16                                     8.0000000000000000e+00
17                                     6.0000000000000000e+00
18                                     6.0000000000000000e+00
19                                     1.0000000000000000e+00
20                                     1.0000000000000000e+00
21                                     1.0000000000000000e+00
22                                     1.0000000000000000e+00
23                                     1.0000000000000000e+00
24                                     1.0000000000000000e+00
25                                     1.0000000000000000e+00
26                                     1.0000000000000000e+00
27                                     1.0000000000000000e+00
28                                     1.0000000000000000e+00
29                                     1.0000000000000000e+00
30                                     1.0000000000000000e+00
31                                     1.0000000000000000e+00
32                                     1.0000000000000000e+00
33                                     1.0000000000000000e+00
34                                     1.0000000000000000e+00
35                                     1.0000000000000000e+00
36                                     1.0000000000000000e+00
37                                     1.0000000000000000e+00
38                                     1.0000000000000000e+00
39                                     1.0000000000000000e+00
40                                     1.0000000000000000e+00
   &QA [&Type "ArrayOfDoubles", &Dim (41,1)] "Mulliken gross atomic charge"
                                                         0

0                                     -2.8038064997197854e-01
1                                     -1.0840490135902492e-02
2                                     -3.8214307741097109e-01
3                                      6.0563079271724618e-01
4                                     -3.0695196585450901e-01
5                                     -3.3311768741888592e-01
6                                     -9.8564644682941349e-03
7                                     -2.9334014267702813e-01
8                                     -1.1623605962375905e-01
9                                     -3.4942171610366479e-01
10                                    -1.1118898687119128e-01
11                                     6.0709084511533007e-01
12                                    -2.8453579852958200e-01
13                                    -3.6833362391108260e-01
14                                    -2.3578291203277146e-02
15                                    -2.8656940648585216e-01
16                                    -3.8982424715738340e-01
17                                    -1.3954642382459248e-02
18                                    -3.0959946803631055e-01
19                                     1.2366254227926754e-01
20                                     1.1470808914054509e-01
21                                     1.1259837799851813e-01
22                                     1.0277207209574735e-01
23                                     1.0490110769067318e-01
24                                     9.9260393659137414e-02
25                                     1.1260820822419781e-01
26                                     1.2753790554214128e-01
27                                     1.2301715152349135e-01
28                                     1.0225572280593209e-01
29                                     1.8144568929907545e-01
30                                     2.0979253483712512e-01
31                                     1.0805245531201535e-01
32                                     1.0252951431571777e-01
33                                     1.2021735221051155e-01
34                                     1.0740292659891726e-01
35                                     1.2357464428088394e-01
36                                     1.3070653942032229e-01
37                                     9.9722576973181321e-02
38                                     1.0667715488371132e-01
39                                     1.3153501778674570e-01
40                                     1.1217310353176491e-01
   &VA [&Type "ArrayOfDoubles", &Dim (41,1)] "Mayer's total valence"
                                                         0

0                                      4.0035563987947596e+00
1                                      3.9633164058205930e+00
2                                      2.1611577239324298e+00
3                                      4.9950253717068565e+00
4                                      2.0811735072253010e+00
5                                      2.2023308073781718e+00
6                                      4.0066250712096210e+00
7                                      3.9812813641445914e+00
8                                      2.2609048775597405e+00
9                                      3.8305893932897841e+00
10                                     2.2619124258844621e+00
11                                     4.9712994560793415e+00
12                                     2.0610961370092453e+00
13                                     2.1577925530465571e+00
14                                     4.0173924847863951e+00
15                                     3.9925768197314695e+00
16                                     2.1649642082172802e+00
17                                     3.9940524526868457e+00
18                                     3.9902421322455979e+00
19                                     9.5929466558330001e-01
20                                     9.5843253800575545e-01
21                                     9.5436494346818390e-01
22                                     9.5904752472929911e-01
23                                     9.9367661165882681e-01
24                                     9.7046457297375932e-01
25                                     9.4853477656152474e-01
26                                     9.8042020123975893e-01
27                                     9.8534933183445961e-01
28                                     9.5321168735499173e-01
29                                     9.3269594677263645e-01
30                                     9.9089176640555177e-01
31                                     9.4702232453782531e-01
32                                     9.8045892724028261e-01
33                                     9.5758656955693733e-01
34                                     9.5571583130308768e-01
35                                     9.7390502219652164e-01
36                                     9.8182546895392186e-01
37                                     9.5157483417638677e-01
38                                     9.5757340001257107e-01
39                                     9.8261370497733280e-01
40                                     9.5513121064686579e-01
   &BVA [&Type "ArrayOfDoubles", &Dim (41,1)] "Mayer's bonded valence"
                                                         0

0                                      4.0035563987948182e+00
1                                      3.9633164058206241e+00
2                                      2.1611577239325217e+00
3                                      4.9950253717069346e+00
4                                      2.0811735072252833e+00
5                                      2.2023308073781229e+00
6                                      4.0066250712096370e+00
7                                      3.9812813641446199e+00
8                                      2.2609048775597382e+00
9                                      3.8305893932898463e+00
10                                     2.2619124258845416e+00
11                                     4.9712994560792714e+00
12                                     2.0610961370093643e+00
13                                     2.1577925530465860e+00
14                                     4.0173924847864448e+00
15                                     3.9925768197314730e+00
16                                     2.1649642082171856e+00
17                                     3.9940524526868777e+00
18                                     3.9902421322455526e+00
19                                     9.5929466558329501e-01
20                                     9.5843253800576034e-01
21                                     9.5436494346818590e-01
22                                     9.5904752472930410e-01
23                                     9.9367661165882837e-01
24                                     9.7046457297375244e-01
25                                     9.4853477656151919e-01
26                                     9.8042020123974916e-01
27                                     9.8534933183445583e-01
28                                     9.5321168735498807e-01
29                                     9.3269594677264367e-01
30                                     9.9089176640555499e-01
31                                     9.4702232453783397e-01
32                                     9.8045892724029582e-01
33                                     9.5758656955693733e-01
34                                     9.5571583130308280e-01
35                                     9.7390502219651787e-01
36                                     9.8182546895391876e-01
37                                     9.5157483417638999e-01
38                                     9.5757340001256852e-01
39                                     9.8261370497732936e-01
40                                     9.5513121064686202e-01
   &FA [&Type "ArrayOfDoubles", &Dim (41,1)] "Mayer's free valence"
                                                         0

0                                      0.0000000000000000e+00
1                                      0.0000000000000000e+00
2                                      0.0000000000000000e+00
3                                      0.0000000000000000e+00
4                                      0.0000000000000000e+00
5                                      0.0000000000000000e+00
6                                      0.0000000000000000e+00
7                                      0.0000000000000000e+00
8                                      0.0000000000000000e+00
9                                      0.0000000000000000e+00
10                                     0.0000000000000000e+00
11                                     0.0000000000000000e+00
12                                     0.0000000000000000e+00
13                                     0.0000000000000000e+00
14                                     0.0000000000000000e+00
15                                     0.0000000000000000e+00
16                                     0.0000000000000000e+00
17                                     0.0000000000000000e+00
18                                     0.0000000000000000e+00
19                                     0.0000000000000000e+00
20                                     0.0000000000000000e+00
21                                     0.0000000000000000e+00
22                                     0.0000000000000000e+00
23                                     0.0000000000000000e+00
24                                     0.0000000000000000e+00
25                                     0.0000000000000000e+00
26                                     0.0000000000000000e+00
27                                     0.0000000000000000e+00
28                                     0.0000000000000000e+00
29                                     0.0000000000000000e+00
30                                     0.0000000000000000e+00
31                                     0.0000000000000000e+00
32                                     0.0000000000000000e+00
33                                     0.0000000000000000e+00
34                                     0.0000000000000000e+00
35                                     0.0000000000000000e+00
36                                     0.0000000000000000e+00
37                                     0.0000000000000000e+00
38                                     0.0000000000000000e+00
39                                     0.0000000000000000e+00
40                                     0.0000000000000000e+00
$End
$VdW_Correction
   &GeometryIndex 1
   &ListStatus       OUT
   &VDW [&Type "Double"]      -6.6863768208469732e-02
$End
$Calculation_Info
   &GeometryIndex 1
   &ListStatus       OUT
   &MULT [&Type "Integer"] 1
   &CHARGE [&Type "Integer"] 0
   &NUMOFATOMS [&Type "Integer"] 41
   &NUMOFELECTRONS [&Type "Integer"] 202
   &NUMOFFCELECTRONS [&Type "Integer"] 1
   &NUMOFCORRELECTRONS [&Type "Integer"] 0
   &NUMOFBASISFUNCTS [&Type "Integer"] 334
   &NUMOFAUXCBASISFUNCTS [&Type "Integer"] 0
   &NUMOFAUXJBASISFUNCTS [&Type "Integer"] 1185
   &NUMOFAUXJKBASISFUNCTS [&Type "Integer"] 0
   &NUMOFCABSBASISFUNCTS [&Type "Integer"] 0
   &TOTALENERGY [&Type "Double"]      -2.9295137659083734e+03  "Hartrees"
$End
$SCF_Dipole_Moment
   &GeometryIndex 1
   &ListStatus       OUT
   &METHOD [&Type "String"] "SCF"
   &LEVEL [&Type "String"] "Relaxed density"
   &MULT [&Type "Integer"] 1
   &STATE [&Type "Integer"] -1
   &IRREP [&Type "Integer"] 0
   &NATOMS [&Type "Integer"] 41
   &DODIPOLEATOM [&Type "Boolean"] false
   &DIPOLEELECCONTRIB [&Type "ArrayOfDoubles", &Dim (3,1)] "Electronic contribution"
                                                         0

0                                      3.1928470897999830e+00
1                                      1.5664371923665925e+00
2                                     -2.2113656737823986e+00
   &DIPOLENUCCONTRIB [&Type "ArrayOfDoubles", &Dim (3,1)] "Nuclear contribution"
                                                         0

0                                     -3.0330511922638541e+00
1                                     -2.9652118561639407e+00
2                                      2.4155385083295959e+00
   &DIPOLETOTAL [&Type "ArrayOfDoubles", &Dim (3,1)] "Total"
                                                         0

0                                      1.5979589753612888e-01
1                                     -1.3987746637973482e+00
2                                      2.0417283454719737e-01
   &DIPOLEMAGNITUDE [&Type "Double", &Units "a.u."]       1.4226003779409728e+00
$End
