*************************************************
******************* ORCA 6.0.0 ******************
*************************************************
$Calculation_Status
   &GeometryIndex 1
   &ListStatus       OUT
   &VERSION [&Type "String"] "6.0.0"
   &PROGNAME [&Type "String"] "LeanSCF"
   &STATUS [&Type "String"] "NORMAL TERMINATION"
$End
$Geometry
   &GeometryIndex 1
   &ListStatus       OUT
   &NATOMS [&Type "Integer"] 41
   &NCORELESSECP [&Type "Integer"] 0
   &NGHOSTATOMS [&Type "Integer"] 0
   &CartesianCoordinates [&Type "Coordinates", &Dim(41,4), &Units "Bohr"] 
              C      9.806582601641   -1.590983678236   -4.467747543389
              C      7.067822669679   -2.111563727564   -3.811910792568
              O      6.622162454724   -1.214562420337   -1.278614623773
              P      3.884893811289   -0.485979804811   -0.290656766557
              S      1.953908321981    1.584397631738   -2.691365879448
              O      4.451378814608    0.693969501218    2.392168913447
              C      4.936991275367    3.347646047703    2.770253087637
              C      7.314306166236    4.199138267384    1.428998032302
              S      2.480501532401   -4.050882743016    0.797566656085
              C     -0.607080347871   -3.213792193665    2.026931330897
              S     -2.896423802574   -2.495565879609   -0.438789269753
              P     -4.230597625117    0.999790991376    1.049283520890
              S     -1.785080194657    3.049414588894    2.916451316484
              O     -6.490663337777    0.296563596161    2.854403282508
              C     -8.644577601699   -1.214078675958    2.072699358167
              C     -8.538994933505   -3.794086582168    3.311762730353
              O     -5.681517726280    2.313069062502   -1.218327121403
              C     -4.519581147652    3.463513602349   -3.395589356489
              C     -4.473847789865    1.648808498769   -5.610354608880
              H     11.036764859474   -2.511132982218   -3.106832115052
              H     10.197700683172   -2.321891920567   -6.342998990798
              H     10.174010009607    0.428734238439   -4.438263721987
              H      6.653910187689   -4.134621744630   -3.853616323445
              H      5.778501692511   -1.127340061785   -5.098314078505
              H      3.286898311981    4.413739891601    2.121409319964
              H      5.094112156984    3.524090357162    4.817899750238
              H      7.705685000304    6.152159873171    1.918919280296
              H      8.900388522270    3.016833440028    1.981733521307
              H      7.052821102575    4.059745845445   -0.608505145818
              H     -0.431076315688   -1.567084059731    3.260656152866
              H     -1.246801055585   -4.867592528739    3.062708758200
              H    -10.290638822284   -0.143734224012    2.700839174634
              H     -8.657179199605   -1.363974804997    0.015520280298
              H     -8.336149370589   -3.587915845430    5.344411315418
              H    -10.278707692786   -4.801082591145    2.904436159746
              H     -6.953144137708   -4.879084776902    2.585174380988
              H     -5.700129093976    5.107120066796   -3.795360949600
              H     -2.610683683521    4.088981744605   -2.910083494426
              H     -3.763740078864    2.638352879908   -7.259755114249
              H     -3.229463896584    0.062140615439   -5.213316208502
              H     -6.364472005549    0.946582621744   -5.991895496192
$End
$SCF_Energy
   &GeometryIndex 1
   &ListStatus       OUT
   &SCF_ENERGY [&Type "Double"]      -2.9296362419281522e+03
$End
$DFT_Energy
   &GeometryIndex 1
   &ListStatus       OUT
   &NALPHAEL [&Type "Integer"] 100
   &NBETAEL [&Type "Integer"] 100
   &NTOTALEL [&Type "Integer"] 201
   &EEXCHANGE [&Type "Double"]      -2.3181102247860559e+02
   &ECORR [&Type "Double"]      -7.2939293953283730e+00
   &ECNL [&Type "Double"]       0.0000000000000000e+00
   &EXC [&Type "Double"]      -2.3910495187393397e+02
   &EEMBED [&Type "Double"]       0.0000000000000000e+00
   &FINALEN [&Type "Double"]      -2.9296362419281522e+03  "No Van der Waals correction"
$End
$Mulliken_Population_Analysis
   &GeometryIndex 1
   &ListStatus       OUT
   &NATOMS [&Type "Integer"] 41
   &ATNO [&Type "ArrayOfIntegers", &Dim (41,1)] 
                                                         0

0                                                        6
1                                                        6
2                                                        8
3                                                       15
4                                                       16
5                                                        8
6                                                        6
7                                                        6
8                                                       16
9                                                        6
10                                                      16
11                                                      15
12                                                      16
13                                                       8
14                                                       6
15                                                       6
16                                                       8
17                                                       6
18                                                       6
19                                                       1
20                                                       1
21                                                       1
22                                                       1
23                                                       1
24                                                       1
25                                                       1
26                                                       1
27                                                       1
28                                                       1
29                                                       1
30                                                       1
31                                                       1
32                                                       1
33                                                       1
34                                                       1
35                                                       1
36                                                       1
37                                                       1
38                                                       1
39                                                       1
40                                                       1
   &ATOMICCHARGES [&Type "ArrayOfDoubles", &Dim (41,1)] 
                                                         0

0                                     -2.8440236972511190e-01
1                                     -1.0258716593573247e-02
2                                     -3.7804510451857176e-01
3                                      6.2979734418680877e-01
4                                     -3.3638524935264158e-01
5                                     -3.6366819190141797e-01
6                                     -1.0196785798163965e-02
7                                     -3.1060412661458425e-01
8                                     -9.4309343793089084e-02
9                                     -3.4714039205127545e-01
10                                    -1.0526794829841180e-01
11                                     6.0663473764800457e-01
12                                    -3.0794869006888348e-01
13                                    -3.5895810185770749e-01
14                                    -7.5372428868973884e-03
15                                    -2.9001084134426236e-01
16                                    -3.7912853283507530e-01
17                                    -1.2388292571761994e-02
18                                    -3.1034416611814564e-01
19                                     1.1750272265960182e-01
20                                     1.1158530744903639e-01
21                                     1.2070841415312072e-01
22                                     1.0238375227558627e-01
23                                     1.0481605818900852e-01
24                                     1.3078450536169572e-01
25                                     1.0498828684991768e-01
26                                     1.1118510106303858e-01
27                                     1.1504572497523746e-01
28                                     1.2187880962362097e-01
29                                     1.9571064130646509e-01
30                                     1.8131827352057317e-01
31                                     1.1119632824972903e-01
32                                     1.0266667252760364e-01
33                                     1.1971050063208866e-01
34                                     1.0859543124678261e-01
35                                     1.1632390908345402e-01
36                                     1.0468848072516823e-01
37                                     1.2839570566106984e-01
38                                     1.1137677274783297e-01
39                                     1.4065208410232288e-01
40                                     1.0864853209185388e-01
$End
$Loewdin_Population_Analysis
   &GeometryIndex 1
   &ListStatus       OUT
   &NATOMS [&Type "Integer"] 41
   &ATNO [&Type "ArrayOfIntegers", &Dim (41,1)] 
                                                         0

0                                                        6
1                                                        6
2                                                        8
3                                                       15
4                                                       16
5                                                        8
6                                                        6
7                                                        6
8                                                       16
9                                                        6
10                                                      16
11                                                      15
12                                                      16
13                                                       8
14                                                       6
15                                                       6
16                                                       8
17                                                       6
18                                                       6
19                                                       1
20                                                       1
21                                                       1
22                                                       1
23                                                       1
24                                                       1
25                                                       1
26                                                       1
27                                                       1
28                                                       1
29                                                       1
30                                                       1
31                                                       1
32                                                       1
33                                                       1
34                                                       1
35                                                       1
36                                                       1
37                                                       1
38                                                       1
39                                                       1
40                                                       1
   &ATOMICCHARGES [&Type "ArrayOfDoubles", &Dim (41,1)] 
                                                         0

0                                      6.4596438745693555e-03
1                                      8.9116005856577071e-02
2                                      5.0480656696981629e-01
3                                      5.0630154962805832e-02
4                                      8.7582944418427796e-05
5                                      2.5434360516408111e-01
6                                      2.0452703878800927e-02
7                                      1.1055255716715460e-03
8                                      4.9764908631438280e-04
9                                      3.3759239296219523e-04
10                                     5.7434425662493432e-05
11                                     3.4253358953459071e-03
12                                     5.2684178656498333e-05
13                                     2.5369895296716516e-02
14                                     2.7362871902950961e-03
15                                     1.0613551501557393e-04
16                                     3.2906760544567287e-02
17                                     6.5472885157417185e-03
18                                     8.8360793684832836e-05
19                                     5.9879556622539392e-06
20                                     9.5325012624812003e-05
21                                     1.4595252987732917e-05
22                                     6.3481255948433425e-05
23                                     2.1244373589507609e-04
24                                     2.6159823127265436e-05
25                                     1.5865002424997923e-04
26                                     1.0814279252143073e-04
27                                     4.0242302964246035e-05
28                                     3.0488493372101789e-05
29                                     2.6495016501444090e-06
30                                     3.6178655299818958e-07
31                                     5.8101287160341575e-06
32                                     1.8644228825073012e-05
33                                     4.9250777098029364e-07
34                                     5.0637110709765325e-06
35                                     1.2608928178578476e-07
36                                     5.6548165196518995e-05
37                                     1.9889719088282015e-05
38                                     5.1314060357151403e-06
39                                     2.2177666882232424e-06
40                                     3.3528206689669009e-07
$End
$Mayer_Population_Analysis
   &GeometryIndex 1
   &ListStatus       OUT
   &NATOMS [&Type "Integer"] 41 "Total number of atoms"
   &BONDTHRESH [&Type "Double"]       1.0000000000000001e-01  "The threshold for printing"
   &NBONDORDERSPRINT [&Type "Integer"] 43 "The number of bond orders larger than threshold"
   &BONDORDERS [&Type "ArrayOfDoubles", &Dim (43,1)] "The bond orders"
                                                         0

0                                      1.1604772750356391e+00
1                                      9.5028019928595608e-01
2                                      9.4172281100978272e-01
3                                      9.5137241277511364e-01
4                                      9.0508457127463093e-01
5                                      9.3112507839526870e-01
6                                      9.0412790602326121e-01
7                                      1.1001786199295849e+00
8                                      1.6157052702169765e+00
9                                      1.1411712641135245e+00
10                                     9.6901238643697851e-01
11                                     1.1590247485631409e-01
12                                     8.9671395687608368e-01
13                                     1.1632291890111328e+00
14                                     9.1009939680735352e-01
15                                     9.3589926342613228e-01
16                                     9.3820682485815821e-01
17                                     9.4470750773557199e-01
18                                     9.3329452724838913e-01
19                                     1.0052731764924145e+00
20                                     9.8825027713064051e-01
21                                     8.5312702829250020e-01
22                                     9.1063242391609767e-01
23                                     9.4047664890694638e-01
24                                     1.1341966636541959e-01
25                                     1.6340623352120507e+00
26                                     1.1303469316325800e+00
27                                     1.1134129057301174e+00
28                                     1.0397811492461184e-01
29                                     8.9206944086584095e-01
30                                     1.1637577501729466e+00
31                                     9.3466030042750026e-01
32                                     9.1755872101927427e-01
33                                     9.4636524892745710e-01
34                                     9.4008475001678826e-01
35                                     9.3802510766756453e-01
36                                     8.9459165303412769e-01
37                                     1.1721945395970605e+00
38                                     9.3388436262031660e-01
39                                     9.0479904920456145e-01
40                                     9.3989812505794590e-01
41                                     9.3067721863796227e-01
42                                     9.4714399309322916e-01
   &COMPONENTS [&Type "ArrayOfIntegers", &Dim (43,4)] "The indices and atomic numbers of the bonding atoms"
                                                         0                           1                           2                           3

0                                                        0                           6                           1                           6
1                                                        0                           6                          19                           1
2                                                        0                           6                          20                           1
3                                                        0                           6                          21                           1
4                                                        1                           6                           2                           8
5                                                        1                           6                          22                           1
6                                                        1                           6                          23                           1
7                                                        2                           8                           3                          15
8                                                        3                          15                           4                          16
9                                                        3                          15                           5                           8
10                                                       3                          15                           8                          16
11                                                       4                          16                           8                          16
12                                                       5                           8                           6                           6
13                                                       6                           6                           7                           6
14                                                       6                           6                          24                           1
15                                                       6                           6                          25                           1
16                                                       7                           6                          26                           1
17                                                       7                           6                          27                           1
18                                                       7                           6                          28                           1
19                                                       8                          16                           9                           6
20                                                       9                           6                          10                          16
21                                                       9                           6                          29                           1
22                                                       9                           6                          30                           1
23                                                      10                          16                          11                          15
24                                                      10                          16                          12                          16
25                                                      11                          15                          12                          16
26                                                      11                          15                          13                           8
27                                                      11                          15                          16                           8
28                                                      12                          16                          29                           1
29                                                      13                           8                          14                           6
30                                                      14                           6                          15                           6
31                                                      14                           6                          31                           1
32                                                      14                           6                          32                           1
33                                                      15                           6                          33                           1
34                                                      15                           6                          34                           1
35                                                      15                           6                          35                           1
36                                                      16                           8                          17                           6
37                                                      17                           6                          18                           6
38                                                      17                           6                          36                           1
39                                                      17                           6                          37                           1
40                                                      18                           6                          38                           1
41                                                      18                           6                          39                           1
42                                                      18                           6                          40                           1
   &ATNO [&Type "ArrayOfIntegers", &Dim (41,1)] "Atomic number of the elements"
                                                         0

0                                                        6
1                                                        6
2                                                        8
3                                                       15
4                                                       16
5                                                        8
6                                                        6
7                                                        6
8                                                       16
9                                                        6
10                                                      16
11                                                      15
12                                                      16
13                                                       8
14                                                       6
15                                                       6
16                                                       8
17                                                       6
18                                                       6
19                                                       1
20                                                       1
21                                                       1
22                                                       1
23                                                       1
24                                                       1
25                                                       1
26                                                       1
27                                                       1
28                                                       1
29                                                       1
30                                                       1
31                                                       1
32                                                       1
33                                                       1
34                                                       1
35                                                       1
36                                                       1
37                                                       1
38                                                       1
39                                                       1
40                                                       1
   &NA [&Type "ArrayOfDoubles", &Dim (41,1)] "Mulliken gross atomic population"
                                                         0

0                                      6.2844023697251101e+00
1                                      6.0102587165935759e+00
2                                      8.3780451045185735e+00
3                                      1.4370202655813230e+01
4                                      1.6336385249352702e+01
5                                      8.3636681919014411e+00
6                                      6.0101967857981462e+00
7                                      6.3106041266145843e+00
8                                      1.6094309343793149e+01
9                                      6.3471403920512790e+00
10                                     1.6105267948298412e+01
11                                     1.4393365262352026e+01
12                                     1.6307948690068901e+01
13                                     8.3589581018577110e+00
14                                     6.0075372428868867e+00
15                                     6.2900108413442384e+00
16                                     8.3791285328350806e+00
17                                     6.0123882925717442e+00
18                                     6.3103441661181456e+00
19                                     8.8249727734039851e-01
20                                     8.8841469255096317e-01
21                                     8.7929158584687916e-01
22                                     8.9761624772441362e-01
23                                     8.9518394181099215e-01
24                                     8.6921549463830505e-01
25                                     8.9501171315008188e-01
26                                     8.8881489893696186e-01
27                                     8.8495427502476165e-01
28                                     8.7812119037637870e-01
29                                     8.0428935869353524e-01
30                                     8.1868172647942605e-01
31                                     8.8880367175027031e-01
32                                     8.9733332747239614e-01
33                                     8.8028949936791112e-01
34                                     8.9140456875321750e-01
35                                     8.8367609091654542e-01
36                                     8.9531151927483132e-01
37                                     8.7160429433893050e-01
38                                     8.8862322725216769e-01
39                                     8.5934791589767723e-01
40                                     8.9135146790814668e-01
   &ZA [&Type "ArrayOfDoubles", &Dim (41,1)] "Total nuclear charge"
                                                         0

0                                      6.0000000000000000e+00
1                                      6.0000000000000000e+00
2                                      8.0000000000000000e+00
3                                      1.5000000000000000e+01
4                                      1.6000000000000000e+01
5                                      8.0000000000000000e+00
6                                      6.0000000000000000e+00
7                                      6.0000000000000000e+00
8                                      1.6000000000000000e+01
9                                      6.0000000000000000e+00
10                                     1.6000000000000000e+01
11                                     1.5000000000000000e+01
12                                     1.6000000000000000e+01
13                                     8.0000000000000000e+00
14                                     6.0000000000000000e+00
15                                     6.0000000000000000e+00
16                                     8.0000000000000000e+00
17                                     6.0000000000000000e+00
18                                     6.0000000000000000e+00
19                                     1.0000000000000000e+00
20                                     1.0000000000000000e+00
21                                     1.0000000000000000e+00
22                                     1.0000000000000000e+00
23                                     1.0000000000000000e+00
24                                     1.0000000000000000e+00
25                                     1.0000000000000000e+00
26                                     1.0000000000000000e+00
27                                     1.0000000000000000e+00
28                                     1.0000000000000000e+00
29                                     1.0000000000000000e+00
30                                     1.0000000000000000e+00
31                                     1.0000000000000000e+00
32                                     1.0000000000000000e+00
33                                     1.0000000000000000e+00
34                                     1.0000000000000000e+00
35                                     1.0000000000000000e+00
36                                     1.0000000000000000e+00
37                                     1.0000000000000000e+00
38                                     1.0000000000000000e+00
39                                     1.0000000000000000e+00
40                                     1.0000000000000000e+00
   &QA [&Type "ArrayOfDoubles", &Dim (41,1)] "Mulliken gross atomic charge"
                                                         0

0                                     -2.8440236972511013e-01
1                                     -1.0258716593575912e-02
2                                     -3.7804510451857354e-01
3                                      6.2979734418676969e-01
4                                     -3.3638524935270198e-01
5                                     -3.6366819190144106e-01
6                                     -1.0196785798146202e-02
7                                     -3.1060412661458425e-01
8                                     -9.4309343793149480e-02
9                                     -3.4714039205127900e-01
10                                    -1.0526794829841180e-01
11                                     6.0663473764797438e-01
12                                    -3.0794869006890124e-01
13                                    -3.5895810185771104e-01
14                                    -7.5372428868867303e-03
15                                    -2.9001084134423838e-01
16                                    -3.7912853283508063e-01
17                                    -1.2388292571744230e-02
18                                    -3.1034416611814564e-01
19                                     1.1750272265960149e-01
20                                     1.1158530744903683e-01
21                                     1.2070841415312084e-01
22                                     1.0238375227558638e-01
23                                     1.0481605818900785e-01
24                                     1.3078450536169495e-01
25                                     1.0498828684991812e-01
26                                     1.1118510106303814e-01
27                                     1.1504572497523835e-01
28                                     1.2187880962362130e-01
29                                     1.9571064130646476e-01
30                                     1.8131827352057395e-01
31                                     1.1119632824972969e-01
32                                     1.0266667252760386e-01
33                                     1.1971050063208888e-01
34                                     1.0859543124678250e-01
35                                     1.1632390908345458e-01
36                                     1.0468848072516868e-01
37                                     1.2839570566106950e-01
38                                     1.1137677274783231e-01
39                                     1.4065208410232277e-01
40                                     1.0864853209185332e-01
   &VA [&Type "ArrayOfDoubles", &Dim (41,1)] "Mayer's total valence"
                                                         0

0                                      4.0040638667870843e+00
1                                      3.9655682524240579e+00
2                                      2.1687758391295162e+00
3                                      4.9944448723669828e+00
4                                      2.0887158017422816e+00
5                                      2.1873477684227196e+00
6                                      3.9945701279060550e+00
7                                      3.9916637029559858e+00
8                                      2.2491961754513889e+00
9                                      3.8094731836536337e+00
10                                     2.2793223617371603e+00
11                                     4.9853880084054003e+00
12                                     2.0674784778191242e+00
13                                     2.1534590091044836e+00
14                                     4.0091472484720461e+00
15                                     3.9869344805731957e+00
16                                     2.1840639297061397e+00
17                                     3.9925687012708657e+00
18                                     3.9954708962177956e+00
19                                     9.5812870881277845e-01
20                                     9.5432851114743544e-01
21                                     9.6056802400664409e-01
22                                     9.5267814396318595e-01
23                                     1.0011170310676030e+00
24                                     9.7563319141646099e-01
25                                     9.5102681244989407e-01
26                                     9.5382468345663796e-01
27                                     9.6034981575754452e-01
28                                     9.8576790503866485e-01
29                                     9.9810703668108935e-01
30                                     9.3009900796514811e-01
31                                     9.4824808956686646e-01
32                                     9.7303506293110575e-01
33                                     9.5875318506539275e-01
34                                     9.5519425886069043e-01
35                                     9.8380039154019416e-01
36                                     9.4780235438288907e-01
37                                     9.8606390973201730e-01
38                                     9.5715757650918054e-01
39                                     9.7743176889655392e-01
40                                     9.5728025458165422e-01
   &BVA [&Type "ArrayOfDoubles", &Dim (41,1)] "Mayer's bonded valence"
                                                         0

0                                      4.0040638667870772e+00
1                                      3.9655682524240534e+00
2                                      2.1687758391295224e+00
3                                      4.9944448723669312e+00
4                                      2.0887158017421381e+00
5                                      2.1873477684226619e+00
6                                      3.9945701279060928e+00
7                                      3.9916637029559650e+00
8                                      2.2491961754512548e+00
9                                      3.8094731836536377e+00
10                                     2.2793223617371101e+00
11                                     4.9853880084054270e+00
12                                     2.0674784778191095e+00
13                                     2.1534590091044881e+00
14                                     4.0091472484720878e+00
15                                     3.9869344805732370e+00
16                                     2.1840639297061255e+00
17                                     3.9925687012708462e+00
18                                     3.9954708962177610e+00
19                                     9.5812870881276746e-01
20                                     9.5432851114743844e-01
21                                     9.6056802400663721e-01
22                                     9.5267814396319217e-01
23                                     1.0011170310675959e+00
24                                     9.7563319141645943e-01
25                                     9.5102681244989851e-01
26                                     9.5382468345664040e-01
27                                     9.6034981575754219e-01
28                                     9.8576790503866063e-01
29                                     9.9810703668109757e-01
30                                     9.3009900796515410e-01
31                                     9.4824808956687023e-01
32                                     9.7303506293110154e-01
33                                     9.5875318506539442e-01
34                                     9.5519425886069753e-01
35                                     9.8380039154019983e-01
36                                     9.4780235438288718e-01
37                                     9.8606390973200997e-01
38                                     9.5715757650917144e-01
39                                     9.7743176889654382e-01
40                                     9.5728025458166000e-01
   &FA [&Type "ArrayOfDoubles", &Dim (41,1)] "Mayer's free valence"
                                                         0

0                                      0.0000000000000000e+00
1                                      0.0000000000000000e+00
2                                      0.0000000000000000e+00
3                                      0.0000000000000000e+00
4                                      0.0000000000000000e+00
5                                      0.0000000000000000e+00
6                                      0.0000000000000000e+00
7                                      0.0000000000000000e+00
8                                      0.0000000000000000e+00
9                                      0.0000000000000000e+00
10                                     0.0000000000000000e+00
11                                     0.0000000000000000e+00
12                                     0.0000000000000000e+00
13                                     0.0000000000000000e+00
14                                     0.0000000000000000e+00
15                                     0.0000000000000000e+00
16                                     0.0000000000000000e+00
17                                     0.0000000000000000e+00
18                                     0.0000000000000000e+00
19                                     0.0000000000000000e+00
20                                     0.0000000000000000e+00
21                                     0.0000000000000000e+00
22                                     0.0000000000000000e+00
23                                     0.0000000000000000e+00
24                                     0.0000000000000000e+00
25                                     0.0000000000000000e+00
26                                     0.0000000000000000e+00
27                                     0.0000000000000000e+00
28                                     0.0000000000000000e+00
29                                     0.0000000000000000e+00
30                                     0.0000000000000000e+00
31                                     0.0000000000000000e+00
32                                     0.0000000000000000e+00
33                                     0.0000000000000000e+00
34                                     0.0000000000000000e+00
35                                     0.0000000000000000e+00
36                                     0.0000000000000000e+00
37                                     0.0000000000000000e+00
38                                     0.0000000000000000e+00
39                                     0.0000000000000000e+00
40                                     0.0000000000000000e+00
$End
$VdW_Correction
   &GeometryIndex 1
   &ListStatus       OUT
   &VDW [&Type "Double"]      -6.5563005603007804e-02
$End
$Calculation_Info
   &GeometryIndex 1
   &ListStatus       OUT
   &MULT [&Type "Integer"] 1
   &CHARGE [&Type "Integer"] 0
   &NUMOFATOMS [&Type "Integer"] 41
   &NUMOFELECTRONS [&Type "Integer"] 202
   &NUMOFFCELECTRONS [&Type "Integer"] 1
   &NUMOFCORRELECTRONS [&Type "Integer"] 0
   &NUMOFBASISFUNCTS [&Type "Integer"] 334
   &NUMOFAUXCBASISFUNCTS [&Type "Integer"] 0
   &NUMOFAUXJBASISFUNCTS [&Type "Integer"] 1185
   &NUMOFAUXJKBASISFUNCTS [&Type "Integer"] 0
   &NUMOFCABSBASISFUNCTS [&Type "Integer"] 0
   &TOTALENERGY [&Type "Double"]      -2.9295177683665552e+03  "Hartrees"
$End
$SCF_Dipole_Moment
   &GeometryIndex 1
   &ListStatus       OUT
   &METHOD [&Type "String"] "SCF"
   &LEVEL [&Type "String"] "Relaxed density"
   &MULT [&Type "Integer"] 1
   &STATE [&Type "Integer"] -1
   &IRREP [&Type "Integer"] 0
   &NATOMS [&Type "Integer"] 41
   &DODIPOLEATOM [&Type "Boolean"] false
   &DIPOLEELECCONTRIB [&Type "ArrayOfDoubles", &Dim (3,1)] "Electronic contribution"
                                                         0

0                                     -4.2794315625331905e+00
1                                     -1.9213699501901007e+00
2                                      8.6245499792852680e+00
   &DIPOLENUCCONTRIB [&Type "ArrayOfDoubles", &Dim (3,1)] "Nuclear contribution"
                                                         0

0                                      4.1395420673044372e+00
1                                      1.3581483084757064e+00
2                                     -9.2353070414287508e+00
   &DIPOLETOTAL [&Type "ArrayOfDoubles", &Dim (3,1)] "Total"
                                                         0

0                                     -1.3988949522875327e-01
1                                     -5.6322164171439426e-01
2                                     -6.1075706214348280e-01
   &DIPOLEMAGNITUDE [&Type "Double", &Units "a.u."]       8.4250333977317327e-01
$End
