*************************************************
******************* ORCA 6.0.0 ******************
*************************************************
$Calculation_Status
   &GeometryIndex 1
   &ListStatus       OUT
   &VERSION [&Type "String"] "6.0.0"
   &PROGNAME [&Type "String"] "LeanSCF"
   &STATUS [&Type "String"] "NORMAL TERMINATION"
$End
$Geometry
   &GeometryIndex 1
   &ListStatus       OUT
   &NATOMS [&Type "Integer"] 41
   &NCORELESSECP [&Type "Integer"] 0
   &NGHOSTATOMS [&Type "Integer"] 0
   &CartesianCoordinates [&Type "Coordinates", &Dim(41,4), &Units "Bohr"] 
              C      8.590742427861    1.798170167904   -3.993108674858
              C      9.150130471898   -0.272716263544   -2.097600686859
              O      6.915141637630   -1.663420779833   -1.415965593845
              P      4.675134316816   -0.425228919482    0.162569857225
              S      5.800932247936    1.865991505515    2.858506260803
              O      3.164134424419   -2.845686369671    1.060778921117
              C      4.131047852992   -4.419326142584    3.081747821564
              C      1.916874097920   -5.663436320562    4.398403080468
              S      2.146346569704    1.030937316731   -2.530971796013
              C      0.396790793153    3.042547055593   -0.364409911605
              S     -1.597390810945    1.324204270345    1.818443138531
              P     -4.524580646608    0.356134270985   -0.810232131269
              S     -3.743207608021   -2.019428136433   -3.527060797452
              O     -5.396519691719    3.003868742017   -1.872198923651
              C     -6.451172064018    5.000355183287   -0.314495953321
              C     -9.311989685705    4.911446195216   -0.354018181361
              O     -6.789984605616   -0.449948547793    0.990343353947
              C     -7.156762579338   -3.021395163137    1.791098506198
              C     -4.992705059781   -3.945221968850    3.418371417793
              H     10.351716171787    2.646529596766   -4.613549563752
              H      7.590781966412    1.030629121485   -5.615760301633
              H      7.419671023273    3.249523487650   -3.121061489791
              H      9.971123569458    0.522706955556   -0.373237711682
              H     10.405808585729   -1.707676081143   -2.880182121971
              H      5.394757869809   -5.812463279326    2.231268423659
              H      5.207934185891   -3.226177121809    4.387309199235
              H      0.824347147530   -6.757080288259    3.047541431878
              H      2.624504916343   -6.907747272493    5.866594970281
              H      0.706046099000   -4.235879280593    5.242693026052
              H     -0.744693491932    4.290078530958   -1.532281868497
              H      1.731244882113    4.105183538949    0.792592770666
              H     -5.722637161998    4.810499944958    1.609060209973
              H     -5.749374618899    6.743881385339   -1.165711258959
              H     -9.990486309272    4.995991130444   -2.290153571983
              H     -9.984404834580    3.174310568281    0.508778805431
              H    -10.045362084427    6.516462893362    0.692179445099
              H     -8.933974094024   -2.968611115257    2.834154276255
              H     -7.356934182987   -4.205523716052    0.107636155161
              H     -4.688722741992   -2.667147092435    4.998662504755
              H     -5.414991419425   -5.822720534013    4.126570493115
              H     -3.273383934778   -4.026908715789    2.288400110788
$End
$SCF_Energy
   &GeometryIndex 1
   &ListStatus       OUT
   &SCF_ENERGY [&Type "Double"]      -2.9296391995908130e+03
$End
$DFT_Energy
   &GeometryIndex 1
   &ListStatus       OUT
   &NALPHAEL [&Type "Integer"] 100
   &NBETAEL [&Type "Integer"] 100
   &NTOTALEL [&Type "Integer"] 201
   &EEXCHANGE [&Type "Double"]      -2.3180691857923682e+02
   &ECORR [&Type "Double"]      -7.2918904001031217e+00
   &ECNL [&Type "Double"]       0.0000000000000000e+00
   &EXC [&Type "Double"]      -2.3909880897933994e+02
   &EEMBED [&Type "Double"]       0.0000000000000000e+00
   &FINALEN [&Type "Double"]      -2.9296391995908130e+03  "No Van der Waals correction"
$End
$Mulliken_Population_Analysis
   &GeometryIndex 1
   &ListStatus       OUT
   &NATOMS [&Type "Integer"] 41
   &ATNO [&Type "ArrayOfIntegers", &Dim (41,1)] 
                                                         0

0                                                        6
1                                                        6
2                                                        8
3                                                       15
4                                                       16
5                                                        8
6                                                        6
7                                                        6
8                                                       16
9                                                        6
10                                                      16
11                                                      15
12                                                      16
13                                                       8
14                                                       6
15                                                       6
16                                                       8
17                                                       6
18                                                       6
19                                                       1
20                                                       1
21                                                       1
22                                                       1
23                                                       1
24                                                       1
25                                                       1
26                                                       1
27                                                       1
28                                                       1
29                                                       1
30                                                       1
31                                                       1
32                                                       1
33                                                       1
34                                                       1
35                                                       1
36                                                       1
37                                                       1
38                                                       1
39                                                       1
40                                                       1
   &ATOMICCHARGES [&Type "ArrayOfDoubles", &Dim (41,1)] 
                                                         0

0                                     -3.1622210055042288e-01
1                                     -3.2051458426263224e-03
2                                     -3.7834174235730345e-01
3                                      6.1063926285573267e-01
4                                     -3.4822455956727438e-01
5                                     -3.5670354757255929e-01
6                                     -1.2418213505522857e-02
7                                     -2.9103032635031489e-01
8                                     -3.9795132382849374e-02
9                                     -3.7493502633233788e-01
10                                    -8.3689925910743312e-02
11                                     5.8671816245956876e-01
12                                    -2.9359440853952989e-01
13                                    -3.6540567937393220e-01
14                                    -1.7435679109491176e-02
15                                    -2.8625647961757927e-01
16                                    -3.8331958665274968e-01
17                                     1.3029721427717966e-02
18                                    -3.6149300697010389e-01
19                                     1.1267696036416064e-01
20                                     1.2060069046081645e-01
21                                     1.2425934710021036e-01
22                                     1.1072548950399219e-01
23                                     1.0491372327502568e-01
24                                     1.0415697185478168e-01
25                                     1.0280576040726386e-01
26                                     1.2652021557875459e-01
27                                     1.0790719352205924e-01
28                                     1.2917093148431902e-01
29                                     1.8743078501677313e-01
30                                     1.9485012150684589e-01
31                                     1.0395741525663038e-01
32                                     1.0757379485786389e-01
33                                     1.2076516675610249e-01
34                                     1.2346509890698587e-01
35                                     1.0973993476286559e-01
36                                     1.0412792657783387e-01
37                                     1.1303682370833412e-01
38                                     1.2251358779004651e-01
39                                     1.1688230903735786e-01
40                                     1.5360316616330771e-01
$End
$Loewdin_Population_Analysis
   &GeometryIndex 1
   &ListStatus       OUT
   &NATOMS [&Type "Integer"] 41
   &ATNO [&Type "ArrayOfIntegers", &Dim (41,1)] 
                                                         0

0                                                        6
1                                                        6
2                                                        8
3                                                       15
4                                                       16
5                                                        8
6                                                        6
7                                                        6
8                                                       16
9                                                        6
10                                                      16
11                                                      15
12                                                      16
13                                                       8
14                                                       6
15                                                       6
16                                                       8
17                                                       6
18                                                       6
19                                                       1
20                                                       1
21                                                       1
22                                                       1
23                                                       1
24                                                       1
25                                                       1
26                                                       1
27                                                       1
28                                                       1
29                                                       1
30                                                       1
31                                                       1
32                                                       1
33                                                       1
34                                                       1
35                                                       1
36                                                       1
37                                                       1
38                                                       1
39                                                       1
40                                                       1
   &ATOMICCHARGES [&Type "ArrayOfDoubles", &Dim (41,1)] 
                                                         0

0                                      1.7563168319025409e-03
1                                      7.0670734147393902e-02
2                                      3.9427295304135890e-01
3                                      4.9148874672011997e-02
4                                      9.1715638666480594e-05
5                                      4.1345961075393695e-01
6                                      5.5074838231224534e-02
7                                      4.4048974335206713e-03
8                                      6.9797998779959857e-04
9                                      2.6157057187247763e-04
10                                     4.3181262089947820e-05
11                                     5.7123294409377947e-04
12                                     1.5327944523725794e-05
13                                     3.2665739126793354e-03
14                                     3.2769240286215318e-04
15                                     8.1053376624046045e-06
16                                     4.2710242388490412e-03
17                                     6.9785684832402426e-04
18                                     3.0399382422130091e-05
19                                     1.0828772358498451e-04
20                                     2.6950780825577345e-06
21                                     1.0160182217367327e-05
22                                     1.2933056488044619e-04
23                                     4.5831803575648310e-04
24                                     1.3631938780874066e-05
25                                     8.8245969367547339e-05
26                                     2.3436047673558723e-06
27                                     7.6906672629515412e-05
28                                     7.7849810904596278e-06
29                                     1.0325985466573249e-05
30                                     5.4151248193073658e-06
31                                     9.1118200991631719e-07
32                                     1.2925520889735661e-06
33                                     1.3079252422171248e-07
34                                     5.4827420731292863e-08
35                                     5.2721492153401894e-07
36                                     4.8412543564328446e-06
37                                     7.9079736285796293e-07
38                                     7.5814148555959838e-07
39                                     1.8321933611438403e-06
40                                     4.5295998297009807e-06
$End
$Mayer_Population_Analysis
   &GeometryIndex 1
   &ListStatus       OUT
   &NATOMS [&Type "Integer"] 41 "Total number of atoms"
   &BONDTHRESH [&Type "Double"]       1.0000000000000001e-01  "The threshold for printing"
   &NBONDORDERSPRINT [&Type "Integer"] 42 "The number of bond orders larger than threshold"
   &BONDORDERS [&Type "ArrayOfDoubles", &Dim (42,1)] "The bond orders"
                                                         0

0                                      1.1651524760926306e+00
1                                      9.3795047351471139e-01
2                                      9.4493267842011908e-01
3                                      9.3477070443957222e-01
4                                      9.0995029877657929e-01
5                                      9.1508791768165976e-01
6                                      9.3357143475795257e-01
7                                      1.1028649455455084e+00
8                                      1.5874401400844427e+00
9                                      1.1395299711545543e+00
10                                     9.8153360489880148e-01
11                                     1.1201853700663764e-01
12                                     9.0156051670213844e-01
13                                     1.1680456611303631e+00
14                                     9.3170963582581900e-01
15                                     9.0551500926065498e-01
16                                     9.4374287515927946e-01
17                                     9.3892911876420060e-01
18                                     9.4384224821172313e-01
19                                     1.0088889026657930e+00
20                                     9.9717174842940837e-01
21                                     8.9612874390054398e-01
22                                     8.7371571241893242e-01
23                                     9.4759477857641949e-01
24                                     1.1269058034808742e-01
25                                     1.6858023144301213e+00
26                                     1.1126002016085721e+00
27                                     1.0727246042675953e+00
28                                     8.8978085253176364e-01
29                                     1.1700918293462494e+00
30                                     9.0891055947310884e-01
31                                     9.3402128130701390e-01
32                                     9.4705477806967764e-01
33                                     9.4224954422964025e-01
34                                     9.3955951162965801e-01
35                                     9.0410044362678388e-01
36                                     1.1623179802580355e+00
37                                     9.3229103102733990e-01
38                                     9.1676482893937761e-01
39                                     9.4104419579916643e-01
40                                     9.3725401757561277e-01
41                                     9.2148007844444690e-01
   &COMPONENTS [&Type "ArrayOfIntegers", &Dim (42,4)] "The indices and atomic numbers of the bonding atoms"
                                                         0                           1                           2                           3

0                                                        0                           6                           1                           6
1                                                        0                           6                          19                           1
2                                                        0                           6                          20                           1
3                                                        0                           6                          21                           1
4                                                        1                           6                           2                           8
5                                                        1                           6                          22                           1
6                                                        1                           6                          23                           1
7                                                        2                           8                           3                          15
8                                                        3                          15                           4                          16
9                                                        3                          15                           5                           8
10                                                       3                          15                           8                          16
11                                                       4                          16                           8                          16
12                                                       5                           8                           6                           6
13                                                       6                           6                           7                           6
14                                                       6                           6                          24                           1
15                                                       6                           6                          25                           1
16                                                       7                           6                          26                           1
17                                                       7                           6                          27                           1
18                                                       7                           6                          28                           1
19                                                       8                          16                           9                           6
20                                                       9                           6                          10                          16
21                                                       9                           6                          29                           1
22                                                       9                           6                          30                           1
23                                                      10                          16                          11                          15
24                                                      10                          16                          12                          16
25                                                      11                          15                          12                          16
26                                                      11                          15                          13                           8
27                                                      11                          15                          16                           8
28                                                      13                           8                          14                           6
29                                                      14                           6                          15                           6
30                                                      14                           6                          31                           1
31                                                      14                           6                          32                           1
32                                                      15                           6                          33                           1
33                                                      15                           6                          34                           1
34                                                      15                           6                          35                           1
35                                                      16                           8                          17                           6
36                                                      17                           6                          18                           6
37                                                      17                           6                          36                           1
38                                                      17                           6                          37                           1
39                                                      18                           6                          38                           1
40                                                      18                           6                          39                           1
41                                                      18                           6                          40                           1
   &ATNO [&Type "ArrayOfIntegers", &Dim (41,1)] "Atomic number of the elements"
                                                         0

0                                                        6
1                                                        6
2                                                        8
3                                                       15
4                                                       16
5                                                        8
6                                                        6
7                                                        6
8                                                       16
9                                                        6
10                                                      16
11                                                      15
12                                                      16
13                                                       8
14                                                       6
15                                                       6
16                                                       8
17                                                       6
18                                                       6
19                                                       1
20                                                       1
21                                                       1
22                                                       1
23                                                       1
24                                                       1
25                                                       1
26                                                       1
27                                                       1
28                                                       1
29                                                       1
30                                                       1
31                                                       1
32                                                       1
33                                                       1
34                                                       1
35                                                       1
36                                                       1
37                                                       1
38                                                       1
39                                                       1
40                                                       1
   &NA [&Type "ArrayOfDoubles", &Dim (41,1)] "Mulliken gross atomic population"
                                                         0

0                                      6.3162221005504096e+00
1                                      6.0032051458426121e+00
2                                      8.3783417423573052e+00
3                                      1.4389360737144232e+01
4                                      1.6348224559567210e+01
5                                      8.3567035475725593e+00
6                                      6.0124182135055326e+00
7                                      6.2910303263503264e+00
8                                      1.6039795132382775e+01
9                                      6.3749350263323441e+00
10                                     1.6083689925910754e+01
11                                     1.4413281837540445e+01
12                                     1.6293594408539555e+01
13                                     8.3654056793739162e+00
14                                     6.0174356791094965e+00
15                                     6.2862564796175899e+00
16                                     8.3833195866527408e+00
17                                     5.9869702785722856e+00
18                                     6.3614930069701030e+00
19                                     8.8732303963583892e-01
20                                     8.7939930953918333e-01
21                                     8.7574065289978897e-01
22                                     8.8927451049600814e-01
23                                     8.9508627672497432e-01
24                                     8.9584302814521810e-01
25                                     8.9719423959273636e-01
26                                     8.7347978442124496e-01
27                                     8.9209280647794131e-01
28                                     8.7082906851568165e-01
29                                     8.1256921498322721e-01
30                                     8.0514987849315489e-01
31                                     8.9604258474336940e-01
32                                     8.9242620514213622e-01
33                                     8.7923483324389828e-01
34                                     8.7653490109301391e-01
35                                     8.9026006523713530e-01
36                                     8.9587207342216579e-01
37                                     8.8696317629166666e-01
38                                     8.7748641220995449e-01
39                                     8.8311769096264192e-01
40                                     8.4639683383669306e-01
   &ZA [&Type "ArrayOfDoubles", &Dim (41,1)] "Total nuclear charge"
                                                         0

0                                      6.0000000000000000e+00
1                                      6.0000000000000000e+00
2                                      8.0000000000000000e+00
3                                      1.5000000000000000e+01
4                                      1.6000000000000000e+01
5                                      8.0000000000000000e+00
6                                      6.0000000000000000e+00
7                                      6.0000000000000000e+00
8                                      1.6000000000000000e+01
9                                      6.0000000000000000e+00
10                                     1.6000000000000000e+01
11                                     1.5000000000000000e+01
12                                     1.6000000000000000e+01
13                                     8.0000000000000000e+00
14                                     6.0000000000000000e+00
15                                     6.0000000000000000e+00
16                                     8.0000000000000000e+00
17                                     6.0000000000000000e+00
18                                     6.0000000000000000e+00
19                                     1.0000000000000000e+00
20                                     1.0000000000000000e+00
21                                     1.0000000000000000e+00
22                                     1.0000000000000000e+00
23                                     1.0000000000000000e+00
24                                     1.0000000000000000e+00
25                                     1.0000000000000000e+00
26                                     1.0000000000000000e+00
27                                     1.0000000000000000e+00
28                                     1.0000000000000000e+00
29                                     1.0000000000000000e+00
30                                     1.0000000000000000e+00
31                                     1.0000000000000000e+00
32                                     1.0000000000000000e+00
33                                     1.0000000000000000e+00
34                                     1.0000000000000000e+00
35                                     1.0000000000000000e+00
36                                     1.0000000000000000e+00
37                                     1.0000000000000000e+00
38                                     1.0000000000000000e+00
39                                     1.0000000000000000e+00
40                                     1.0000000000000000e+00
   &QA [&Type "ArrayOfDoubles", &Dim (41,1)] "Mulliken gross atomic charge"
                                                         0

0                                     -3.1622210055040956e-01
1                                     -3.2051458426121116e-03
2                                     -3.7834174235730522e-01
3                                      6.1063926285576819e-01
4                                     -3.4822455956721043e-01
5                                     -3.5670354757255929e-01
6                                     -1.2418213505532627e-02
7                                     -2.9103032635032644e-01
8                                     -3.9795132382774767e-02
9                                     -3.7493502633234410e-01
10                                    -8.3689925910753971e-02
11                                     5.8671816245955455e-01
12                                    -2.9359440853955476e-01
13                                    -3.6540567937391621e-01
14                                    -1.7435679109496505e-02
15                                    -2.8625647961758993e-01
16                                    -3.8331958665274080e-01
17                                     1.3029721427714414e-02
18                                    -3.6149300697010300e-01
19                                     1.1267696036416108e-01
20                                     1.2060069046081667e-01
21                                     1.2425934710021103e-01
22                                     1.1072548950399186e-01
23                                     1.0491372327502568e-01
24                                     1.0415697185478190e-01
25                                     1.0280576040726364e-01
26                                     1.2652021557875504e-01
27                                     1.0790719352205869e-01
28                                     1.2917093148431835e-01
29                                     1.8743078501677279e-01
30                                     1.9485012150684511e-01
31                                     1.0395741525663060e-01
32                                     1.0757379485786378e-01
33                                     1.2076516675610172e-01
34                                     1.2346509890698609e-01
35                                     1.0973993476286470e-01
36                                     1.0412792657783421e-01
37                                     1.1303682370833334e-01
38                                     1.2251358779004551e-01
39                                     1.1688230903735808e-01
40                                     1.5360316616330694e-01
   &VA [&Type "ArrayOfDoubles", &Dim (41,1)] "Mayer's total valence"
                                                         0

0                                      3.9887896320731731e+00
1                                      4.0024536333781029e+00
2                                      2.1776387316476606e+00
3                                      4.9685950611883882e+00
4                                      2.0529748446788099e+00
5                                      2.1745680197339179e+00
6                                      3.9864114568232587e+00
7                                      4.0028601445528746e+00
8                                      2.3065026832522522e+00
9                                      3.8297840407561270e+00
10                                     2.2868757912458801e+00
11                                     4.9679805342714847e+00
12                                     2.0460837418339417e+00
13                                     2.1582050007907609e+00
14                                     3.9982405502544176e+00
15                                     3.9977344255345915e+00
16                                     2.1663024672917222e+00
17                                     3.9905053174780831e+00
18                                     3.9827871154475454e+00
19                                     9.5492402185399450e-01
20                                     9.6068347681963040e-01
21                                     9.8436700447054992e-01
22                                     9.8199856635528959e-01
23                                     9.4918237977978848e-01
24                                     9.5037944293717191e-01
25                                     9.9296021224868192e-01
26                                     9.5624943194443635e-01
27                                     9.5295509462578354e-01
28                                     9.6420589882543017e-01
29                                     9.4622948536375806e-01
30                                     9.7664772664208088e-01
31                                     9.8427309281988051e-01
32                                     9.4485410628583588e-01
33                                     9.5801511285000207e-01
34                                     9.8021289251269628e-01
35                                     9.5472555981279406e-01
36                                     9.4801178895790017e-01
37                                     9.8157657339220128e-01
38                                     9.5691726415049716e-01
39                                     9.5483435685199392e-01
40                                     9.8587881622119122e-01
   &BVA [&Type "ArrayOfDoubles", &Dim (41,1)] "Mayer's bonded valence"
                                                         0

0                                      3.9887896320732241e+00
1                                      4.0024536333781580e+00
2                                      2.1776387316476731e+00
3                                      4.9685950611883820e+00
4                                      2.0529748446788667e+00
5                                      2.1745680197339210e+00
6                                      3.9864114568232289e+00
7                                      4.0028601445528427e+00
8                                      2.3065026832525279e+00
9                                      3.8297840407561550e+00
10                                     2.2868757912457793e+00
11                                     4.9679805342714483e+00
12                                     2.0460837418339053e+00
13                                     2.1582050007907649e+00
14                                     3.9982405502544420e+00
15                                     3.9977344255345764e+00
16                                     2.1663024672917670e+00
17                                     3.9905053174780627e+00
18                                     3.9827871154475583e+00
19                                     9.5492402185399794e-01
20                                     9.6068347681963073e-01
21                                     9.8436700447054948e-01
22                                     9.8199856635529681e-01
23                                     9.4918237977978726e-01
24                                     9.5037944293718013e-01
25                                     9.9296021224868858e-01
26                                     9.5624943194443945e-01
27                                     9.5295509462578420e-01
28                                     9.6420589882542929e-01
29                                     9.4622948536375895e-01
30                                     9.7664772664208632e-01
31                                     9.8427309281987874e-01
32                                     9.4485410628584277e-01
33                                     9.5801511285000096e-01
34                                     9.8021289251269750e-01
35                                     9.5472555981279417e-01
36                                     9.4801178895790383e-01
37                                     9.8157657339219140e-01
38                                     9.5691726415050460e-01
39                                     9.5483435685199003e-01
40                                     9.8587881622119389e-01
   &FA [&Type "ArrayOfDoubles", &Dim (41,1)] "Mayer's free valence"
                                                         0

0                                      0.0000000000000000e+00
1                                      0.0000000000000000e+00
2                                      0.0000000000000000e+00
3                                      0.0000000000000000e+00
4                                      0.0000000000000000e+00
5                                      0.0000000000000000e+00
6                                      0.0000000000000000e+00
7                                      0.0000000000000000e+00
8                                      0.0000000000000000e+00
9                                      0.0000000000000000e+00
10                                     0.0000000000000000e+00
11                                     0.0000000000000000e+00
12                                     0.0000000000000000e+00
13                                     0.0000000000000000e+00
14                                     0.0000000000000000e+00
15                                     0.0000000000000000e+00
16                                     0.0000000000000000e+00
17                                     0.0000000000000000e+00
18                                     0.0000000000000000e+00
19                                     0.0000000000000000e+00
20                                     0.0000000000000000e+00
21                                     0.0000000000000000e+00
22                                     0.0000000000000000e+00
23                                     0.0000000000000000e+00
24                                     0.0000000000000000e+00
25                                     0.0000000000000000e+00
26                                     0.0000000000000000e+00
27                                     0.0000000000000000e+00
28                                     0.0000000000000000e+00
29                                     0.0000000000000000e+00
30                                     0.0000000000000000e+00
31                                     0.0000000000000000e+00
32                                     0.0000000000000000e+00
33                                     0.0000000000000000e+00
34                                     0.0000000000000000e+00
35                                     0.0000000000000000e+00
36                                     0.0000000000000000e+00
37                                     0.0000000000000000e+00
38                                     0.0000000000000000e+00
39                                     0.0000000000000000e+00
40                                     0.0000000000000000e+00
$End
$VdW_Correction
   &GeometryIndex 1
   &ListStatus       OUT
   &VDW [&Type "Double"]      -6.4156069361358439e-02
$End
$Calculation_Info
   &GeometryIndex 1
   &ListStatus       OUT
   &MULT [&Type "Integer"] 1
   &CHARGE [&Type "Integer"] 0
   &NUMOFATOMS [&Type "Integer"] 41
   &NUMOFELECTRONS [&Type "Integer"] 202
   &NUMOFFCELECTRONS [&Type "Integer"] 1
   &NUMOFCORRELECTRONS [&Type "Integer"] 0
   &NUMOFBASISFUNCTS [&Type "Integer"] 334
   &NUMOFAUXCBASISFUNCTS [&Type "Integer"] 0
   &NUMOFAUXJBASISFUNCTS [&Type "Integer"] 1185
   &NUMOFAUXJKBASISFUNCTS [&Type "Integer"] 0
   &NUMOFCABSBASISFUNCTS [&Type "Integer"] 0
   &TOTALENERGY [&Type "Double"]      -2.9295190336729743e+03  "Hartrees"
$End
$SCF_Dipole_Moment
   &GeometryIndex 1
   &ListStatus       OUT
   &METHOD [&Type "String"] "SCF"
   &LEVEL [&Type "String"] "Relaxed density"
   &MULT [&Type "Integer"] 1
   &STATE [&Type "Integer"] -1
   &IRREP [&Type "Integer"] 0
   &NATOMS [&Type "Integer"] 41
   &DODIPOLEATOM [&Type "Boolean"] false
   &DIPOLEELECCONTRIB [&Type "ArrayOfDoubles", &Dim (3,1)] "Electronic contribution"
                                                         0

0                                      4.5773738922902050e+00
1                                      3.1996245875313876e+00
2                                     -8.1221379503381321e+00
   &DIPOLENUCCONTRIB [&Type "ArrayOfDoubles", &Dim (3,1)] "Nuclear contribution"
                                                         0

0                                     -4.9318787838513316e+00
1                                     -3.1203106608515299e+00
2                                      8.8277463350956982e+00
   &DIPOLETOTAL [&Type "ArrayOfDoubles", &Dim (3,1)] "Total"
                                                         0

0                                     -3.5450489156112663e-01
1                                      7.9313926679857705e-02
2                                      7.0560838475756604e-01
   &DIPOLEMAGNITUDE [&Type "Double", &Units "a.u."]       7.9362939067698679e-01
$End
