*************************************************
******************* ORCA 6.0.0 ******************
*************************************************
$Calculation_Status
   &GeometryIndex 1
   &ListStatus       OUT
   &VERSION [&Type "String"] "6.0.0"
   &PROGNAME [&Type "String"] "LeanSCF"
   &STATUS [&Type "String"] "NORMAL TERMINATION"
$End
$Geometry
   &GeometryIndex 1
   &ListStatus       OUT
   &NATOMS [&Type "Integer"] 41
   &NCORELESSECP [&Type "Integer"] 0
   &NGHOSTATOMS [&Type "Integer"] 0
   &CartesianCoordinates [&Type "Coordinates", &Dim(41,4), &Units "Bohr"] 
              C      8.739504058304    4.898455718317   -1.184722262159
              C      6.123869520591    3.806256983120   -0.778354371163
              O      6.412640186832    1.274413260289    0.191720354748
              P      4.207730560719   -0.092650542259    1.692494376274
              S      2.721745422912    1.810174574747    4.484350536606
              O      5.456238396728   -2.624853392236    2.633322007909
              C      6.916791169934   -4.294769820683    1.022861149366
              C      9.710618205966   -3.705100622717    1.218880552834
              S      1.703080581447   -1.222857791209   -1.282066623919
              C     -0.597402474335   -2.748197064594    0.752203830507
              S     -3.066365219532   -0.650016585569    1.845700509358
              P     -4.790583914307   -0.116434480612   -1.766107315170
              S     -4.605782175559   -2.969168513791   -4.099787001730
              O     -3.555084957917    2.342598592790   -2.910494939205
              C     -3.627106563161    4.788949787239   -1.668265165720
              C     -0.972033574259    5.610797159497   -0.981978068310
              O     -7.555566979811    0.855266878848   -1.089685817446
              C     -9.652629339441   -0.832166477870   -0.698109357708
              C     -9.317934869003   -2.474422371112    1.622600283104
              H      9.759988090931    4.964552548549    0.595398639734
              H      9.789732277289    3.741563737714   -2.515775013774
              H      8.563092135917    6.799394467987   -1.932294001068
              H      5.068594864878    3.691414766663   -2.550294371021
              H      5.044317038852    4.919488287228    0.590872895120
              H      6.497228627335   -6.185796486050    1.731881544831
              H      6.243189701638   -4.108410404681   -0.921541230142
              H     10.092667111755   -1.817845209907    0.506848439791
              H     10.314655714926   -3.809505215986    3.178510959124
              H     10.762669700376   -5.074354576280    0.111277668759
              H      0.339373448409   -3.482933115583    2.429187996644
              H     -1.448755342965   -4.255970168925   -0.363941848740
              H     -4.473162182673    6.066020959051   -3.048340698728
              H     -4.833536932018    4.671748239199    0.001675074221
              H      0.237016000562    5.523949042308   -2.639606093179
              H     -1.024772522502    7.535569994427   -0.276429256033
              H     -0.190909234970    4.397015583636    0.484199669187
              H    -11.267359469533    0.435419244983   -0.508284562489
              H     -9.868089987238   -2.001105252439   -2.390159424975
              H    -11.049399175153   -3.518470637051    1.965877419668
              H     -7.782843096041   -3.811696486098    1.323128591931
              H     -8.880217031070   -1.318641222364    3.264035456759
$End
$SCF_Energy
   &GeometryIndex 1
   &ListStatus       OUT
   &SCF_ENERGY [&Type "Double"]      -2.9296419141770530e+03
$End
$DFT_Energy
   &GeometryIndex 1
   &ListStatus       OUT
   &NALPHAEL [&Type "Integer"] 101
   &NBETAEL [&Type "Integer"] 101
   &NTOTALEL [&Type "Integer"] 202
   &EEXCHANGE [&Type "Double"]      -2.3180239961204424e+02
   &ECORR [&Type "Double"]      -7.2912123959857631e+00
   &ECNL [&Type "Double"]       0.0000000000000000e+00
   &EXC [&Type "Double"]      -2.3909361200802999e+02
   &EEMBED [&Type "Double"]       0.0000000000000000e+00
   &FINALEN [&Type "Double"]      -2.9296419141770530e+03  "No Van der Waals correction"
$End
$Mulliken_Population_Analysis
   &GeometryIndex 1
   &ListStatus       OUT
   &NATOMS [&Type "Integer"] 41
   &ATNO [&Type "ArrayOfIntegers", &Dim (41,1)] 
                                                         0

0                                                        6
1                                                        6
2                                                        8
3                                                       15
4                                                       16
5                                                        8
6                                                        6
7                                                        6
8                                                       16
9                                                        6
10                                                      16
11                                                      15
12                                                      16
13                                                       8
14                                                       6
15                                                       6
16                                                       8
17                                                       6
18                                                       6
19                                                       1
20                                                       1
21                                                       1
22                                                       1
23                                                       1
24                                                       1
25                                                       1
26                                                       1
27                                                       1
28                                                       1
29                                                       1
30                                                       1
31                                                       1
32                                                       1
33                                                       1
34                                                       1
35                                                       1
36                                                       1
37                                                       1
38                                                       1
39                                                       1
40                                                       1
   &ATOMICCHARGES [&Type "ArrayOfDoubles", &Dim (41,1)] 
                                                         0

0                                     -2.8093305031349658e-01
1                                     -3.0528949466792632e-02
2                                     -3.8338061794915035e-01
3                                      5.8560195460575315e-01
4                                     -3.0349282627361873e-01
5                                     -3.5910845537534364e-01
6                                     -1.1517389443589821e-02
7                                     -2.9460566356918871e-01
8                                     -8.0874746753789140e-02
9                                     -3.5902770023537744e-01
10                                    -7.2235742933511204e-02
11                                     5.9614785766371803e-01
12                                    -3.1975210974250956e-01
13                                    -3.5428897630221456e-01
14                                    -4.6190258727989431e-03
15                                    -3.1607622376501254e-01
16                                    -3.8245177743556091e-01
17                                     5.0647469264575307e-04
18                                    -3.1616120823517324e-01
19                                     1.2340275795782429e-01
20                                     1.1807154252296104e-01
21                                     1.1477105293235290e-01
22                                     1.1593476501801114e-01
23                                     1.1722467398170511e-01
24                                     1.0964103156211413e-01
25                                     1.0436232718224647e-01
26                                     1.2472232638053793e-01
27                                     1.2069127673049151e-01
28                                     1.1150070841098114e-01
29                                     1.8599291437093357e-01
30                                     1.9449196787132184e-01
31                                     1.0683817837348242e-01
32                                     1.0620290486229589e-01
33                                     1.1253655606293689e-01
34                                     1.0344203583253830e-01
35                                     1.4147342874739910e-01
36                                     1.0490442186506765e-01
37                                     1.1248751825348335e-01
38                                     1.1285098800062321e-01
39                                     1.2606812464270711e-01
40                                     1.1918667514287917e-01
$End
$Loewdin_Population_Analysis
   &GeometryIndex 1
   &ListStatus       OUT
   &NATOMS [&Type "Integer"] 41
   &ATNO [&Type "ArrayOfIntegers", &Dim (41,1)] 
                                                         0

0                                                        6
1                                                        6
2                                                        8
3                                                       15
4                                                       16
5                                                        8
6                                                        6
7                                                        6
8                                                       16
9                                                        6
10                                                      16
11                                                      15
12                                                      16
13                                                       8
14                                                       6
15                                                       6
16                                                       8
17                                                       6
18                                                       6
19                                                       1
20                                                       1
21                                                       1
22                                                       1
23                                                       1
24                                                       1
25                                                       1
26                                                       1
27                                                       1
28                                                       1
29                                                       1
30                                                       1
31                                                       1
32                                                       1
33                                                       1
34                                                       1
35                                                       1
36                                                       1
37                                                       1
38                                                       1
39                                                       1
40                                                       1
   &ATOMICCHARGES [&Type "ArrayOfDoubles", &Dim (41,1)] 
                                                         0

0                                      6.4913519883752404e-03
1                                      9.1278668647089722e-02
2                                      5.2648849030564815e-01
3                                      5.4564318965879002e-02
4                                      8.7278003398193009e-05
5                                      2.5415097554350013e-01
6                                      1.9687268621122501e-02
7                                      3.3563305432876268e-04
8                                      3.0693153515948214e-04
9                                      3.0700186542939150e-04
10                                     4.4426608767313365e-05
11                                     2.2088998581380253e-03
12                                     4.4352394224254481e-06
13                                     1.8492752554624819e-02
14                                     2.4438589559928996e-03
15                                     2.0462830817006623e-04
16                                     1.8638920049332257e-02
17                                     3.4239987510034983e-03
18                                     9.5896263616654945e-05
19                                     2.3397220269471143e-05
20                                     5.3159121401636804e-06
21                                     9.6651808584507462e-05
22                                     1.0502150653513656e-04
23                                     2.2083139846594814e-04
24                                     9.8505077779668211e-05
25                                     4.0067074629825873e-05
26                                     3.6574120842837439e-06
27                                     8.4704753198542230e-06
28                                     4.3661896008303280e-05
29                                     4.6033488086021842e-06
30                                     2.0434888508345968e-06
31                                     5.6388652271364397e-06
32                                     1.5233310517890351e-05
33                                     5.5888602991701427e-06
34                                     2.2829907853626681e-06
35                                     2.5570080651994741e-05
36                                     2.4364228631574718e-05
37                                     6.6735855227317633e-06
38                                     6.1477883833663618e-06
39                                     1.5934614608075231e-07
40                                     3.7920536261901483e-07
$End
$Mayer_Population_Analysis
   &GeometryIndex 1
   &ListStatus       OUT
   &NATOMS [&Type "Integer"] 41 "Total number of atoms"
   &BONDTHRESH [&Type "Double"]       1.0000000000000001e-01  "The threshold for printing"
   &NBONDORDERSPRINT [&Type "Integer"] 42 "The number of bond orders larger than threshold"
   &BONDORDERS [&Type "ArrayOfDoubles", &Dim (42,1)] "The bond orders"
                                                         0

0                                      1.1596836865193387e+00
1                                      9.5000406418588301e-01
2                                      9.4998386334922158e-01
3                                      9.4123999564845862e-01
4                                      9.0347031325805027e-01
5                                      9.2729379884480223e-01
6                                      9.0827918066108804e-01
7                                      1.0796595325565959e+00
8                                      1.6548473125087904e+00
9                                      1.1260444082412424e+00
10                                     9.6048279227659206e-01
11                                     1.1080864970510330e-01
12                                     8.8992542890505133e-01
13                                     1.1664016327513440e+00
14                                     9.3575962788357336e-01
15                                     9.0999034993303352e-01
16                                     9.4120890503507315e-01
17                                     9.4675331754910241e-01
18                                     9.3950198139128516e-01
19                                     9.9020431751660043e-01
20                                     1.0136268333106495e+00
21                                     8.9156600501148575e-01
22                                     8.7371133997130002e-01
23                                     9.4612916680049874e-01
24                                     1.1049418907194411e-01
25                                     1.6207871757652770e+00
26                                     1.1458454484497780e+00
27                                     1.0879782776939322e+00
28                                     8.8890814342319691e-01
29                                     1.1657647761723939e+00
30                                     9.3420306087963012e-01
31                                     9.1797457571311125e-01
32                                     9.4144727134239936e-01
33                                     9.3744875478174650e-01
34                                     9.1940747431052683e-01
35                                     9.0782257301144320e-01
36                                     1.1659602433801033e+00
37                                     9.3467900466349674e-01
38                                     9.1923556777182136e-01
39                                     9.3690363138579669e-01
40                                     9.3509450837656971e-01
41                                     9.4349241545759355e-01
   &COMPONENTS [&Type "ArrayOfIntegers", &Dim (42,4)] "The indices and atomic numbers of the bonding atoms"
                                                         0                           1                           2                           3

0                                                        0                           6                           1                           6
1                                                        0                           6                          19                           1
2                                                        0                           6                          20                           1
3                                                        0                           6                          21                           1
4                                                        1                           6                           2                           8
5                                                        1                           6                          22                           1
6                                                        1                           6                          23                           1
7                                                        2                           8                           3                          15
8                                                        3                          15                           4                          16
9                                                        3                          15                           5                           8
10                                                       3                          15                           8                          16
11                                                       4                          16                           8                          16
12                                                       5                           8                           6                           6
13                                                       6                           6                           7                           6
14                                                       6                           6                          24                           1
15                                                       6                           6                          25                           1
16                                                       7                           6                          26                           1
17                                                       7                           6                          27                           1
18                                                       7                           6                          28                           1
19                                                       8                          16                           9                           6
20                                                       9                           6                          10                          16
21                                                       9                           6                          29                           1
22                                                       9                           6                          30                           1
23                                                      10                          16                          11                          15
24                                                      10                          16                          12                          16
25                                                      11                          15                          12                          16
26                                                      11                          15                          13                           8
27                                                      11                          15                          16                           8
28                                                      13                           8                          14                           6
29                                                      14                           6                          15                           6
30                                                      14                           6                          31                           1
31                                                      14                           6                          32                           1
32                                                      15                           6                          33                           1
33                                                      15                           6                          34                           1
34                                                      15                           6                          35                           1
35                                                      16                           8                          17                           6
36                                                      17                           6                          18                           6
37                                                      17                           6                          36                           1
38                                                      17                           6                          37                           1
39                                                      18                           6                          38                           1
40                                                      18                           6                          39                           1
41                                                      18                           6                          40                           1
   &ATNO [&Type "ArrayOfIntegers", &Dim (41,1)] "Atomic number of the elements"
                                                         0

0                                                        6
1                                                        6
2                                                        8
3                                                       15
4                                                       16
5                                                        8
6                                                        6
7                                                        6
8                                                       16
9                                                        6
10                                                      16
11                                                      15
12                                                      16
13                                                       8
14                                                       6
15                                                       6
16                                                       8
17                                                       6
18                                                       6
19                                                       1
20                                                       1
21                                                       1
22                                                       1
23                                                       1
24                                                       1
25                                                       1
26                                                       1
27                                                       1
28                                                       1
29                                                       1
30                                                       1
31                                                       1
32                                                       1
33                                                       1
34                                                       1
35                                                       1
36                                                       1
37                                                       1
38                                                       1
39                                                       1
40                                                       1
   &NA [&Type "ArrayOfDoubles", &Dim (41,1)] "Mulliken gross atomic population"
                                                         0

0                                      6.2809330503134975e+00
1                                      6.0305289494667909e+00
2                                      8.3833806179491628e+00
3                                      1.4414398045394206e+01
4                                      1.6303492826273594e+01
5                                      8.3591084553753277e+00
6                                      6.0115173894435898e+00
7                                      6.2946056635691887e+00
8                                      1.6080874746753828e+01
9                                      6.3590277002353792e+00
10                                     1.6072235742933469e+01
11                                     1.4403852142336245e+01
12                                     1.6319752109742428e+01
13                                     8.3542889763022075e+00
14                                     6.0046190258727963e+00
15                                     6.3160762237649966e+00
16                                     8.3824517774355627e+00
17                                     5.9994935253073640e+00
18                                     6.3161612082351777e+00
19                                     8.7659724204217548e-01
20                                     8.8192845747703952e-01
21                                     8.8522894706764765e-01
22                                     8.8406523498198852e-01
23                                     8.8277532601829456e-01
24                                     8.9035896843788531e-01
25                                     8.9563767281775342e-01
26                                     8.7527767361946107e-01
27                                     8.7930872326950837e-01
28                                     8.8849929158901841e-01
29                                     8.1400708562906576e-01
30                                     8.0550803212867761e-01
31                                     8.9316182162651714e-01
32                                     8.9379709513770400e-01
33                                     8.8746344393706289e-01
34                                     8.9655796416746092e-01
35                                     8.5852657125260101e-01
36                                     8.9509557813493190e-01
37                                     8.8751248174651609e-01
38                                     8.8714901199937646e-01
39                                     8.7393187535729300e-01
40                                     8.8081332485712049e-01
   &ZA [&Type "ArrayOfDoubles", &Dim (41,1)] "Total nuclear charge"
                                                         0

0                                      6.0000000000000000e+00
1                                      6.0000000000000000e+00
2                                      8.0000000000000000e+00
3                                      1.5000000000000000e+01
4                                      1.6000000000000000e+01
5                                      8.0000000000000000e+00
6                                      6.0000000000000000e+00
7                                      6.0000000000000000e+00
8                                      1.6000000000000000e+01
9                                      6.0000000000000000e+00
10                                     1.6000000000000000e+01
11                                     1.5000000000000000e+01
12                                     1.6000000000000000e+01
13                                     8.0000000000000000e+00
14                                     6.0000000000000000e+00
15                                     6.0000000000000000e+00
16                                     8.0000000000000000e+00
17                                     6.0000000000000000e+00
18                                     6.0000000000000000e+00
19                                     1.0000000000000000e+00
20                                     1.0000000000000000e+00
21                                     1.0000000000000000e+00
22                                     1.0000000000000000e+00
23                                     1.0000000000000000e+00
24                                     1.0000000000000000e+00
25                                     1.0000000000000000e+00
26                                     1.0000000000000000e+00
27                                     1.0000000000000000e+00
28                                     1.0000000000000000e+00
29                                     1.0000000000000000e+00
30                                     1.0000000000000000e+00
31                                     1.0000000000000000e+00
32                                     1.0000000000000000e+00
33                                     1.0000000000000000e+00
34                                     1.0000000000000000e+00
35                                     1.0000000000000000e+00
36                                     1.0000000000000000e+00
37                                     1.0000000000000000e+00
38                                     1.0000000000000000e+00
39                                     1.0000000000000000e+00
40                                     1.0000000000000000e+00
   &QA [&Type "ArrayOfDoubles", &Dim (41,1)] "Mulliken gross atomic charge"
                                                         0

0                                     -2.8093305031349747e-01
1                                     -3.0528949466790856e-02
2                                     -3.8338061794916278e-01
3                                      5.8560195460579401e-01
4                                     -3.0349282627359386e-01
5                                     -3.5910845537532765e-01
6                                     -1.1517389443589821e-02
7                                     -2.9460566356918871e-01
8                                     -8.0874746753828219e-02
9                                     -3.5902770023537922e-01
10                                    -7.2235742933468572e-02
11                                     5.9614785766375533e-01
12                                    -3.1975210974242785e-01
13                                    -3.5428897630220746e-01
14                                    -4.6190258727962785e-03
15                                    -3.1607622376499656e-01
16                                    -3.8245177743556269e-01
17                                     5.0647469263598310e-04
18                                    -3.1616120823517768e-01
19                                     1.2340275795782452e-01
20                                     1.1807154252296048e-01
21                                     1.1477105293235235e-01
22                                     1.1593476501801148e-01
23                                     1.1722467398170544e-01
24                                     1.0964103156211469e-01
25                                     1.0436232718224658e-01
26                                     1.2472232638053893e-01
27                                     1.2069127673049163e-01
28                                     1.1150070841098159e-01
29                                     1.8599291437093424e-01
30                                     1.9449196787132239e-01
31                                     1.0683817837348286e-01
32                                     1.0620290486229600e-01
33                                     1.1253655606293711e-01
34                                     1.0344203583253908e-01
35                                     1.4147342874739899e-01
36                                     1.0490442186506810e-01
37                                     1.1248751825348391e-01
38                                     1.1285098800062354e-01
39                                     1.2606812464270700e-01
40                                     1.1918667514287951e-01
   &VA [&Type "ArrayOfDoubles", &Dim (41,1)] "Mayer's total valence"
                                                         0

0                                      3.9970198980793286e+00
1                                      3.9727683653345567e+00
2                                      2.1616777396803677e+00
3                                      4.9861259699431812e+00
4                                      2.0461078692932273e+00
5                                      2.1652454784386967e+00
6                                      3.9960388532289799e+00
7                                      3.9924322482661512e+00
8                                      2.2891826106790969e+00
9                                      3.8336968089519194e+00
10                                     2.3011675410876173e+00
11                                     4.9548609092641929e+00
12                                     2.0340054261384011e+00
13                                     2.1706392325901800e+00
14                                     4.0039819712444329e+00
15                                     3.9728288132313012e+00
16                                     2.1714909619607501e+00
17                                     4.0063626632575469e+00
18                                     3.9887517110257305e+00
19                                     9.5935683256901327e-01
20                                     9.5672911995464971e-01
21                                     9.5450205868558824e-01
22                                     9.5179958437530821e-01
23                                     9.8622700789351869e-01
24                                     9.4777244695994145e-01
25                                     9.8380298106793196e-01
26                                     9.8203381042357474e-01
27                                     9.5762231977513768e-01
28                                     9.5441415530457363e-01
29                                     9.5578445673728674e-01
30                                     9.7201840898673342e-01
31                                     9.4793835129622428e-01
32                                     9.7046981909086572e-01
33                                     9.6429907243264579e-01
34                                     9.5417762619477542e-01
35                                     1.0117690257641241e+00
36                                     9.4920331539619174e-01
37                                     9.7725704931676149e-01
38                                     9.5448442584344328e-01
39                                     9.8343462162515927e-01
40                                     9.6262401409197951e-01
   &BVA [&Type "ArrayOfDoubles", &Dim (41,1)] "Mayer's bonded valence"
                                                         0

0                                      3.9970198980793383e+00
1                                      3.9727683653345736e+00
2                                      2.1616777396803752e+00
3                                      4.9861259699432292e+00
4                                      2.0461078692933743e+00
5                                      2.1652454784387425e+00
6                                      3.9960388532289994e+00
7                                      3.9924322482661609e+00
8                                      2.2891826106789579e+00
9                                      3.8336968089518648e+00
10                                     2.3011675410876844e+00
11                                     4.9548609092643030e+00
12                                     2.0340054261385685e+00
13                                     2.1706392325902404e+00
14                                     4.0039819712444524e+00
15                                     3.9728288132313128e+00
16                                     2.1714909619607417e+00
17                                     4.0063626632575664e+00
18                                     3.9887517110257575e+00
19                                     9.5935683256901161e-01
20                                     9.5672911995464560e-01
21                                     9.5450205868558358e-01
22                                     9.5179958437530932e-01
23                                     9.8622700789352824e-01
24                                     9.4777244695994278e-01
25                                     9.8380298106792885e-01
26                                     9.8203381042357962e-01
27                                     9.5762231977513212e-01
28                                     9.5441415530457852e-01
29                                     9.5578445673727508e-01
30                                     9.7201840898672709e-01
31                                     9.4793835129622372e-01
32                                     9.7046981909086638e-01
33                                     9.6429907243263724e-01
34                                     9.5417762619476487e-01
35                                     1.0117690257641150e+00
36                                     9.4920331539619673e-01
37                                     9.7725704931677249e-01
38                                     9.5448442584345883e-01
39                                     9.8343462162516204e-01
40                                     9.6262401409198861e-01
   &FA [&Type "ArrayOfDoubles", &Dim (41,1)] "Mayer's free valence"
                                                         0

0                                      0.0000000000000000e+00
1                                      0.0000000000000000e+00
2                                      0.0000000000000000e+00
3                                      0.0000000000000000e+00
4                                      0.0000000000000000e+00
5                                      0.0000000000000000e+00
6                                      0.0000000000000000e+00
7                                      0.0000000000000000e+00
8                                      0.0000000000000000e+00
9                                      0.0000000000000000e+00
10                                     0.0000000000000000e+00
11                                     0.0000000000000000e+00
12                                     0.0000000000000000e+00
13                                     0.0000000000000000e+00
14                                     0.0000000000000000e+00
15                                     0.0000000000000000e+00
16                                     0.0000000000000000e+00
17                                     0.0000000000000000e+00
18                                     0.0000000000000000e+00
19                                     0.0000000000000000e+00
20                                     0.0000000000000000e+00
21                                     0.0000000000000000e+00
22                                     0.0000000000000000e+00
23                                     0.0000000000000000e+00
24                                     0.0000000000000000e+00
25                                     0.0000000000000000e+00
26                                     0.0000000000000000e+00
27                                     0.0000000000000000e+00
28                                     0.0000000000000000e+00
29                                     0.0000000000000000e+00
30                                     0.0000000000000000e+00
31                                     0.0000000000000000e+00
32                                     0.0000000000000000e+00
33                                     0.0000000000000000e+00
34                                     0.0000000000000000e+00
35                                     0.0000000000000000e+00
36                                     0.0000000000000000e+00
37                                     0.0000000000000000e+00
38                                     0.0000000000000000e+00
39                                     0.0000000000000000e+00
40                                     0.0000000000000000e+00
$End
$VdW_Correction
   &GeometryIndex 1
   &ListStatus       OUT
   &VDW [&Type "Double"]      -6.4037780631639563e-02
$End
$Calculation_Info
   &GeometryIndex 1
   &ListStatus       OUT
   &MULT [&Type "Integer"] 1
   &CHARGE [&Type "Integer"] 0
   &NUMOFATOMS [&Type "Integer"] 41
   &NUMOFELECTRONS [&Type "Integer"] 202
   &NUMOFFCELECTRONS [&Type "Integer"] 1
   &NUMOFCORRELECTRONS [&Type "Integer"] 0
   &NUMOFBASISFUNCTS [&Type "Integer"] 334
   &NUMOFAUXCBASISFUNCTS [&Type "Integer"] 0
   &NUMOFAUXJBASISFUNCTS [&Type "Integer"] 1185
   &NUMOFAUXJKBASISFUNCTS [&Type "Integer"] 0
   &NUMOFCABSBASISFUNCTS [&Type "Integer"] 0
   &TOTALENERGY [&Type "Double"]      -2.9295216199238848e+03  "Hartrees"
$End
$SCF_Dipole_Moment
   &GeometryIndex 1
   &ListStatus       OUT
   &METHOD [&Type "String"] "SCF"
   &LEVEL [&Type "String"] "Relaxed density"
   &MULT [&Type "Integer"] 1
   &STATE [&Type "Integer"] -1
   &IRREP [&Type "Integer"] 0
   &NATOMS [&Type "Integer"] 41
   &DODIPOLEATOM [&Type "Boolean"] false
   &DIPOLEELECCONTRIB [&Type "ArrayOfDoubles", &Dim (3,1)] "Electronic contribution"
                                                         0

0                                     -1.0648226293707783e+01
1                                     -6.4684740204625770e+00
2                                      3.2931098335906928e-01
   &DIPOLENUCCONTRIB [&Type "ArrayOfDoubles", &Dim (3,1)] "Nuclear contribution"
                                                         0

0                                      1.1200489693247345e+01
1                                      6.7931747647851344e+00
2                                     -4.6740216294378811e-01
   &DIPOLETOTAL [&Type "ArrayOfDoubles", &Dim (3,1)] "Total"
                                                         0

0                                      5.5226339953956227e-01
1                                      3.2470074432255736e-01
2                                     -1.3809117958471884e-01
   &DIPOLEMAGNITUDE [&Type "Double", &Units "a.u."]       6.5535838265312207e-01
$End
