*************************************************
******************* ORCA 6.0.0 ******************
*************************************************
$Calculation_Status
   &GeometryIndex 1
   &ListStatus       OUT
   &VERSION [&Type "String"] "6.0.0"
   &PROGNAME [&Type "String"] "LeanSCF"
   &STATUS [&Type "String"] "NORMAL TERMINATION"
$End
$Geometry
   &GeometryIndex 1
   &ListStatus       OUT
   &NATOMS [&Type "Integer"] 41
   &NCORELESSECP [&Type "Integer"] 0
   &NGHOSTATOMS [&Type "Integer"] 0
   &CartesianCoordinates [&Type "Coordinates", &Dim(41,4), &Units "Bohr"] 
              C      7.179202821120    2.614608482752   -3.440518327970
              C      4.791632739335    1.170742999288   -4.065094242835
              O      4.383111159778   -0.904319057953   -2.348619557128
              P      3.781774473298   -0.511266826229    0.549132397318
              S      1.703264629245    2.433374060717    1.463224769614
              O      6.518814071721   -0.442392684772    1.774844954712
              C      6.911476111470    0.109291430721    4.414039993907
              C      9.637101191268    0.921165151209    4.750077948888
              S      2.611992714577   -4.179958323235    1.561002233172
              C     -0.574691945590   -4.328871167485    0.294409311392
              S     -2.810602172716   -2.338159868553    1.984068385660
              P     -3.843408770256    0.117588588707   -0.992203493772
              S     -1.761012920027    0.168492993843   -4.043223597013
              O     -4.245522972196    2.853989745990    0.138491733110
              C     -5.953244025041    3.431203167901    2.198237005212
              C     -4.596632897540    3.389321148509    4.719874688904
              O     -6.610669604116   -1.031977034034   -1.453143539893
              C     -7.945429464559   -0.716231374963   -3.801684577389
              C     -8.852196950713    1.975949818321   -4.167802225998
              H      8.777095414447    1.328339513257   -3.342148484969
              H      7.516367128089    4.025098691122   -4.891267875869
              H      6.966348774625    3.557990880122   -1.623275750404
              H      4.889806472415    0.261074837943   -5.912272772198
              H      3.135841267297    2.409981504867   -4.004333995803
              H      5.595166520515    1.604643028425    4.976195766744
              H      6.495361442610   -1.601067881819    5.494785414400
              H     10.007092131976    2.632244109823    3.677797424330
              H      9.990382883805    1.278589977587    6.737813234728
              H     10.892155283325   -0.562360957601    4.089939674184
              H     -1.159743998937   -6.283388789706    0.527325615358
              H     -0.548456417525   -3.775542266112   -1.694617206173
              H     -6.631025316780    5.327758320993    1.752576821060
              H     -7.522747659501    2.088346512410    2.166340737317
              H     -4.084629048450    1.469275691782    5.244487266970
              H     -2.878428660020    4.510683061102    4.602156584793
              H     -5.829201664240    4.175039560939    6.158512464604
              H     -6.688721215093   -1.273276537485   -5.347556413835
              H     -9.516339458530   -2.043594690093   -3.661973915553
              H    -10.061041158034    2.548527846716   -2.608910474121
              H     -7.235681924021    3.248823382857   -4.265566435205
              H     -9.904024887876    2.103056811678   -5.924332075774
$End
$SCF_Energy
   &GeometryIndex 1
   &ListStatus       OUT
   &SCF_ENERGY [&Type "Double"]      -2.9296322369003306e+03
$End
$DFT_Energy
   &GeometryIndex 1
   &ListStatus       OUT
   &NALPHAEL [&Type "Integer"] 100
   &NBETAEL [&Type "Integer"] 100
   &NTOTALEL [&Type "Integer"] 201
   &EEXCHANGE [&Type "Double"]      -2.3181027326539225e+02
   &ECORR [&Type "Double"]      -7.2964655666821736e+00
   &ECNL [&Type "Double"]       0.0000000000000000e+00
   &EXC [&Type "Double"]      -2.3910673883207443e+02
   &EEMBED [&Type "Double"]       0.0000000000000000e+00
   &FINALEN [&Type "Double"]      -2.9296322369003306e+03  "No Van der Waals correction"
$End
$Mulliken_Population_Analysis
   &GeometryIndex 1
   &ListStatus       OUT
   &NATOMS [&Type "Integer"] 41
   &ATNO [&Type "ArrayOfIntegers", &Dim (41,1)] 
                                                         0

0                                                        6
1                                                        6
2                                                        8
3                                                       15
4                                                       16
5                                                        8
6                                                        6
7                                                        6
8                                                       16
9                                                        6
10                                                      16
11                                                      15
12                                                      16
13                                                       8
14                                                       6
15                                                       6
16                                                       8
17                                                       6
18                                                       6
19                                                       1
20                                                       1
21                                                       1
22                                                       1
23                                                       1
24                                                       1
25                                                       1
26                                                       1
27                                                       1
28                                                       1
29                                                       1
30                                                       1
31                                                       1
32                                                       1
33                                                       1
34                                                       1
35                                                       1
36                                                       1
37                                                       1
38                                                       1
39                                                       1
40                                                       1
   &ATOMICCHARGES [&Type "ArrayOfDoubles", &Dim (41,1)] 
                                                         0

0                                     -3.0478133466656132e-01
1                                     -1.0114801406199803e-02
2                                     -3.6307933081103627e-01
3                                      6.2164521979673459e-01
4                                     -3.2747209811946831e-01
5                                     -3.7939105663520856e-01
6                                     -8.7016163067525909e-03
7                                     -2.8331560245524923e-01
8                                     -1.0066977180629522e-01
9                                     -3.4314610180763516e-01
10                                    -9.1833618067227007e-02
11                                     6.3664582837785133e-01
12                                    -3.1106775883240090e-01
13                                    -3.6006056638874284e-01
14                                    -3.6372317987455105e-02
15                                    -2.9512407390886430e-01
16                                    -3.8700593901462277e-01
17                                    -4.2288235254241968e-03
18                                    -3.1810118719925029e-01
19                                     1.1357156265694524e-01
20                                     1.0900009864396609e-01
21                                     1.2137854264372383e-01
22                                     1.0175930042307291e-01
23                                     1.2859544764677322e-01
24                                     1.0316417563515934e-01
25                                     1.0145564019533237e-01
26                                     1.2002580190868772e-01
27                                     1.1049049715913439e-01
28                                     1.1670625489537678e-01
29                                     1.8282542128666190e-01
30                                     1.9587334565247450e-01
31                                     1.1020176880767207e-01
32                                     1.0780930688681800e-01
33                                     1.3293410518262783e-01
34                                     1.3523972836913067e-01
35                                     1.0744141419990050e-01
36                                     1.0970286510032445e-01
37                                     1.0236542109703595e-01
38                                     1.1212528776394726e-01
39                                     1.3085318313054906e-01
40                                     1.1265578147849475e-01
$End
$Loewdin_Population_Analysis
   &GeometryIndex 1
   &ListStatus       OUT
   &NATOMS [&Type "Integer"] 41
   &ATNO [&Type "ArrayOfIntegers", &Dim (41,1)] 
                                                         0

0                                                        6
1                                                        6
2                                                        8
3                                                       15
4                                                       16
5                                                        8
6                                                        6
7                                                        6
8                                                       16
9                                                        6
10                                                      16
11                                                      15
12                                                      16
13                                                       8
14                                                       6
15                                                       6
16                                                       8
17                                                       6
18                                                       6
19                                                       1
20                                                       1
21                                                       1
22                                                       1
23                                                       1
24                                                       1
25                                                       1
26                                                       1
27                                                       1
28                                                       1
29                                                       1
30                                                       1
31                                                       1
32                                                       1
33                                                       1
34                                                       1
35                                                       1
36                                                       1
37                                                       1
38                                                       1
39                                                       1
40                                                       1
   &ATOMICCHARGES [&Type "ArrayOfDoubles", &Dim (41,1)] 
                                                         0

0                                      1.1564774587542515e-03
1                                      2.3609662066683450e-02
2                                      2.7598875028756287e-01
3                                      5.3241918393666994e-02
4                                      9.5693906035731541e-05
5                                      5.3148994846139364e-01
6                                      9.4437126738227573e-02
7                                      7.0086835150888274e-03
8                                      5.1981430875257543e-04
9                                      3.4229603090840243e-04
10                                     5.0889529891605556e-05
11                                     8.9345222952839736e-04
12                                     3.7934089199269349e-05
13                                     5.3313033617780345e-03
14                                     6.2049109461765196e-04
15                                     6.5003030027734232e-06
16                                     3.9679819042170716e-03
17                                     3.8787544039366179e-04
18                                     1.6383661684295946e-05
19                                     4.1197472676616366e-05
20                                     1.1425585052653212e-04
21                                     3.0306340652777180e-05
22                                     1.7476061707098235e-04
23                                     2.9512435599648140e-05
24                                     1.9932310305141894e-04
25                                     6.6726523275477322e-05
26                                     1.4295025568825971e-05
27                                     1.0165699502201509e-04
28                                     7.5051126335769386e-06
29                                     5.0080117044980779e-07
30                                     6.6563962732200344e-06
31                                     2.7606273264382190e-06
32                                     1.2091026032558887e-06
33                                     5.0442837543360837e-08
34                                     7.6052554627027147e-08
35                                     4.0646437975084818e-07
36                                     5.1091667461103896e-07
37                                     1.9413651649311302e-06
38                                     9.5831797182167349e-07
39                                     2.2262085069045798e-07
40                                     1.9846347269809751e-06
$End
$Mayer_Population_Analysis
   &GeometryIndex 1
   &ListStatus       OUT
   &NATOMS [&Type "Integer"] 41 "Total number of atoms"
   &BONDTHRESH [&Type "Double"]       1.0000000000000001e-01  "The threshold for printing"
   &NBONDORDERSPRINT [&Type "Integer"] 43 "The number of bond orders larger than threshold"
   &BONDORDERS [&Type "ArrayOfDoubles", &Dim (43,1)] "The bond orders"
                                                         0

0                                      1.1627945691747872e+00
1                                      9.4510281500243110e-01
2                                      9.3867221601560902e-01
3                                      9.3540781551909424e-01
4                                      8.9835683458660420e-01
5                                      9.3626697892717858e-01
6                                      9.0864592237229547e-01
7                                      1.1423793817290457e+00
8                                      1.6155953083458099e+00
9                                      1.0938839952334642e+00
10                                     9.6903498094497842e-01
11                                     1.1979539049374138e-01
12                                     9.0668424839575479e-01
13                                     1.1595615376844361e+00
14                                     9.0532782933264322e-01
15                                     9.3018970074482399e-01
16                                     9.5158876875182363e-01
17                                     9.4206475259758804e-01
18                                     9.5034204619943485e-01
19                                     9.9505390788287629e-01
20                                     1.0047777842445031e+00
21                                     9.1192530071619515e-01
22                                     8.5463797593796820e-01
23                                     9.5591159225846434e-01
24                                     1.0928538412890931e-01
25                                     1.5980819004437206e+00
26                                     1.1228348700466957e+00
27                                     1.0676308466231099e+00
28                                     1.0466746899582015e-01
29                                     9.0354519209676587e-01
30                                     1.1703874843921713e+00
31                                     9.3424606914189712e-01
32                                     9.1573939084148037e-01
33                                     9.3467315204893542e-01
34                                     9.4002358727758617e-01
35                                     9.3758532669268546e-01
36                                     9.1919878528974641e-01
37                                     1.1598830294568656e+00
38                                     9.1210440213721999e-01
39                                     9.3476088052104356e-01
40                                     9.4646780697013566e-01
41                                     9.3663026643860747e-01
42                                     9.3959391453601460e-01
   &COMPONENTS [&Type "ArrayOfIntegers", &Dim (43,4)] "The indices and atomic numbers of the bonding atoms"
                                                         0                           1                           2                           3

0                                                        0                           6                           1                           6
1                                                        0                           6                          19                           1
2                                                        0                           6                          20                           1
3                                                        0                           6                          21                           1
4                                                        1                           6                           2                           8
5                                                        1                           6                          22                           1
6                                                        1                           6                          23                           1
7                                                        2                           8                           3                          15
8                                                        3                          15                           4                          16
9                                                        3                          15                           5                           8
10                                                       3                          15                           8                          16
11                                                       4                          16                           8                          16
12                                                       5                           8                           6                           6
13                                                       6                           6                           7                           6
14                                                       6                           6                          24                           1
15                                                       6                           6                          25                           1
16                                                       7                           6                          26                           1
17                                                       7                           6                          27                           1
18                                                       7                           6                          28                           1
19                                                       8                          16                           9                           6
20                                                       9                           6                          10                          16
21                                                       9                           6                          29                           1
22                                                       9                           6                          30                           1
23                                                      10                          16                          11                          15
24                                                      10                          16                          12                          16
25                                                      11                          15                          12                          16
26                                                      11                          15                          13                           8
27                                                      11                          15                          16                           8
28                                                      12                          16                          30                           1
29                                                      13                           8                          14                           6
30                                                      14                           6                          15                           6
31                                                      14                           6                          31                           1
32                                                      14                           6                          32                           1
33                                                      15                           6                          33                           1
34                                                      15                           6                          34                           1
35                                                      15                           6                          35                           1
36                                                      16                           8                          17                           6
37                                                      17                           6                          18                           6
38                                                      17                           6                          36                           1
39                                                      17                           6                          37                           1
40                                                      18                           6                          38                           1
41                                                      18                           6                          39                           1
42                                                      18                           6                          40                           1
   &ATNO [&Type "ArrayOfIntegers", &Dim (41,1)] "Atomic number of the elements"
                                                         0

0                                                        6
1                                                        6
2                                                        8
3                                                       15
4                                                       16
5                                                        8
6                                                        6
7                                                        6
8                                                       16
9                                                        6
10                                                      16
11                                                      15
12                                                      16
13                                                       8
14                                                       6
15                                                       6
16                                                       8
17                                                       6
18                                                       6
19                                                       1
20                                                       1
21                                                       1
22                                                       1
23                                                       1
24                                                       1
25                                                       1
26                                                       1
27                                                       1
28                                                       1
29                                                       1
30                                                       1
31                                                       1
32                                                       1
33                                                       1
34                                                       1
35                                                       1
36                                                       1
37                                                       1
38                                                       1
39                                                       1
40                                                       1
   &NA [&Type "ArrayOfDoubles", &Dim (41,1)] "Mulliken gross atomic population"
                                                         0

0                                      6.3047813346665702e+00
1                                      6.0101148014061936e+00
2                                      8.3630793308110150e+00
3                                      1.4378354780203258e+01
4                                      1.6327472098119532e+01
5                                      8.3793910566352139e+00
6                                      6.0087016163067446e+00
7                                      6.2833156024552341e+00
8                                      1.6100669771806331e+01
9                                      6.3431461018076307e+00
10                                     1.6091833618067195e+01
11                                     1.4363354171622127e+01
12                                     1.6311067758832387e+01
13                                     8.3600605663887642e+00
14                                     6.0363723179874462e+00
15                                     6.2951240739088652e+00
16                                     8.3870059390146068e+00
17                                     6.0042288235254215e+00
18                                     6.3181011871992379e+00
19                                     8.8642843734305266e-01
20                                     8.9099990135603280e-01
21                                     8.7862145735627672e-01
22                                     8.9824069957692632e-01
23                                     8.7140455235322656e-01
24                                     8.9683582436484000e-01
25                                     8.9854435980466718e-01
26                                     8.7997419809131305e-01
27                                     8.8950950284086472e-01
28                                     8.8329374510462344e-01
29                                     8.1717457871333887e-01
30                                     8.0412665434752473e-01
31                                     8.8979823119232748e-01
32                                     8.9219069311318266e-01
33                                     8.6706589481737140e-01
34                                     8.6476027163086933e-01
35                                     8.9255858580010039e-01
36                                     8.9029713489967532e-01
37                                     8.9763457890296428e-01
38                                     8.8787471223605330e-01
39                                     8.6914681686945117e-01
40                                     8.8734421852150480e-01
   &ZA [&Type "ArrayOfDoubles", &Dim (41,1)] "Total nuclear charge"
                                                         0

0                                      6.0000000000000000e+00
1                                      6.0000000000000000e+00
2                                      8.0000000000000000e+00
3                                      1.5000000000000000e+01
4                                      1.6000000000000000e+01
5                                      8.0000000000000000e+00
6                                      6.0000000000000000e+00
7                                      6.0000000000000000e+00
8                                      1.6000000000000000e+01
9                                      6.0000000000000000e+00
10                                     1.6000000000000000e+01
11                                     1.5000000000000000e+01
12                                     1.6000000000000000e+01
13                                     8.0000000000000000e+00
14                                     6.0000000000000000e+00
15                                     6.0000000000000000e+00
16                                     8.0000000000000000e+00
17                                     6.0000000000000000e+00
18                                     6.0000000000000000e+00
19                                     1.0000000000000000e+00
20                                     1.0000000000000000e+00
21                                     1.0000000000000000e+00
22                                     1.0000000000000000e+00
23                                     1.0000000000000000e+00
24                                     1.0000000000000000e+00
25                                     1.0000000000000000e+00
26                                     1.0000000000000000e+00
27                                     1.0000000000000000e+00
28                                     1.0000000000000000e+00
29                                     1.0000000000000000e+00
30                                     1.0000000000000000e+00
31                                     1.0000000000000000e+00
32                                     1.0000000000000000e+00
33                                     1.0000000000000000e+00
34                                     1.0000000000000000e+00
35                                     1.0000000000000000e+00
36                                     1.0000000000000000e+00
37                                     1.0000000000000000e+00
38                                     1.0000000000000000e+00
39                                     1.0000000000000000e+00
40                                     1.0000000000000000e+00
   &QA [&Type "ArrayOfDoubles", &Dim (41,1)] "Mulliken gross atomic charge"
                                                         0

0                                     -3.0478133466657020e-01
1                                     -1.0114801406193585e-02
2                                     -3.6307933081101496e-01
3                                      6.2164521979674170e-01
4                                     -3.2747209811953226e-01
5                                     -3.7939105663521389e-01
6                                     -8.7016163067445973e-03
7                                     -2.8331560245523413e-01
8                                     -1.0066977180633074e-01
9                                     -3.4314610180763072e-01
10                                    -9.1833618067195033e-02
11                                     6.3664582837787265e-01
12                                    -3.1106775883238669e-01
13                                    -3.6006056638876416e-01
14                                    -3.6372317987446223e-02
15                                    -2.9512407390886519e-01
16                                    -3.8700593901460678e-01
17                                    -4.2288235254215323e-03
18                                    -3.1810118719923786e-01
19                                     1.1357156265694734e-01
20                                     1.0900009864396720e-01
21                                     1.2137854264372328e-01
22                                     1.0175930042307368e-01
23                                     1.2859544764677344e-01
24                                     1.0316417563516000e-01
25                                     1.0145564019533282e-01
26                                     1.2002580190868695e-01
27                                     1.1049049715913528e-01
28                                     1.1670625489537656e-01
29                                     1.8282542128666113e-01
30                                     1.9587334565247527e-01
31                                     1.1020176880767252e-01
32                                     1.0780930688681734e-01
33                                     1.3293410518262860e-01
34                                     1.3523972836913067e-01
35                                     1.0744141419989961e-01
36                                     1.0970286510032468e-01
37                                     1.0236542109703572e-01
38                                     1.1212528776394670e-01
39                                     1.3085318313054883e-01
40                                     1.1265578147849520e-01
   &VA [&Type "ArrayOfDoubles", &Dim (41,1)] "Mayer's total valence"
                                                         0

0                                      3.9926468496726724e+00
1                                      3.9913821666368348e+00
2                                      2.1868580597473355e+00
3                                      4.9926666392968988e+00
4                                      2.0836939163189672e+00
5                                      2.1642198325702111e+00
6                                      3.9646094532278227e+00
7                                      4.0039134192181631e+00
8                                      2.2447968414424930e+00
9                                      3.8239740847722050e+00
10                                     2.2777401423940935e+00
11                                     4.9420111846007311e+00
12                                     2.0854574141431645e+00
13                                     2.1854145958504145e+00
14                                     4.0313421768855502e+00
15                                     3.9946038436213116e+00
16                                     2.1507912695857114e+00
17                                     4.0079526245105805e+00
18                                     3.9927879249219118e+00
19                                     9.6054741958233003e-01
20                                     9.5401456215848901e-01
21                                     9.8358721940353644e-01
22                                     9.5159697125149789e-01
23                                     9.8141023705132824e-01
24                                     1.0006287339657225e+00
25                                     9.5499027125759484e-01
26                                     9.6036355964693898e-01
27                                     9.5437791054126320e-01
28                                     9.5848047618129928e-01
29                                     9.3218649433163514e-01
30                                     9.9155196111550103e-01
31                                     9.4742046179073525e-01
32                                     9.7011872465562488e-01
33                                     9.6817182996894480e-01
34                                     9.6475629646383732e-01
35                                     9.5370965822429188e-01
36                                     9.8927592229930972e-01
37                                     9.4900937603388091e-01
38                                     9.5729476491123833e-01
39                                     9.7652660489863652e-01
40                                     9.5431821926401872e-01
   &BVA [&Type "ArrayOfDoubles", &Dim (41,1)] "Mayer's bonded valence"
                                                         0

0                                      3.9926468496726346e+00
1                                      3.9913821666368308e+00
2                                      2.1868580597473657e+00
3                                      4.9926666392969539e+00
4                                      2.0836939163188513e+00
5                                      2.1642198325702209e+00
6                                      3.9646094532278457e+00
7                                      4.0039134192182209e+00
8                                      2.2447968414424055e+00
9                                      3.8239740847722148e+00
10                                     2.2777401423941614e+00
11                                     4.9420111846008261e+00
12                                     2.0854574141432307e+00
13                                     2.1854145958504083e+00
14                                     4.0313421768855440e+00
15                                     3.9946038436212605e+00
16                                     2.1507912695857545e+00
17                                     4.0079526245106045e+00
18                                     3.9927879249219376e+00
19                                     9.6054741958233303e-01
20                                     9.5401456215849167e-01
21                                     9.8358721940353966e-01
22                                     9.5159697125149534e-01
23                                     9.8141023705133335e-01
24                                     1.0006287339657201e+00
25                                     9.5499027125759328e-01
26                                     9.6036355964693487e-01
27                                     9.5437791054126708e-01
28                                     9.5848047618129484e-01
29                                     9.3218649433163170e-01
30                                     9.9155196111550914e-01
31                                     9.4742046179072970e-01
32                                     9.7011872465562332e-01
33                                     9.6817182996894680e-01
34                                     9.6475629646382421e-01
35                                     9.5370965822427844e-01
36                                     9.8927592229931793e-01
37                                     9.4900937603388258e-01
38                                     9.5729476491124799e-01
39                                     9.7652660489864629e-01
40                                     9.5431821926402693e-01
   &FA [&Type "ArrayOfDoubles", &Dim (41,1)] "Mayer's free valence"
                                                         0

0                                      0.0000000000000000e+00
1                                      0.0000000000000000e+00
2                                      0.0000000000000000e+00
3                                      0.0000000000000000e+00
4                                      0.0000000000000000e+00
5                                      0.0000000000000000e+00
6                                      0.0000000000000000e+00
7                                      0.0000000000000000e+00
8                                      0.0000000000000000e+00
9                                      0.0000000000000000e+00
10                                     0.0000000000000000e+00
11                                     0.0000000000000000e+00
12                                     0.0000000000000000e+00
13                                     0.0000000000000000e+00
14                                     0.0000000000000000e+00
15                                     0.0000000000000000e+00
16                                     0.0000000000000000e+00
17                                     0.0000000000000000e+00
18                                     0.0000000000000000e+00
19                                     0.0000000000000000e+00
20                                     0.0000000000000000e+00
21                                     0.0000000000000000e+00
22                                     0.0000000000000000e+00
23                                     0.0000000000000000e+00
24                                     0.0000000000000000e+00
25                                     0.0000000000000000e+00
26                                     0.0000000000000000e+00
27                                     0.0000000000000000e+00
28                                     0.0000000000000000e+00
29                                     0.0000000000000000e+00
30                                     0.0000000000000000e+00
31                                     0.0000000000000000e+00
32                                     0.0000000000000000e+00
33                                     0.0000000000000000e+00
34                                     0.0000000000000000e+00
35                                     0.0000000000000000e+00
36                                     0.0000000000000000e+00
37                                     0.0000000000000000e+00
38                                     0.0000000000000000e+00
39                                     0.0000000000000000e+00
40                                     0.0000000000000000e+00
$End
$VdW_Correction
   &GeometryIndex 1
   &ListStatus       OUT
   &VDW [&Type "Double"]      -6.6736770184326166e-02
$End
$Calculation_Info
   &GeometryIndex 1
   &ListStatus       OUT
   &MULT [&Type "Integer"] 1
   &CHARGE [&Type "Integer"] 0
   &NUMOFATOMS [&Type "Integer"] 41
   &NUMOFELECTRONS [&Type "Integer"] 202
   &NUMOFFCELECTRONS [&Type "Integer"] 1
   &NUMOFCORRELECTRONS [&Type "Integer"] 0
   &NUMOFBASISFUNCTS [&Type "Integer"] 334
   &NUMOFAUXCBASISFUNCTS [&Type "Integer"] 0
   &NUMOFAUXJBASISFUNCTS [&Type "Integer"] 1185
   &NUMOFAUXJKBASISFUNCTS [&Type "Integer"] 0
   &NUMOFCABSBASISFUNCTS [&Type "Integer"] 0
   &TOTALENERGY [&Type "Double"]      -2.9295144258415148e+03  "Hartrees"
$End
$SCF_Dipole_Moment
   &GeometryIndex 1
   &ListStatus       OUT
   &METHOD [&Type "String"] "SCF"
   &LEVEL [&Type "String"] "Relaxed density"
   &MULT [&Type "Integer"] 1
   &STATE [&Type "Integer"] -1
   &IRREP [&Type "Integer"] 0
   &NATOMS [&Type "Integer"] 41
   &DODIPOLEATOM [&Type "Boolean"] false
   &DIPOLEELECCONTRIB [&Type "ArrayOfDoubles", &Dim (3,1)] "Electronic contribution"
                                                         0

0                                     -1.6630398193986824e+00
1                                     -1.3531517611211736e+01
2                                     -9.0398971330767797e-01
   &DIPOLENUCCONTRIB [&Type "ArrayOfDoubles", &Dim (3,1)] "Nuclear contribution"
                                                         0

0                                      1.1284056917457583e+00
1                                      1.3669265871317227e+01
2                                      1.2481299266489829e+00
   &DIPOLETOTAL [&Type "ArrayOfDoubles", &Dim (3,1)] "Total"
                                                         0

0                                     -5.3463412765292406e-01
1                                      1.3774826010549113e-01
2                                      3.4414021334130496e-01
   &DIPOLEMAGNITUDE [&Type "Double", &Units "a.u."]       6.5056953513970517e-01
$End
