*************************************************
******************* ORCA 6.0.0 ******************
*************************************************
$Calculation_Status
   &GeometryIndex 1
   &ListStatus       OUT
   &VERSION [&Type "String"] "6.0.0"
   &PROGNAME [&Type "String"] "LeanSCF"
   &STATUS [&Type "String"] "NORMAL TERMINATION"
$End
$Geometry
   &GeometryIndex 1
   &ListStatus       OUT
   &NATOMS [&Type "Integer"] 41
   &NCORELESSECP [&Type "Integer"] 0
   &NGHOSTATOMS [&Type "Integer"] 0
   &CartesianCoordinates [&Type "Coordinates", &Dim(41,4), &Units "Bohr"] 
              C      2.226902350889   -4.817394285346   -3.286892339312
              C      4.656954624741   -4.973993627495   -1.779638691593
              O      4.732580310186   -3.105041305877    0.191407439911
              P      5.306040671556   -0.225627432980   -0.398696687973
              S      7.435904885513    0.359135144937   -3.367269098426
              O      6.417160421760    0.394167510861    2.323104528347
              C      6.688775237639    2.888062618588    3.364438946113
              C      8.162277818381    4.657330371838    1.662353669437
              S      1.740408550207    1.666729083313   -0.432994456878
              C      0.361444163505    0.123147783914    2.328081728912
              S     -2.121273327712   -2.066927015647    1.501113003245
              P     -4.811480204674    0.754208409660    0.477763097946
              S     -4.898117682216    3.741064457330    2.648585230839
              O     -7.387330509676   -0.767764701555    0.212875030204
              C     -9.063553645494   -1.188645573608    2.314216431645
              C     -7.906185147392   -2.880571840758    4.312190768629
              O     -4.158730677895    1.469679757370   -2.339397474954
              C     -3.967959501025   -0.332807392000   -4.389498103409
              C     -6.432105626269   -0.501109607029   -5.835532018131
              H      2.121548468247   -2.995267808287   -4.241651176948
              H      2.202575423164   -6.307819875356   -4.694841839809
              H      0.606249696261   -5.026532430875   -2.040961261861
              H      6.297598777933   -4.703220695002   -3.011251561304
              H      4.818193901606   -6.766698791135   -0.775888372666
              H      4.806131343922    3.656730599975    3.745377682964
              H      7.676437645812    2.563040810955    5.146106555776
              H      9.975481744496    3.827523849349    1.165273894129
              H      7.112436480572    5.015514928782   -0.072618644751
              H      8.471664824723    6.436944159864    2.634121176114
              H     -0.446193816734    1.601571542778    3.516242077163
              H      1.812723203408   -0.945790389023    3.315359834631
              H     -9.569377545318    0.647463600900    3.119376767195
              H    -10.722628244003   -2.056161872306    1.451256911588
              H     -7.194280676279   -4.610367244533    3.462798018998
              H     -6.352850037136   -1.908086661449    5.247520377570
              H     -9.332722915194   -3.345020744160    5.710589728738
              H     -2.445020204397    0.401695969263   -5.572485588473
              H     -3.429943497814   -2.173707182695   -3.619755346708
              H     -6.178968660620   -1.750408157554   -7.442741050683
              H     -7.918713360807   -1.240006796415   -4.626960405316
              H     -6.983460945478    1.360322626729   -6.504252670400
$End
$SCF_Energy
   &GeometryIndex 1
   &ListStatus       OUT
   &SCF_ENERGY [&Type "Double"]      -2.9296405154757040e+03
$End
$DFT_Energy
   &GeometryIndex 1
   &ListStatus       OUT
   &NALPHAEL [&Type "Integer"] 101
   &NBETAEL [&Type "Integer"] 101
   &NTOTALEL [&Type "Integer"] 202
   &EEXCHANGE [&Type "Double"]      -2.3180461814459073e+02
   &ECORR [&Type "Double"]      -7.2936021928019015e+00
   &ECNL [&Type "Double"]       0.0000000000000000e+00
   &EXC [&Type "Double"]      -2.3909822033739263e+02
   &EEMBED [&Type "Double"]       0.0000000000000000e+00
   &FINALEN [&Type "Double"]      -2.9296405154757040e+03  "No Van der Waals correction"
$End
$Mulliken_Population_Analysis
   &GeometryIndex 1
   &ListStatus       OUT
   &NATOMS [&Type "Integer"] 41
   &ATNO [&Type "ArrayOfIntegers", &Dim (41,1)] 
                                                         0

0                                                        6
1                                                        6
2                                                        8
3                                                       15
4                                                       16
5                                                        8
6                                                        6
7                                                        6
8                                                       16
9                                                        6
10                                                      16
11                                                      15
12                                                      16
13                                                       8
14                                                       6
15                                                       6
16                                                       8
17                                                       6
18                                                       6
19                                                       1
20                                                       1
21                                                       1
22                                                       1
23                                                       1
24                                                       1
25                                                       1
26                                                       1
27                                                       1
28                                                       1
29                                                       1
30                                                       1
31                                                       1
32                                                       1
33                                                       1
34                                                       1
35                                                       1
36                                                       1
37                                                       1
38                                                       1
39                                                       1
40                                                       1
   &ATOMICCHARGES [&Type "ArrayOfDoubles", &Dim (41,1)] 
                                                         0

0                                     -3.3632186211292669e-01
1                                     -3.6228917450715770e-03
2                                     -3.6511045398063224e-01
3                                      5.6945136015700193e-01
4                                     -3.1180861877812305e-01
5                                     -3.6384746154002734e-01
6                                     -7.1261840126197740e-03
7                                     -3.1241285204806868e-01
8                                     -7.2011429771173141e-02
9                                     -3.7160535065131040e-01
10                                    -9.1277749651496265e-02
11                                     5.9979183126565694e-01
12                                    -3.0793795327041451e-01
13                                    -3.8097628570993969e-01
14                                    -1.1731112936175236e-03
15                                    -3.2054271268821033e-01
16                                    -3.4849425948452328e-01
17                                    -2.5300608077188258e-02
18                                    -2.8699093295530886e-01
19                                     1.2680413033009941e-01
20                                     1.0882689778722732e-01
21                                     1.3263188969315187e-01
22                                     1.1526975736276213e-01
23                                     1.0521923292600255e-01
24                                     1.0872778525514437e-01
25                                     1.0900572708919043e-01
26                                     1.2683005440428619e-01
27                                     1.2764874740569909e-01
28                                     1.1209726845329238e-01
29                                     1.9695501003904003e-01
30                                     1.9730749418901872e-01
31                                     1.1595436333762543e-01
32                                     1.0728588189109778e-01
33                                     1.1760964972813737e-01
34                                     1.3016972143840810e-01
35                                     1.1700656473356519e-01
36                                     1.2025934604770183e-01
37                                     1.1012828786655937e-01
38                                     1.1070307535211565e-01
39                                     1.1950478825862865e-01
40                                     1.2137185275928397e-01
$End
$Loewdin_Population_Analysis
   &GeometryIndex 1
   &ListStatus       OUT
   &NATOMS [&Type "Integer"] 41
   &ATNO [&Type "ArrayOfIntegers", &Dim (41,1)] 
                                                         0

0                                                        6
1                                                        6
2                                                        8
3                                                       15
4                                                       16
5                                                        8
6                                                        6
7                                                        6
8                                                       16
9                                                        6
10                                                      16
11                                                      15
12                                                      16
13                                                       8
14                                                       6
15                                                       6
16                                                       8
17                                                       6
18                                                       6
19                                                       1
20                                                       1
21                                                       1
22                                                       1
23                                                       1
24                                                       1
25                                                       1
26                                                       1
27                                                       1
28                                                       1
29                                                       1
30                                                       1
31                                                       1
32                                                       1
33                                                       1
34                                                       1
35                                                       1
36                                                       1
37                                                       1
38                                                       1
39                                                       1
40                                                       1
   &ATOMICCHARGES [&Type "ArrayOfDoubles", &Dim (41,1)] 
                                                         0

0                                      2.8494172484057837e-03
1                                      1.3020410972847643e-01
2                                      6.1225418158791245e-01
3                                      2.3079988125216326e-02
4                                      2.4348809040420204e-04
5                                      1.9634342307181499e-01
6                                      3.1300020276986217e-02
7                                      9.4866490098477962e-04
8                                      1.2082876666467321e-04
9                                      3.5338759961959262e-04
10                                     2.2521028171029908e-05
11                                     4.1836125349739076e-05
12                                     3.0015808417081378e-06
13                                     2.9776449393548936e-04
14                                     4.3437187759340638e-05
15                                     2.3044682987878496e-06
16                                     1.8760832283389880e-04
17                                     4.6642368498572061e-05
18                                     8.0758665806945775e-06
19                                     2.5944850597879689e-05
20                                     1.4245711915157036e-04
21                                     1.1315856094588114e-05
22                                     2.1114516108605377e-04
23                                     8.8483028399191763e-04
24                                     4.6534714238852190e-05
25                                     1.8400666066215260e-04
26                                     1.0349193459891009e-05
27                                     1.5883455401490732e-05
28                                     1.4990209393074274e-05
29                                     3.7112709699576843e-05
30                                     4.8060983653182979e-05
31                                     2.5590165404267123e-08
32                                     2.4504786643547412e-07
33                                     1.4881710124605312e-07
34                                     1.0295676341277686e-07
35                                     3.4268232257768405e-08
36                                     4.3169091405050736e-07
37                                     1.5037947263566101e-05
38                                     9.1402710563760733e-08
39                                     2.9279902970526017e-07
40                                     2.5744376987468579e-07
$End
$Mayer_Population_Analysis
   &GeometryIndex 1
   &ListStatus       OUT
   &NATOMS [&Type "Integer"] 41 "Total number of atoms"
   &BONDTHRESH [&Type "Double"]       1.0000000000000001e-01  "The threshold for printing"
   &NBONDORDERSPRINT [&Type "Integer"] 41 "The number of bond orders larger than threshold"
   &BONDORDERS [&Type "ArrayOfDoubles", &Dim (41,1)] "The bond orders"
                                                         0

0                                      1.1630159037171055e+00
1                                      9.3653166249075681e-01
2                                      9.3733084918992926e-01
3                                      9.2979505997647438e-01
4                                      9.0883363879642320e-01
5                                      9.0996439884689795e-01
6                                      9.3298719169508215e-01
7                                      1.0947947341467523e+00
8                                      1.6481765274446782e+00
9                                      1.0947637329749937e+00
10                                     9.6983642854627228e-01
11                                     9.1614337649495514e-01
12                                     1.1677431113608920e+00
13                                     9.1979698588405345e-01
14                                     9.3335462109153577e-01
15                                     9.4345465316554278e-01
16                                     9.3457675964211029e-01
17                                     9.3538472356612112e-01
18                                     9.6585553371182886e-01
19                                     1.0088011706677757e+00
20                                     8.6509635553298347e-01
21                                     8.8655045608614569e-01
22                                     9.4619479586777011e-01
23                                     1.0786821782684992e-01
24                                     1.6381345393191451e+00
25                                     1.0891179064583039e+00
26                                     1.1474413193319370e+00
27                                     9.0242265877082151e-01
28                                     1.1661874458204768e+00
29                                     9.1899710920501965e-01
30                                     9.3391070186340519e-01
31                                     9.4366475714453624e-01
32                                     9.3464443660366059e-01
33                                     9.3672125205601331e-01
34                                     8.8908554327907907e-01
35                                     1.1615754964094027e+00
36                                     9.3253526712338231e-01
37                                     9.1031171851772608e-01
38                                     9.3994394551572358e-01
39                                     9.4184517985597416e-01
40                                     9.4674263884364818e-01
   &COMPONENTS [&Type "ArrayOfIntegers", &Dim (41,4)] "The indices and atomic numbers of the bonding atoms"
                                                         0                           1                           2                           3

0                                                        0                           6                           1                           6
1                                                        0                           6                          19                           1
2                                                        0                           6                          20                           1
3                                                        0                           6                          21                           1
4                                                        1                           6                           2                           8
5                                                        1                           6                          22                           1
6                                                        1                           6                          23                           1
7                                                        2                           8                           3                          15
8                                                        3                          15                           4                          16
9                                                        3                          15                           5                           8
10                                                       3                          15                           8                          16
11                                                       5                           8                           6                           6
12                                                       6                           6                           7                           6
13                                                       6                           6                          24                           1
14                                                       6                           6                          25                           1
15                                                       7                           6                          26                           1
16                                                       7                           6                          27                           1
17                                                       7                           6                          28                           1
18                                                       8                          16                           9                           6
19                                                       9                           6                          10                          16
20                                                       9                           6                          29                           1
21                                                       9                           6                          30                           1
22                                                      10                          16                          11                          15
23                                                      10                          16                          12                          16
24                                                      11                          15                          12                          16
25                                                      11                          15                          13                           8
26                                                      11                          15                          16                           8
27                                                      13                           8                          14                           6
28                                                      14                           6                          15                           6
29                                                      14                           6                          31                           1
30                                                      14                           6                          32                           1
31                                                      15                           6                          33                           1
32                                                      15                           6                          34                           1
33                                                      15                           6                          35                           1
34                                                      16                           8                          17                           6
35                                                      17                           6                          18                           6
36                                                      17                           6                          36                           1
37                                                      17                           6                          37                           1
38                                                      18                           6                          38                           1
39                                                      18                           6                          39                           1
40                                                      18                           6                          40                           1
   &ATNO [&Type "ArrayOfIntegers", &Dim (41,1)] "Atomic number of the elements"
                                                         0

0                                                        6
1                                                        6
2                                                        8
3                                                       15
4                                                       16
5                                                        8
6                                                        6
7                                                        6
8                                                       16
9                                                        6
10                                                      16
11                                                      15
12                                                      16
13                                                       8
14                                                       6
15                                                       6
16                                                       8
17                                                       6
18                                                       6
19                                                       1
20                                                       1
21                                                       1
22                                                       1
23                                                       1
24                                                       1
25                                                       1
26                                                       1
27                                                       1
28                                                       1
29                                                       1
30                                                       1
31                                                       1
32                                                       1
33                                                       1
34                                                       1
35                                                       1
36                                                       1
37                                                       1
38                                                       1
39                                                       1
40                                                       1
   &NA [&Type "ArrayOfDoubles", &Dim (41,1)] "Mulliken gross atomic population"
                                                         0

0                                      6.3363218621129400e+00
1                                      6.0036228917450662e+00
2                                      8.3651104539806429e+00
3                                      1.4430548639843021e+01
4                                      1.6311808618778208e+01
5                                      8.3638474615400291e+00
6                                      6.0071261840126109e+00
7                                      6.3124128520480509e+00
8                                      1.6072011429771205e+01
9                                      6.3716053506513086e+00
10                                     1.6091277749651525e+01
11                                     1.4400208168734306e+01
12                                     1.6307937953270400e+01
13                                     8.3809762857099432e+00
14                                     6.0011731112936273e+00
15                                     6.3205427126882103e+00
16                                     8.3484942594845215e+00
17                                     6.0253006080771838e+00
18                                     6.2869909329552893e+00
19                                     8.7319586966990037e-01
20                                     8.9117310221277324e-01
21                                     8.6736811030684779e-01
22                                     8.8473024263723754e-01
23                                     8.9478076707399834e-01
24                                     8.9127221474485541e-01
25                                     8.9099427291081024e-01
26                                     8.7316994559571348e-01
27                                     8.7235125259430046e-01
28                                     8.8790273154670774e-01
29                                     8.0304498996096052e-01
30                                     8.0269250581098139e-01
31                                     8.8404563666237490e-01
32                                     8.9271411810890078e-01
33                                     8.8239035027186197e-01
34                                     8.6983027856159145e-01
35                                     8.8299343526643503e-01
36                                     8.7974065395229806e-01
37                                     8.8987171213344163e-01
38                                     8.8929692464788468e-01
39                                     8.8049521174137146e-01
40                                     8.7862814724071603e-01
   &ZA [&Type "ArrayOfDoubles", &Dim (41,1)] "Total nuclear charge"
                                                         0

0                                      6.0000000000000000e+00
1                                      6.0000000000000000e+00
2                                      8.0000000000000000e+00
3                                      1.5000000000000000e+01
4                                      1.6000000000000000e+01
5                                      8.0000000000000000e+00
6                                      6.0000000000000000e+00
7                                      6.0000000000000000e+00
8                                      1.6000000000000000e+01
9                                      6.0000000000000000e+00
10                                     1.6000000000000000e+01
11                                     1.5000000000000000e+01
12                                     1.6000000000000000e+01
13                                     8.0000000000000000e+00
14                                     6.0000000000000000e+00
15                                     6.0000000000000000e+00
16                                     8.0000000000000000e+00
17                                     6.0000000000000000e+00
18                                     6.0000000000000000e+00
19                                     1.0000000000000000e+00
20                                     1.0000000000000000e+00
21                                     1.0000000000000000e+00
22                                     1.0000000000000000e+00
23                                     1.0000000000000000e+00
24                                     1.0000000000000000e+00
25                                     1.0000000000000000e+00
26                                     1.0000000000000000e+00
27                                     1.0000000000000000e+00
28                                     1.0000000000000000e+00
29                                     1.0000000000000000e+00
30                                     1.0000000000000000e+00
31                                     1.0000000000000000e+00
32                                     1.0000000000000000e+00
33                                     1.0000000000000000e+00
34                                     1.0000000000000000e+00
35                                     1.0000000000000000e+00
36                                     1.0000000000000000e+00
37                                     1.0000000000000000e+00
38                                     1.0000000000000000e+00
39                                     1.0000000000000000e+00
40                                     1.0000000000000000e+00
   &QA [&Type "ArrayOfDoubles", &Dim (41,1)] "Mulliken gross atomic charge"
                                                         0

0                                     -3.3632186211294002e-01
1                                     -3.6228917450662479e-03
2                                     -3.6511045398064290e-01
3                                      5.6945136015697884e-01
4                                     -3.1180861877820831e-01
5                                     -3.6384746154002912e-01
6                                     -7.1261840126108922e-03
7                                     -3.1241285204805092e-01
8                                     -7.2011429771205115e-02
9                                     -3.7160535065130862e-01
10                                    -9.1277749651524687e-02
11                                     5.9979183126569424e-01
12                                    -3.0793795327040030e-01
13                                    -3.8097628570994324e-01
14                                    -1.1731112936272936e-03
15                                    -3.2054271268821033e-01
16                                    -3.4849425948452151e-01
17                                    -2.5300608077183817e-02
18                                    -2.8699093295528932e-01
19                                     1.2680413033009963e-01
20                                     1.0882689778722676e-01
21                                     1.3263188969315221e-01
22                                     1.1526975736276246e-01
23                                     1.0521923292600166e-01
24                                     1.0872778525514459e-01
25                                     1.0900572708918976e-01
26                                     1.2683005440428652e-01
27                                     1.2764874740569954e-01
28                                     1.1209726845329226e-01
29                                     1.9695501003903948e-01
30                                     1.9730749418901861e-01
31                                     1.1595436333762510e-01
32                                     1.0728588189109922e-01
33                                     1.1760964972813803e-01
34                                     1.3016972143840855e-01
35                                     1.1700656473356497e-01
36                                     1.2025934604770194e-01
37                                     1.1012828786655837e-01
38                                     1.1070307535211532e-01
39                                     1.1950478825862854e-01
40                                     1.2137185275928397e-01
   &VA [&Type "ArrayOfDoubles", &Dim (41,1)] "Mayer's total valence"
                                                         0

0                                      3.9878708437330248e+00
1                                      3.9862745101230437e+00
2                                      2.1722523791220203e+00
3                                      4.9624490747394718e+00
4                                      2.0281187766205662e+00
5                                      2.1770927679662329e+00
6                                      4.0065798492890012e+00
7                                      3.9973983835212419e+00
8                                      2.2503803782820113e+00
9                                      3.8026256108752210e+00
10                                     2.3073235612186727e+00
11                                     4.9649765593674493e+00
12                                     2.0444139620542288e+00
13                                     2.1768547885875402e+00
14                                     4.0015862629180736e+00
15                                     3.9879168256076372e+00
16                                     2.1804336406684470e+00
17                                     3.9995466377274642e+00
18                                     3.9865680716968339e+00
19                                     9.8045239680140350e-01
20                                     9.5442720817177329e-01
21                                     9.6906460878602552e-01
22                                     9.8751626928580993e-01
23                                     9.4922717884021202e-01
24                                     9.6032832236859866e-01
25                                     9.4773692269221055e-01
26                                     9.6532295137989432e-01
27                                     9.8137968085576255e-01
28                                     9.5289122714722629e-01
29                                     9.7288967721896491e-01
30                                     9.5965137645736642e-01
31                                     9.7781485445858096e-01
32                                     9.4749959538422368e-01
33                                     9.6117692310129699e-01
34                                     9.8187518825656095e-01
35                                     9.5460713039685630e-01
36                                     9.5238246424968964e-01
37                                     9.7137583227562985e-01
38                                     9.5479113789162295e-01
39                                     9.7965767509306723e-01
40                                     9.5805547964325466e-01
   &BVA [&Type "ArrayOfDoubles", &Dim (41,1)] "Mayer's bonded valence"
                                                         0

0                                      3.9878708437329640e+00
1                                      3.9862745101230397e+00
2                                      2.1722523791220265e+00
3                                      4.9624490747394381e+00
4                                      2.0281187766204325e+00
5                                      2.1770927679662391e+00
6                                      4.0065798492890332e+00
7                                      3.9973983835212645e+00
8                                      2.2503803782820166e+00
9                                      3.8026256108752294e+00
10                                     2.3073235612187677e+00
11                                     4.9649765593675408e+00
12                                     2.0444139620541582e+00
13                                     2.1768547885874714e+00
14                                     4.0015862629180008e+00
15                                     3.9879168256076376e+00
16                                     2.1804336406683880e+00
17                                     3.9995466377274229e+00
18                                     3.9865680716968361e+00
19                                     9.8045239680139840e-01
20                                     9.5442720817176518e-01
21                                     9.6906460878603262e-01
22                                     9.8751626928581215e-01
23                                     9.4922717884021357e-01
24                                     9.6032832236860333e-01
25                                     9.4773692269221377e-01
26                                     9.6532295137990243e-01
27                                     9.8137968085575578e-01
28                                     9.5289122714722396e-01
29                                     9.7288967721896702e-01
30                                     9.5965137645736387e-01
31                                     9.7781485445857919e-01
32                                     9.4749959538422646e-01
33                                     9.6117692310130110e-01
34                                     9.8187518825656062e-01
35                                     9.5460713039685385e-01
36                                     9.5238246424967410e-01
37                                     9.7137583227563029e-01
38                                     9.5479113789161474e-01
39                                     9.7965767509305723e-01
40                                     9.5805547964324944e-01
   &FA [&Type "ArrayOfDoubles", &Dim (41,1)] "Mayer's free valence"
                                                         0

0                                      0.0000000000000000e+00
1                                      0.0000000000000000e+00
2                                      0.0000000000000000e+00
3                                      0.0000000000000000e+00
4                                      0.0000000000000000e+00
5                                      0.0000000000000000e+00
6                                      0.0000000000000000e+00
7                                      0.0000000000000000e+00
8                                      0.0000000000000000e+00
9                                      0.0000000000000000e+00
10                                     0.0000000000000000e+00
11                                     0.0000000000000000e+00
12                                     0.0000000000000000e+00
13                                     0.0000000000000000e+00
14                                     0.0000000000000000e+00
15                                     0.0000000000000000e+00
16                                     0.0000000000000000e+00
17                                     0.0000000000000000e+00
18                                     0.0000000000000000e+00
19                                     0.0000000000000000e+00
20                                     0.0000000000000000e+00
21                                     0.0000000000000000e+00
22                                     0.0000000000000000e+00
23                                     0.0000000000000000e+00
24                                     0.0000000000000000e+00
25                                     0.0000000000000000e+00
26                                     0.0000000000000000e+00
27                                     0.0000000000000000e+00
28                                     0.0000000000000000e+00
29                                     0.0000000000000000e+00
30                                     0.0000000000000000e+00
31                                     0.0000000000000000e+00
32                                     0.0000000000000000e+00
33                                     0.0000000000000000e+00
34                                     0.0000000000000000e+00
35                                     0.0000000000000000e+00
36                                     0.0000000000000000e+00
37                                     0.0000000000000000e+00
38                                     0.0000000000000000e+00
39                                     0.0000000000000000e+00
40                                     0.0000000000000000e+00
$End
$VdW_Correction
   &GeometryIndex 1
   &ListStatus       OUT
   &VDW [&Type "Double"]      -6.4497887301124698e-02
$End
$Calculation_Info
   &GeometryIndex 1
   &ListStatus       OUT
   &MULT [&Type "Integer"] 1
   &CHARGE [&Type "Integer"] 0
   &NUMOFATOMS [&Type "Integer"] 41
   &NUMOFELECTRONS [&Type "Integer"] 202
   &NUMOFFCELECTRONS [&Type "Integer"] 1
   &NUMOFCORRELECTRONS [&Type "Integer"] 0
   &NUMOFBASISFUNCTS [&Type "Integer"] 334
   &NUMOFAUXCBASISFUNCTS [&Type "Integer"] 0
   &NUMOFAUXJBASISFUNCTS [&Type "Integer"] 1185
   &NUMOFAUXJKBASISFUNCTS [&Type "Integer"] 0
   &NUMOFCABSBASISFUNCTS [&Type "Integer"] 0
   &TOTALENERGY [&Type "Double"]      -2.9295192780216053e+03  "Hartrees"
$End
$SCF_Dipole_Moment
   &GeometryIndex 1
   &ListStatus       OUT
   &METHOD [&Type "String"] "SCF"
   &LEVEL [&Type "String"] "Relaxed density"
   &MULT [&Type "Integer"] 1
   &STATE [&Type "Integer"] -1
   &IRREP [&Type "Integer"] 0
   &NATOMS [&Type "Integer"] 41
   &DODIPOLEATOM [&Type "Boolean"] false
   &DIPOLEELECCONTRIB [&Type "ArrayOfDoubles", &Dim (3,1)] "Electronic contribution"
                                                         0

0                                      6.6181678562056669e+00
1                                      8.1715695513315900e+00
2                                      2.4277774472141740e+00
   &DIPOLENUCCONTRIB [&Type "ArrayOfDoubles", &Dim (3,1)] "Nuclear contribution"
                                                         0

0                                     -7.5545892857317565e+00
1                                     -9.4166248170081364e+00
2                                     -2.0699089021020409e+00
   &DIPOLETOTAL [&Type "ArrayOfDoubles", &Dim (3,1)] "Total"
                                                         0

0                                     -9.3642142952608953e-01
1                                     -1.2450552656765463e+00
2                                      3.5786854511213306e-01
   &DIPOLEMAGNITUDE [&Type "Double", &Units "a.u."]       1.5984735230354161e+00
$End
