*************************************************
******************* ORCA 6.0.0 ******************
*************************************************
$Calculation_Status
   &GeometryIndex 1
   &ListStatus       OUT
   &VERSION [&Type "String"] "6.0.0"
   &PROGNAME [&Type "String"] "LeanSCF"
   &STATUS [&Type "String"] "NORMAL TERMINATION"
$End
$Geometry
   &GeometryIndex 1
   &ListStatus       OUT
   &NATOMS [&Type "Integer"] 41
   &NCORELESSECP [&Type "Integer"] 0
   &NGHOSTATOMS [&Type "Integer"] 0
   &CartesianCoordinates [&Type "Coordinates", &Dim(41,4), &Units "Bohr"] 
              C      9.756688093364   -4.674754129429   -2.274448729692
              C      7.760920661329   -2.689008520929   -2.794288620915
              O      6.374224853214   -2.275394834876   -0.480887181664
              P      4.535850724204    0.074316783080   -0.181044830536
              S      6.000507206463    3.390012938507   -0.885832479267
              O      3.593237248839   -0.172944711837    2.625342091099
              C      2.607696024425   -2.505823678348    3.670643948820
              C      4.600463677604   -3.795235317583    5.268785042646
              S      1.428973127791   -0.957499063173   -2.552778438512
              C      0.044046417976    2.156865427872   -2.671713534190
              S     -1.185265311246    3.164382943059    0.364709604406
              P     -4.478265221046    0.909983725578    0.269287995713
              S     -6.173844592997    0.683300141670   -3.025139112175
              O     -6.106712413941    1.992700328851    2.549875863389
              C     -7.429286883934    4.372855464682    2.411273628543
              C    -10.148319207761    3.982129420633    1.594716807270
              O     -3.543841445335   -1.679550317473    1.423447667597
              C     -4.858741179462   -4.040721108850    0.970320839496
              C     -2.942759959188   -6.104256669098    0.455727761736
              H     10.818448879708   -5.023497098713   -3.993370230341
              H     11.038303424226   -4.021135904050   -0.809988613790
              H      8.869939146054   -6.420139590505   -1.658713798200
              H      6.427046253609   -3.315009025305   -4.242543877527
              H      8.604881975602   -0.893940456959   -3.381469233432
              H      0.975616001979   -1.928552159641    4.794681561496
              H      1.988323738243   -3.720045036188    2.118651422652
              H      5.252661830863   -2.520948287409    6.740644647110
              H      3.793007290787   -5.471848297288    6.131802225240
              H      6.201840592385   -4.333198612931    4.101063983031
              H     -1.489330091959    2.092433771963   -4.047744218201
              H      1.490739393018    3.522280755794   -3.207660552602
              H     -7.319833770513    5.138614597623    4.323551890396
              H     -6.434063597406    5.632782941608    1.109778934899
              H    -11.128129885862    5.783352040296    1.628546632741
              H    -10.217930674434    3.217660043920   -0.312097962667
              H    -11.085201583879    2.673066119276    2.868574840131
              H     -5.971256755088   -4.439540702721    2.660786755959
              H     -6.128671638030   -3.789616419124   -0.644471971678
              H     -1.781501415430   -5.600196664781   -1.163445472034
              H     -1.738960228382   -6.385401341368    2.093750566392
              H     -3.943731038803   -7.846871672043    0.046019464969
$End
$SCF_Energy
   &GeometryIndex 1
   &ListStatus       OUT
   &SCF_ENERGY [&Type "Double"]      -2.9296449917006912e+03
$End
$DFT_Energy
   &GeometryIndex 1
   &ListStatus       OUT
   &NALPHAEL [&Type "Integer"] 101
   &NBETAEL [&Type "Integer"] 101
   &NTOTALEL [&Type "Integer"] 201
   &EEXCHANGE [&Type "Double"]      -2.3180688888956286e+02
   &ECORR [&Type "Double"]      -7.2907904877740366e+00
   &ECNL [&Type "Double"]       0.0000000000000000e+00
   &EXC [&Type "Double"]      -2.3909767937733690e+02
   &EEMBED [&Type "Double"]       0.0000000000000000e+00
   &FINALEN [&Type "Double"]      -2.9296449917006912e+03  "No Van der Waals correction"
$End
$Mulliken_Population_Analysis
   &GeometryIndex 1
   &ListStatus       OUT
   &NATOMS [&Type "Integer"] 41
   &ATNO [&Type "ArrayOfIntegers", &Dim (41,1)] 
                                                         0

0                                                        6
1                                                        6
2                                                        8
3                                                       15
4                                                       16
5                                                        8
6                                                        6
7                                                        6
8                                                       16
9                                                        6
10                                                      16
11                                                      15
12                                                      16
13                                                       8
14                                                       6
15                                                       6
16                                                       8
17                                                       6
18                                                       6
19                                                       1
20                                                       1
21                                                       1
22                                                       1
23                                                       1
24                                                       1
25                                                       1
26                                                       1
27                                                       1
28                                                       1
29                                                       1
30                                                       1
31                                                       1
32                                                       1
33                                                       1
34                                                       1
35                                                       1
36                                                       1
37                                                       1
38                                                       1
39                                                       1
40                                                       1
   &ATOMICCHARGES [&Type "ArrayOfDoubles", &Dim (41,1)] 
                                                         0

0                                     -2.8219117013096451e-01
1                                     -1.2322045534499892e-02
2                                     -3.8460116669806332e-01
3                                      5.9608052859424987e-01
4                                     -3.1263989943286319e-01
5                                     -3.4439346624436595e-01
6                                     -2.4473927483816382e-02
7                                     -2.8664807326789798e-01
8                                     -9.8688897963015165e-02
9                                     -3.8249692447888872e-01
10                                    -5.7479914505325524e-02
11                                     6.0767640423517122e-01
12                                    -3.3990628993089800e-01
13                                    -3.7447981882964676e-01
14                                    -9.1197209552609237e-03
15                                    -2.9204414192803174e-01
16                                    -3.6305322319354971e-01
17                                    -1.2716243146717154e-02
18                                    -2.9502655619401175e-01
19                                     1.1481983995020062e-01
20                                     1.2327425917310064e-01
21                                     1.1525139413125096e-01
22                                     1.0536190358424657e-01
23                                     1.0909854538738950e-01
24                                     1.1472635941489995e-01
25                                     1.1099933335110279e-01
26                                     1.2068684189333223e-01
27                                     1.0713715492098241e-01
28                                     1.1808361094617881e-01
29                                     1.9372140379447944e-01
30                                     1.9683976800270575e-01
31                                     1.0890284057136601e-01
32                                     1.0454727596941948e-01
33                                     1.0858803359739788e-01
34                                     1.2984462090232429e-01
35                                     1.1110454741745257e-01
36                                     1.0468836101012413e-01
37                                     1.1091998938374092e-01
38                                     1.3057023796608491e-01
39                                     1.1799032172015034e-01
40                                     1.1136790400051888e-01
$End
$Loewdin_Population_Analysis
   &GeometryIndex 1
   &ListStatus       OUT
   &NATOMS [&Type "Integer"] 41
   &ATNO [&Type "ArrayOfIntegers", &Dim (41,1)] 
                                                         0

0                                                        6
1                                                        6
2                                                        8
3                                                       15
4                                                       16
5                                                        8
6                                                        6
7                                                        6
8                                                       16
9                                                        6
10                                                      16
11                                                      15
12                                                      16
13                                                       8
14                                                       6
15                                                       6
16                                                       8
17                                                       6
18                                                       6
19                                                       1
20                                                       1
21                                                       1
22                                                       1
23                                                       1
24                                                       1
25                                                       1
26                                                       1
27                                                       1
28                                                       1
29                                                       1
30                                                       1
31                                                       1
32                                                       1
33                                                       1
34                                                       1
35                                                       1
36                                                       1
37                                                       1
38                                                       1
39                                                       1
40                                                       1
   &ATOMICCHARGES [&Type "ArrayOfDoubles", &Dim (41,1)] 
                                                         0

0                                      6.9016620786634319e-03
1                                      8.7177951131601511e-02
2                                      5.0451891247707803e-01
3                                      5.6887930830957251e-02
4                                      5.1107701334751854e-05
5                                      3.0713409158414251e-01
6                                      2.9680098478520774e-02
7                                      5.4275653406916338e-04
8                                      2.1676718931277128e-04
9                                      1.7823016206244439e-04
10                                     5.6610799918094994e-05
11                                     4.2680166089307441e-04
12                                     3.9814183583859561e-06
13                                     2.6393404322751527e-03
14                                     4.2063770174684956e-04
15                                     4.8083189395328443e-06
16                                     2.3442220108700236e-03
17                                     1.4443337479204369e-04
18                                     3.3772551725978294e-05
19                                     9.4716818889825570e-05
20                                     1.8973240610845538e-05
21                                     6.5492049855055183e-06
22                                     7.2772491210743603e-05
23                                     1.3241945856410885e-04
24                                     1.3510867000522900e-04
25                                     6.8554899415651583e-05
26                                     6.1445348886662064e-06
27                                     4.4529177631743685e-05
28                                     3.2525394585335985e-07
29                                     7.2736622802691124e-06
30                                     5.0288255717260958e-06
31                                     2.8693374071079269e-06
32                                     1.8867843439001986e-06
33                                     5.5738294274229087e-07
34                                     3.2408365782120182e-08
35                                     1.7841091708364710e-08
36                                     2.3833535733123031e-08
37                                     1.0327474797809036e-06
38                                     3.8583431199363452e-06
39                                     3.0345342075280640e-05
40                                     2.8633043742850750e-06
$End
$Mayer_Population_Analysis
   &GeometryIndex 1
   &ListStatus       OUT
   &NATOMS [&Type "Integer"] 41 "Total number of atoms"
   &BONDTHRESH [&Type "Double"]       1.0000000000000001e-01  "The threshold for printing"
   &NBONDORDERSPRINT [&Type "Integer"] 42 "The number of bond orders larger than threshold"
   &BONDORDERS [&Type "ArrayOfDoubles", &Dim (42,1)] "The bond orders"
                                                         0

0                                      1.1590215841403682e+00
1                                      9.4164804697714477e-01
2                                      9.5069949921336716e-01
3                                      9.5088473653759276e-01
4                                      9.0241580506341557e-01
5                                      9.2712694845547727e-01
6                                      9.1250180784730262e-01
7                                      1.0784678281151390e+00
8                                      1.6535123109222800e+00
9                                      1.1516808145229405e+00
10                                     9.4581254586355978e-01
11                                     1.0953855951499793e-01
12                                     8.8658703708434439e-01
13                                     1.1594377945325993e+00
14                                     9.3231578776154578e-01
15                                     9.0554634406445500e-01
16                                     9.4672202631943414e-01
17                                     9.4108803896430593e-01
18                                     9.4275096133811309e-01
19                                     1.0056454987836996e+00
20                                     1.0059267298902199e+00
21                                     8.6800467726199115e-01
22                                     8.7205613455529996e-01
23                                     9.7752017331441210e-01
24                                     1.0916337283379994e-01
25                                     1.5951388461666447e+00
26                                     1.1181741485283136e+00
27                                     1.1320780146953922e+00
28                                     9.0115127839174691e-01
29                                     1.1672538994587396e+00
30                                     9.3589814115028402e-01
31                                     9.1571402777907918e-01
32                                     9.3967658561273903e-01
33                                     9.3263667957845153e-01
34                                     9.4770170803406206e-01
35                                     8.9531100591409085e-01
36                                     1.1691464554459223e+00
37                                     9.3266891295431498e-01
38                                     9.0026054800014543e-01
39                                     9.4055990907525955e-01
40                                     9.4161982592384508e-01
41                                     9.3822446404432236e-01
   &COMPONENTS [&Type "ArrayOfIntegers", &Dim (42,4)] "The indices and atomic numbers of the bonding atoms"
                                                         0                           1                           2                           3

0                                                        0                           6                           1                           6
1                                                        0                           6                          19                           1
2                                                        0                           6                          20                           1
3                                                        0                           6                          21                           1
4                                                        1                           6                           2                           8
5                                                        1                           6                          22                           1
6                                                        1                           6                          23                           1
7                                                        2                           8                           3                          15
8                                                        3                          15                           4                          16
9                                                        3                          15                           5                           8
10                                                       3                          15                           8                          16
11                                                       4                          16                           8                          16
12                                                       5                           8                           6                           6
13                                                       6                           6                           7                           6
14                                                       6                           6                          24                           1
15                                                       6                           6                          25                           1
16                                                       7                           6                          26                           1
17                                                       7                           6                          27                           1
18                                                       7                           6                          28                           1
19                                                       8                          16                           9                           6
20                                                       9                           6                          10                          16
21                                                       9                           6                          29                           1
22                                                       9                           6                          30                           1
23                                                      10                          16                          11                          15
24                                                      10                          16                          12                          16
25                                                      11                          15                          12                          16
26                                                      11                          15                          13                           8
27                                                      11                          15                          16                           8
28                                                      13                           8                          14                           6
29                                                      14                           6                          15                           6
30                                                      14                           6                          31                           1
31                                                      14                           6                          32                           1
32                                                      15                           6                          33                           1
33                                                      15                           6                          34                           1
34                                                      15                           6                          35                           1
35                                                      16                           8                          17                           6
36                                                      17                           6                          18                           6
37                                                      17                           6                          36                           1
38                                                      17                           6                          37                           1
39                                                      18                           6                          38                           1
40                                                      18                           6                          39                           1
41                                                      18                           6                          40                           1
   &ATNO [&Type "ArrayOfIntegers", &Dim (41,1)] "Atomic number of the elements"
                                                         0

0                                                        6
1                                                        6
2                                                        8
3                                                       15
4                                                       16
5                                                        8
6                                                        6
7                                                        6
8                                                       16
9                                                        6
10                                                      16
11                                                      15
12                                                      16
13                                                       8
14                                                       6
15                                                       6
16                                                       8
17                                                       6
18                                                       6
19                                                       1
20                                                       1
21                                                       1
22                                                       1
23                                                       1
24                                                       1
25                                                       1
26                                                       1
27                                                       1
28                                                       1
29                                                       1
30                                                       1
31                                                       1
32                                                       1
33                                                       1
34                                                       1
35                                                       1
36                                                       1
37                                                       1
38                                                       1
39                                                       1
40                                                       1
   &NA [&Type "ArrayOfDoubles", &Dim (41,1)] "Mulliken gross atomic population"
                                                         0

0                                      6.2821911701309752e+00
1                                      6.0123220455344999e+00
2                                      8.3846011666980829e+00
3                                      1.4403919471405766e+01
4                                      1.6312639899432856e+01
5                                      8.3443934662443713e+00
6                                      6.0244739274838173e+00
7                                      6.2866480732678882e+00
8                                      1.6098688897963005e+01
9                                      6.3824969244789127e+00
10                                     1.6057479914505311e+01
11                                     1.4392323595764783e+01
12                                     1.6339906289930841e+01
13                                     8.3744798188296095e+00
14                                     6.0091197209552556e+00
15                                     6.2920441419280415e+00
16                                     8.3630532231935604e+00
17                                     6.0127162431467127e+00
18                                     6.2950265561940224e+00
19                                     8.8518016004979894e-01
20                                     8.7672574082689958e-01
21                                     8.8474860586874882e-01
22                                     8.9463809641575476e-01
23                                     8.9090145461261006e-01
24                                     8.8527364058510116e-01
25                                     8.8900066664889810e-01
26                                     8.7931315810666755e-01
27                                     8.9286284507901792e-01
28                                     8.8191638905382175e-01
29                                     8.0627859620552123e-01
30                                     8.0316023199729381e-01
31                                     8.9109715942863421e-01
32                                     8.9545272403058107e-01
33                                     8.9141196640260234e-01
34                                     8.7015537909767682e-01
35                                     8.8889545258254710e-01
36                                     8.9531163898987620e-01
37                                     8.8908001061625874e-01
38                                     8.6942976203391498e-01
39                                     8.8200967827985000e-01
40                                     8.8863209599948179e-01
   &ZA [&Type "ArrayOfDoubles", &Dim (41,1)] "Total nuclear charge"
                                                         0

0                                      6.0000000000000000e+00
1                                      6.0000000000000000e+00
2                                      8.0000000000000000e+00
3                                      1.5000000000000000e+01
4                                      1.6000000000000000e+01
5                                      8.0000000000000000e+00
6                                      6.0000000000000000e+00
7                                      6.0000000000000000e+00
8                                      1.6000000000000000e+01
9                                      6.0000000000000000e+00
10                                     1.6000000000000000e+01
11                                     1.5000000000000000e+01
12                                     1.6000000000000000e+01
13                                     8.0000000000000000e+00
14                                     6.0000000000000000e+00
15                                     6.0000000000000000e+00
16                                     8.0000000000000000e+00
17                                     6.0000000000000000e+00
18                                     6.0000000000000000e+00
19                                     1.0000000000000000e+00
20                                     1.0000000000000000e+00
21                                     1.0000000000000000e+00
22                                     1.0000000000000000e+00
23                                     1.0000000000000000e+00
24                                     1.0000000000000000e+00
25                                     1.0000000000000000e+00
26                                     1.0000000000000000e+00
27                                     1.0000000000000000e+00
28                                     1.0000000000000000e+00
29                                     1.0000000000000000e+00
30                                     1.0000000000000000e+00
31                                     1.0000000000000000e+00
32                                     1.0000000000000000e+00
33                                     1.0000000000000000e+00
34                                     1.0000000000000000e+00
35                                     1.0000000000000000e+00
36                                     1.0000000000000000e+00
37                                     1.0000000000000000e+00
38                                     1.0000000000000000e+00
39                                     1.0000000000000000e+00
40                                     1.0000000000000000e+00
   &QA [&Type "ArrayOfDoubles", &Dim (41,1)] "Mulliken gross atomic charge"
                                                         0

0                                     -2.8219117013097517e-01
1                                     -1.2322045534499892e-02
2                                     -3.8460116669808286e-01
3                                      5.9608052859423388e-01
4                                     -3.1263989943285608e-01
5                                     -3.4439346624437128e-01
6                                     -2.4473927483817270e-02
7                                     -2.8664807326788821e-01
8                                     -9.8688897963004507e-02
9                                     -3.8249692447891270e-01
10                                    -5.7479914505311314e-02
11                                     6.0767640423521740e-01
12                                    -3.3990628993084115e-01
13                                    -3.7447981882960946e-01
14                                    -9.1197209552555947e-03
15                                    -2.9204414192804151e-01
16                                    -3.6305322319356037e-01
17                                    -1.2716243146712713e-02
18                                    -2.9502655619402240e-01
19                                     1.1481983995020106e-01
20                                     1.2327425917310042e-01
21                                     1.1525139413125118e-01
22                                     1.0536190358424524e-01
23                                     1.0909854538738994e-01
24                                     1.1472635941489884e-01
25                                     1.1099933335110190e-01
26                                     1.2068684189333245e-01
27                                     1.0713715492098208e-01
28                                     1.1808361094617825e-01
29                                     1.9372140379447877e-01
30                                     1.9683976800270619e-01
31                                     1.0890284057136579e-01
32                                     1.0454727596941893e-01
33                                     1.0858803359739766e-01
34                                     1.2984462090232318e-01
35                                     1.1110454741745290e-01
36                                     1.0468836101012380e-01
37                                     1.1091998938374126e-01
38                                     1.3057023796608502e-01
39                                     1.1799032172015000e-01
40                                     1.1136790400051821e-01
   &VA [&Type "ArrayOfDoubles", &Dim (41,1)] "Mayer's total valence"
                                                         0

0                                      4.0030845250308094e+00
1                                      3.9626339385903209e+00
2                                      2.1594993762808903e+00
3                                      4.9793826625937339e+00
4                                      2.0392250543367720e+00
5                                      2.1813649160424586e+00
6                                      3.9973961850881929e+00
7                                      3.9851980981164092e+00
8                                      2.2815749527169809e+00
9                                      3.8015475172385726e+00
10                                     2.2834331719869700e+00
11                                     4.9771087413546651e+00
12                                     2.0623853354795401e+00
13                                     2.1720129267804169e+00
14                                     4.0027711617681669e+00
15                                     3.9829801972518384e+00
16                                     2.1735868911855150e+00
17                                     3.9736976739282528e+00
18                                     4.0042089884774086e+00
19                                     9.5422334377449558e-01
20                                     9.5826168575940252e-01
21                                     9.5747438245487038e-01
22                                     9.6134341559178027e-01
23                                     9.8878102868138529e-01
24                                     9.6192431783495813e-01
25                                     9.7850914753911400e-01
26                                     9.5781169290159340e-01
27                                     9.5501219524284531e-01
28                                     9.7972331627723608e-01
29                                     9.8099160486836545e-01
30                                     9.7406664348955085e-01
31                                     9.4740545727275449e-01
32                                     9.7593141101263059e-01
33                                     9.5505537376936689e-01
34                                     9.9208377166570527e-01
35                                     9.5921962028414431e-01
36                                     9.4691311352464769e-01
37                                     1.0009428582928368e+00
38                                     9.7151347162172275e-01
39                                     9.5665415404445686e-01
40                                     9.5268813341714698e-01
   &BVA [&Type "ArrayOfDoubles", &Dim (41,1)] "Mayer's bonded valence"
                                                         0

0                                      4.0030845250307880e+00
1                                      3.9626339385902987e+00
2                                      2.1594993762808148e+00
3                                      4.9793826625936868e+00
4                                      2.0392250543367800e+00
5                                      2.1813649160424080e+00
6                                      3.9973961850881516e+00
7                                      3.9851980981164181e+00
8                                      2.2815749527170461e+00
9                                      3.8015475172385180e+00
10                                     2.2834331719870069e+00
11                                     4.9771087413546669e+00
12                                     2.0623853354797022e+00
13                                     2.1720129267804569e+00
14                                     4.0027711617681740e+00
15                                     3.9829801972518233e+00
16                                     2.1735868911855230e+00
17                                     3.9736976739283238e+00
18                                     4.0042089884774184e+00
19                                     9.5422334377449380e-01
20                                     9.5826168575940729e-01
21                                     9.5747438245488148e-01
22                                     9.6134341559177239e-01
23                                     9.8878102868138174e-01
24                                     9.6192431783495591e-01
25                                     9.7850914753910834e-01
26                                     9.5781169290159163e-01
27                                     9.5501219524284309e-01
28                                     9.7972331627722808e-01
29                                     9.8099160486836556e-01
30                                     9.7406664348955474e-01
31                                     9.4740545727275571e-01
32                                     9.7593141101263670e-01
33                                     9.5505537376937299e-01
34                                     9.9208377166569395e-01
35                                     9.5921962028414531e-01
36                                     9.4691311352465324e-01
37                                     1.0009428582928401e+00
38                                     9.7151347162172674e-01
39                                     9.5665415404445275e-01
40                                     9.5268813341714953e-01
   &FA [&Type "ArrayOfDoubles", &Dim (41,1)] "Mayer's free valence"
                                                         0

0                                      0.0000000000000000e+00
1                                      0.0000000000000000e+00
2                                      0.0000000000000000e+00
3                                      0.0000000000000000e+00
4                                      0.0000000000000000e+00
5                                      0.0000000000000000e+00
6                                      0.0000000000000000e+00
7                                      0.0000000000000000e+00
8                                      0.0000000000000000e+00
9                                      0.0000000000000000e+00
10                                     0.0000000000000000e+00
11                                     0.0000000000000000e+00
12                                     0.0000000000000000e+00
13                                     0.0000000000000000e+00
14                                     0.0000000000000000e+00
15                                     0.0000000000000000e+00
16                                     0.0000000000000000e+00
17                                     0.0000000000000000e+00
18                                     0.0000000000000000e+00
19                                     0.0000000000000000e+00
20                                     0.0000000000000000e+00
21                                     0.0000000000000000e+00
22                                     0.0000000000000000e+00
23                                     0.0000000000000000e+00
24                                     0.0000000000000000e+00
25                                     0.0000000000000000e+00
26                                     0.0000000000000000e+00
27                                     0.0000000000000000e+00
28                                     0.0000000000000000e+00
29                                     0.0000000000000000e+00
30                                     0.0000000000000000e+00
31                                     0.0000000000000000e+00
32                                     0.0000000000000000e+00
33                                     0.0000000000000000e+00
34                                     0.0000000000000000e+00
35                                     0.0000000000000000e+00
36                                     0.0000000000000000e+00
37                                     0.0000000000000000e+00
38                                     0.0000000000000000e+00
39                                     0.0000000000000000e+00
40                                     0.0000000000000000e+00
$End
$VdW_Correction
   &GeometryIndex 1
   &ListStatus       OUT
   &VDW [&Type "Double"]      -6.3476750878902519e-02
$End
$Calculation_Info
   &GeometryIndex 1
   &ListStatus       OUT
   &MULT [&Type "Integer"] 1
   &CHARGE [&Type "Integer"] 0
   &NUMOFATOMS [&Type "Integer"] 41
   &NUMOFELECTRONS [&Type "Integer"] 202
   &NUMOFFCELECTRONS [&Type "Integer"] 1
   &NUMOFCORRELECTRONS [&Type "Integer"] 0
   &NUMOFBASISFUNCTS [&Type "Integer"] 334
   &NUMOFAUXCBASISFUNCTS [&Type "Integer"] 0
   &NUMOFAUXJBASISFUNCTS [&Type "Integer"] 1185
   &NUMOFAUXJKBASISFUNCTS [&Type "Integer"] 0
   &NUMOFCABSBASISFUNCTS [&Type "Integer"] 0
   &TOTALENERGY [&Type "Double"]      -2.9295245028931704e+03  "Hartrees"
$End
$SCF_Dipole_Moment
   &GeometryIndex 1
   &ListStatus       OUT
   &METHOD [&Type "String"] "SCF"
   &LEVEL [&Type "String"] "Relaxed density"
   &MULT [&Type "Integer"] 1
   &STATE [&Type "Integer"] -1
   &IRREP [&Type "Integer"] 0
   &NATOMS [&Type "Integer"] 41
   &DODIPOLEATOM [&Type "Boolean"] false
   &DIPOLEELECCONTRIB [&Type "ArrayOfDoubles", &Dim (3,1)] "Electronic contribution"
                                                         0

0                                      6.3095704797796093e-01
1                                      1.7818828909500610e+01
2                                     -7.0317886612737528e+00
   &DIPOLENUCCONTRIB [&Type "ArrayOfDoubles", &Dim (3,1)] "Nuclear contribution"
                                                         0

0                                     -9.0842817072805149e-01
1                                     -1.9269897653615871e+01
2                                      7.6241563293991668e+00
   &DIPOLETOTAL [&Type "ArrayOfDoubles", &Dim (3,1)] "Total"
                                                         0

0                                     -2.7747112275009056e-01
1                                     -1.4510687441152612e+00
2                                      5.9236766812541397e-01
   &DIPOLEMAGNITUDE [&Type "Double", &Units "a.u."]       1.5916941221066245e+00
$End
