*************************************************
******************* ORCA 6.0.0 ******************
*************************************************
$Calculation_Status
   &GeometryIndex 1
   &ListStatus       OUT
   &VERSION [&Type "String"] "6.0.0"
   &PROGNAME [&Type "String"] "LeanSCF"
   &STATUS [&Type "String"] "NORMAL TERMINATION"
$End
$Geometry
   &GeometryIndex 1
   &ListStatus       OUT
   &NATOMS [&Type "Integer"] 41
   &NCORELESSECP [&Type "Integer"] 0
   &NGHOSTATOMS [&Type "Integer"] 0
   &CartesianCoordinates [&Type "Coordinates", &Dim(41,4), &Units "Bohr"] 
              C      6.988600626774   -3.536922996198   -4.271042872880
              C      7.514933329754   -0.739554300831   -3.973936469138
              O      6.703370371705    0.207454206036   -1.557317124159
              P      3.810081554489    0.314284423803   -0.763216185930
              S      1.500756359389    1.325581511066   -3.475023807067
              O      3.806718628853    2.278191360268    1.477529666502
              C      5.870519145146    2.789229384504    3.201661941645
              C      6.540378819259    0.540231551201    4.838638506231
              S      3.149547800356   -3.298037896618    0.871353856454
              C      0.087877373346   -2.725071364341    2.279245223873
              S     -2.507205892072   -2.780011749988    0.026269085066
              P     -3.968733895677    0.949519669818    0.468592533485
              S     -2.099485035777    3.093911520792    2.838046389459
              O     -6.879434749269    0.454334521081    1.088836269330
              C     -7.827474804530   -1.253639477466    2.977245123541
              C     -7.088516398789   -0.485748919962    5.634457297166
              O     -4.221103119267    2.337345588963   -2.144761712898
              C     -5.916780786645    1.673369256293   -4.185482526572
              C     -5.310957768436   -0.880780994324   -5.322999727916
              H      4.957702462145   -3.862700954878   -4.346986101480
              H      7.832689925017   -4.202109006440   -6.017649194738
              H      7.769326757681   -4.588276629487   -2.688464789650
              H      6.554221552062    0.341736997292   -5.452337479668
              H      9.535655123377   -0.332287405697   -4.003009710689
              H      7.494396840409    3.406114578499    2.089255345769
              H      5.145251837181    4.359149136658    4.326205896801
              H      4.883227408455   -0.127237298100    5.853389743959
              H      7.289223441598   -0.989927191655    3.688683276762
              H      7.966732361440    1.117831354454    6.195451872412
              H      0.080878437561   -0.881318233826    3.218965872268
              H     -0.204026814093   -4.261493290205    3.610083530311
              H     -9.871897146104   -1.173884867218    2.715255956159
              H     -7.139635451303   -3.154081009010    2.542414194901
              H     -5.047051862419   -0.584831948251    5.866692205572
              H     -7.682684402755    1.444586123533    6.011036934525
              H     -7.982797984197   -1.749172759676    6.979438042249
              H     -7.849228806251    1.739770626096   -3.465033004521
              H     -5.613541366687    3.192189579983   -5.546901486422
              H     -5.728777360497   -2.389176017542   -3.987043104857
              H     -6.442668733509   -1.149517605556   -7.012301642244
              H     -3.317520933564   -0.966379103217   -5.821081071870
$End
$SCF_Energy
   &GeometryIndex 1
   &ListStatus       OUT
   &SCF_ENERGY [&Type "Double"]      -2.9296248346530019e+03
$End
$DFT_Energy
   &GeometryIndex 1
   &ListStatus       OUT
   &NALPHAEL [&Type "Integer"] 100
   &NBETAEL [&Type "Integer"] 100
   &NTOTALEL [&Type "Integer"] 201
   &EEXCHANGE [&Type "Double"]      -2.3180902442429820e+02
   &ECORR [&Type "Double"]      -7.2980534708127358e+00
   &ECNL [&Type "Double"]       0.0000000000000000e+00
   &EXC [&Type "Double"]      -2.3910707789511093e+02
   &EEMBED [&Type "Double"]       0.0000000000000000e+00
   &FINALEN [&Type "Double"]      -2.9296248346530019e+03  "No Van der Waals correction"
$End
$Mulliken_Population_Analysis
   &GeometryIndex 1
   &ListStatus       OUT
   &NATOMS [&Type "Integer"] 41
   &ATNO [&Type "ArrayOfIntegers", &Dim (41,1)] 
                                                         0

0                                                        6
1                                                        6
2                                                        8
3                                                       15
4                                                       16
5                                                        8
6                                                        6
7                                                        6
8                                                       16
9                                                        6
10                                                      16
11                                                      15
12                                                      16
13                                                       8
14                                                       6
15                                                       6
16                                                       8
17                                                       6
18                                                       6
19                                                       1
20                                                       1
21                                                       1
22                                                       1
23                                                       1
24                                                       1
25                                                       1
26                                                       1
27                                                       1
28                                                       1
29                                                       1
30                                                       1
31                                                       1
32                                                       1
33                                                       1
34                                                       1
35                                                       1
36                                                       1
37                                                       1
38                                                       1
39                                                       1
40                                                       1
   &ATOMICCHARGES [&Type "ArrayOfDoubles", &Dim (41,1)] 
                                                         0

0                                     -3.2731271707971565e-01
1                                      2.4243000756563049e-03
2                                     -3.8619392122413387e-01
3                                      6.0741051371286403e-01
4                                     -3.0108975027206597e-01
5                                     -3.5167161844125161e-01
6                                      1.0711540895167460e-02
7                                     -3.2102551459102369e-01
8                                     -1.0775827897417045e-01
9                                     -3.4984445722034163e-01
10                                    -1.1474745034180955e-01
11                                     6.1991872803797321e-01
12                                    -2.9861616434085292e-01
13                                    -3.8462442245471529e-01
14                                    -5.3947024869218652e-03
15                                    -3.0288370990660329e-01
16                                    -3.4376733613377297e-01
17                                     3.3766103765566768e-03
18                                    -3.3235005752262925e-01
19                                     1.3437891602944840e-01
20                                     1.1533148480587840e-01
21                                     1.1775260475869542e-01
22                                     1.1300735250367033e-01
23                                     1.0325855488032754e-01
24                                     1.0724028864549262e-01
25                                     1.1287179043867568e-01
26                                     1.2240028366070721e-01
27                                     1.2441878283095853e-01
28                                     1.1129151727974995e-01
29                                     1.9781871669932760e-01
30                                     1.7686760615732799e-01
31                                     1.0253361773566994e-01
32                                     1.0223878908785000e-01
33                                     1.1815087217489173e-01
34                                     1.2293979463242077e-01
35                                     1.0617391417239441e-01
36                                     1.0715856716708116e-01
37                                     1.1069172670312200e-01
38                                     1.2137955376128151e-01
39                                     1.1166347961111978e-01
40                                     1.4387019415543878e-01
$End
$Loewdin_Population_Analysis
   &GeometryIndex 1
   &ListStatus       OUT
   &NATOMS [&Type "Integer"] 41
   &ATNO [&Type "ArrayOfIntegers", &Dim (41,1)] 
                                                         0

0                                                        6
1                                                        6
2                                                        8
3                                                       15
4                                                       16
5                                                        8
6                                                        6
7                                                        6
8                                                       16
9                                                        6
10                                                      16
11                                                      15
12                                                      16
13                                                       8
14                                                       6
15                                                       6
16                                                       8
17                                                       6
18                                                       6
19                                                       1
20                                                       1
21                                                       1
22                                                       1
23                                                       1
24                                                       1
25                                                       1
26                                                       1
27                                                       1
28                                                       1
29                                                       1
30                                                       1
31                                                       1
32                                                       1
33                                                       1
34                                                       1
35                                                       1
36                                                       1
37                                                       1
38                                                       1
39                                                       1
40                                                       1
   &ATOMICCHARGES [&Type "ArrayOfDoubles", &Dim (41,1)] 
                                                         0

0                                      1.6800614714156002e-03
1                                      7.0689859025720420e-02
2                                      4.2160332482939816e-01
3                                      4.4084042868525311e-02
4                                      8.9762938879201732e-05
5                                      2.0812874840116197e-01
6                                      1.4028368836711496e-02
7                                      3.3061850854587812e-04
8                                      6.0602332447489805e-05
9                                      1.2004450495830773e-04
10                                     7.9756418309119589e-05
11                                     1.3040537547707358e-02
12                                     5.9648906193583221e-05
13                                     1.1296978127874416e-01
14                                     2.0498311498707955e-02
15                                     5.1204134406106444e-04
16                                     8.3890537710316848e-02
17                                     6.7765849702141126e-03
18                                     1.1216288140189674e-04
19                                     1.0243738400005438e-05
20                                     1.1536601271554198e-04
21                                     3.7245587915565828e-06
22                                     1.0434413924484055e-04
23                                     5.1062204264976845e-04
24                                     1.0766130200285944e-05
25                                     1.1791055718605640e-04
26                                     5.7923707587022706e-06
27                                     1.0042391436584736e-05
28                                     3.4032749209622241e-05
29                                     1.3724786498878341e-05
30                                     9.3484844973901353e-08
31                                     1.5807638820089276e-04
32                                     2.1495576361735079e-05
33                                     4.0271490872528231e-06
34                                     2.7467162994665824e-06
35                                     3.8511642498143404e-05
36                                     7.7007768581960946e-06
37                                     5.6752520880426961e-05
38                                     4.6288870451813381e-06
39                                     1.2263932758467806e-05
40                                     2.3371746563327821e-06
$End
$Mayer_Population_Analysis
   &GeometryIndex 1
   &ListStatus       OUT
   &NATOMS [&Type "Integer"] 41 "Total number of atoms"
   &BONDTHRESH [&Type "Double"]       1.0000000000000001e-01  "The threshold for printing"
   &NBONDORDERSPRINT [&Type "Integer"] 43 "The number of bond orders larger than threshold"
   &BONDORDERS [&Type "ArrayOfDoubles", &Dim (43,1)] "The bond orders"
                                                         0

0                                      1.1660047613713598e+00
1                                      9.3091211758432235e-01
2                                      9.3712043248591403e-01
3                                      9.4346079123625015e-01
4                                      9.0503859275544907e-01
5                                      9.1523594769612771e-01
6                                      9.3363284574753258e-01
7                                      1.0677751269486113e+00
8                                      1.6669274179438500e+00
9                                      1.1317121721580874e+00
10                                     9.4363697234723476e-01
11                                     1.1267783201200066e-01
12                                     8.9983948423174098e-01
13                                     1.1700341057734869e+00
14                                     9.2790427804022557e-01
15                                     9.3327097853576058e-01
16                                     9.4466893989325973e-01
17                                     9.3786658709292137e-01
18                                     9.3583173622182991e-01
19                                     9.9915389199552307e-01
20                                     9.9836007215618039e-01
21                                     8.3507200411728122e-01
22                                     9.1133861497215551e-01
23                                     9.3208318296145276e-01
24                                     1.1898057553769567e-01
25                                     1.6367029912874709e+00
26                                     1.0595635178610183e+00
27                                     1.1489197182348634e+00
28                                     1.3009612509636609e-01
29                                     9.2437316035680184e-01
30                                     1.1648259226193749e+00
31                                     9.3366232937272986e-01
32                                     9.1538342063221600e-01
33                                     9.3432120683706943e-01
34                                     9.4532208738263912e-01
35                                     9.3664576300284796e-01
36                                     9.0112404994921946e-01
37                                     1.1681782272963044e+00
38                                     9.2696071863081531e-01
39                                     9.3301273461059253e-01
40                                     9.3530770454168188e-01
41                                     9.3616453873077343e-01
42                                     9.3608427483384871e-01
   &COMPONENTS [&Type "ArrayOfIntegers", &Dim (43,4)] "The indices and atomic numbers of the bonding atoms"
                                                         0                           1                           2                           3

0                                                        0                           6                           1                           6
1                                                        0                           6                          19                           1
2                                                        0                           6                          20                           1
3                                                        0                           6                          21                           1
4                                                        1                           6                           2                           8
5                                                        1                           6                          22                           1
6                                                        1                           6                          23                           1
7                                                        2                           8                           3                          15
8                                                        3                          15                           4                          16
9                                                        3                          15                           5                           8
10                                                       3                          15                           8                          16
11                                                       4                          16                           8                          16
12                                                       5                           8                           6                           6
13                                                       6                           6                           7                           6
14                                                       6                           6                          24                           1
15                                                       6                           6                          25                           1
16                                                       7                           6                          26                           1
17                                                       7                           6                          27                           1
18                                                       7                           6                          28                           1
19                                                       8                          16                           9                           6
20                                                       9                           6                          10                          16
21                                                       9                           6                          29                           1
22                                                       9                           6                          30                           1
23                                                      10                          16                          11                          15
24                                                      10                          16                          12                          16
25                                                      11                          15                          12                          16
26                                                      11                          15                          13                           8
27                                                      11                          15                          16                           8
28                                                      12                          16                          29                           1
29                                                      13                           8                          14                           6
30                                                      14                           6                          15                           6
31                                                      14                           6                          31                           1
32                                                      14                           6                          32                           1
33                                                      15                           6                          33                           1
34                                                      15                           6                          34                           1
35                                                      15                           6                          35                           1
36                                                      16                           8                          17                           6
37                                                      17                           6                          18                           6
38                                                      17                           6                          36                           1
39                                                      17                           6                          37                           1
40                                                      18                           6                          38                           1
41                                                      18                           6                          39                           1
42                                                      18                           6                          40                           1
   &ATNO [&Type "ArrayOfIntegers", &Dim (41,1)] "Atomic number of the elements"
                                                         0

0                                                        6
1                                                        6
2                                                        8
3                                                       15
4                                                       16
5                                                        8
6                                                        6
7                                                        6
8                                                       16
9                                                        6
10                                                      16
11                                                      15
12                                                      16
13                                                       8
14                                                       6
15                                                       6
16                                                       8
17                                                       6
18                                                       6
19                                                       1
20                                                       1
21                                                       1
22                                                       1
23                                                       1
24                                                       1
25                                                       1
26                                                       1
27                                                       1
28                                                       1
29                                                       1
30                                                       1
31                                                       1
32                                                       1
33                                                       1
34                                                       1
35                                                       1
36                                                       1
37                                                       1
38                                                       1
39                                                       1
40                                                       1
   &NA [&Type "ArrayOfDoubles", &Dim (41,1)] "Mulliken gross atomic population"
                                                         0

0                                      6.3273127170797299e+00
1                                      5.9975756999243588e+00
2                                      8.3861939212241587e+00
3                                      1.4392589486287157e+01
4                                      1.6301089750272070e+01
5                                      8.3516716184412445e+00
6                                      5.9892884591048210e+00
7                                      6.3210255145910121e+00
8                                      1.6107758278974178e+01
9                                      6.3498444572203203e+00
10                                     1.6114747450341817e+01
11                                     1.4380081271961977e+01
12                                     1.6298616164340796e+01
13                                     8.3846244224546904e+00
14                                     6.0053947024869174e+00
15                                     6.3028837099065873e+00
16                                     8.3437673361337819e+00
17                                     5.9966233896234433e+00
18                                     6.3323500575226195e+00
19                                     8.6562108397055160e-01
20                                     8.8466851519412160e-01
21                                     8.8224739524130280e-01
22                                     8.8699264749632967e-01
23                                     8.9674144511967235e-01
24                                     8.9275971135450727e-01
25                                     8.8712820956132299e-01
26                                     8.7759971633929246e-01
27                                     8.7558121716904203e-01
28                                     8.8870848272024983e-01
29                                     8.0218128330067295e-01
30                                     8.2313239384267234e-01
31                                     8.9746638226432984e-01
32                                     8.9776121091214878e-01
33                                     8.8184912782510827e-01
34                                     8.7706020536757878e-01
35                                     8.9382608582760592e-01
36                                     8.9284143283291850e-01
37                                     8.8930827329687789e-01
38                                     8.7862044623871927e-01
39                                     8.8833652038888089e-01
40                                     8.5612980584456100e-01
   &ZA [&Type "ArrayOfDoubles", &Dim (41,1)] "Total nuclear charge"
                                                         0

0                                      6.0000000000000000e+00
1                                      6.0000000000000000e+00
2                                      8.0000000000000000e+00
3                                      1.5000000000000000e+01
4                                      1.6000000000000000e+01
5                                      8.0000000000000000e+00
6                                      6.0000000000000000e+00
7                                      6.0000000000000000e+00
8                                      1.6000000000000000e+01
9                                      6.0000000000000000e+00
10                                     1.6000000000000000e+01
11                                     1.5000000000000000e+01
12                                     1.6000000000000000e+01
13                                     8.0000000000000000e+00
14                                     6.0000000000000000e+00
15                                     6.0000000000000000e+00
16                                     8.0000000000000000e+00
17                                     6.0000000000000000e+00
18                                     6.0000000000000000e+00
19                                     1.0000000000000000e+00
20                                     1.0000000000000000e+00
21                                     1.0000000000000000e+00
22                                     1.0000000000000000e+00
23                                     1.0000000000000000e+00
24                                     1.0000000000000000e+00
25                                     1.0000000000000000e+00
26                                     1.0000000000000000e+00
27                                     1.0000000000000000e+00
28                                     1.0000000000000000e+00
29                                     1.0000000000000000e+00
30                                     1.0000000000000000e+00
31                                     1.0000000000000000e+00
32                                     1.0000000000000000e+00
33                                     1.0000000000000000e+00
34                                     1.0000000000000000e+00
35                                     1.0000000000000000e+00
36                                     1.0000000000000000e+00
37                                     1.0000000000000000e+00
38                                     1.0000000000000000e+00
39                                     1.0000000000000000e+00
40                                     1.0000000000000000e+00
   &QA [&Type "ArrayOfDoubles", &Dim (41,1)] "Mulliken gross atomic charge"
                                                         0

0                                     -3.2731271707972986e-01
1                                      2.4243000756412059e-03
2                                     -3.8619392122415874e-01
3                                      6.0741051371284271e-01
4                                     -3.0108975027206952e-01
5                                     -3.5167161844124450e-01
6                                      1.0711540895179006e-02
7                                     -3.2102551459101214e-01
8                                     -1.0775827897417756e-01
9                                     -3.4984445722032032e-01
10                                    -1.1474745034181666e-01
11                                     6.1991872803802295e-01
12                                    -2.9861616434079608e-01
13                                    -3.8462442245469042e-01
14                                    -5.3947024869174243e-03
15                                    -3.0288370990658731e-01
16                                    -3.4376733613378185e-01
17                                     3.3766103765566768e-03
18                                    -3.3235005752261948e-01
19                                     1.3437891602944840e-01
20                                     1.1533148480587840e-01
21                                     1.1775260475869720e-01
22                                     1.1300735250367033e-01
23                                     1.0325855488032765e-01
24                                     1.0724028864549273e-01
25                                     1.1287179043867701e-01
26                                     1.2240028366070754e-01
27                                     1.2441878283095797e-01
28                                     1.1129151727975017e-01
29                                     1.9781871669932705e-01
30                                     1.7686760615732766e-01
31                                     1.0253361773567016e-01
32                                     1.0223878908785122e-01
33                                     1.1815087217489173e-01
34                                     1.2293979463242122e-01
35                                     1.0617391417239408e-01
36                                     1.0715856716708150e-01
37                                     1.1069172670312211e-01
38                                     1.2137955376128073e-01
39                                     1.1166347961111911e-01
40                                     1.4387019415543900e-01
   &VA [&Type "ArrayOfDoubles", &Dim (41,1)] "Mayer's total valence"
                                                         0

0                                      3.9836262041848243e+00
1                                      4.0020974984306834e+00
2                                      2.1639100137640686e+00
3                                      4.9709311889223713e+00
4                                      2.0711103111084501e+00
5                                      2.1892052328821530e+00
6                                      4.0249892594116465e+00
7                                      4.0086647321706437e+00
8                                      2.2672929086848042e+00
9                                      3.8006817598336351e+00
10                                     2.3000031444049749e+00
11                                     4.9469750437058222e+00
12                                     2.0827288605715797e+00
13                                     2.1667921029058101e+00
14                                     4.0112347320559998e+00
15                                     3.9897630571871545e+00
16                                     2.1973612816734804e+00
17                                     4.0297648050540200e+00
18                                     3.9971761080215078e+00
19                                     9.8449683812085031e-01
20                                     9.5535957951823836e-01
21                                     9.5946918466909215e-01
22                                     9.8406703436736409e-01
23                                     9.4964748957515321e-01
24                                     9.5972071692212590e-01
25                                     9.4943086336288562e-01
26                                     9.6294533831307161e-01
27                                     9.7472808623913398e-01
28                                     9.5374734242081038e-01
29                                     1.0083236715496180e+00
30                                     9.3408143812844335e-01
31                                     9.4815639844956057e-01
32                                     9.7796051644924586e-01
33                                     9.9041701590426023e-01
34                                     9.6422149954170100e-01
35                                     9.5304297719195530e-01
36                                     9.6136193335470077e-01
37                                     9.4955961104725950e-01
38                                     9.6096857210985609e-01
39                                     9.5386563448526107e-01
40                                     9.7315112833553497e-01
   &BVA [&Type "ArrayOfDoubles", &Dim (41,1)] "Mayer's bonded valence"
                                                         0

0                                      3.9836262041848101e+00
1                                      4.0020974984306505e+00
2                                      2.1639100137639922e+00
3                                      4.9709311889223899e+00
4                                      2.0711103111085007e+00
5                                      2.1892052328821054e+00
6                                      4.0249892594116234e+00
7                                      4.0086647321706792e+00
8                                      2.2672929086848823e+00
9                                      3.8006817598336924e+00
10                                     2.3000031444050020e+00
11                                     4.9469750437059563e+00
12                                     2.0827288605717365e+00
13                                     2.1667921029058244e+00
14                                     4.0112347320560469e+00
15                                     3.9897630571872456e+00
16                                     2.1973612816734636e+00
17                                     4.0297648050540547e+00
18                                     3.9971761080215611e+00
19                                     9.8449683812085054e-01
20                                     9.5535957951823602e-01
21                                     9.5946918466910014e-01
22                                     9.8406703436736354e-01
23                                     9.4964748957515455e-01
24                                     9.5972071692212957e-01
25                                     9.4943086336288440e-01
26                                     9.6294533831308626e-01
27                                     9.7472808623913754e-01
28                                     9.5374734242082460e-01
29                                     1.0083236715496182e+00
30                                     9.3408143812845290e-01
31                                     9.4815639844956412e-01
32                                     9.7796051644924276e-01
33                                     9.9041701590426512e-01
34                                     9.6422149954171332e-01
35                                     9.5304297719195319e-01
36                                     9.6136193335470177e-01
37                                     9.4955961104727216e-01
38                                     9.6096857210986020e-01
39                                     9.5386563448525996e-01
40                                     9.7315112833555117e-01
   &FA [&Type "ArrayOfDoubles", &Dim (41,1)] "Mayer's free valence"
                                                         0

0                                      0.0000000000000000e+00
1                                      0.0000000000000000e+00
2                                      0.0000000000000000e+00
3                                      0.0000000000000000e+00
4                                      0.0000000000000000e+00
5                                      0.0000000000000000e+00
6                                      0.0000000000000000e+00
7                                      0.0000000000000000e+00
8                                      0.0000000000000000e+00
9                                      0.0000000000000000e+00
10                                     0.0000000000000000e+00
11                                     0.0000000000000000e+00
12                                     0.0000000000000000e+00
13                                     0.0000000000000000e+00
14                                     0.0000000000000000e+00
15                                     0.0000000000000000e+00
16                                     0.0000000000000000e+00
17                                     0.0000000000000000e+00
18                                     0.0000000000000000e+00
19                                     0.0000000000000000e+00
20                                     0.0000000000000000e+00
21                                     0.0000000000000000e+00
22                                     0.0000000000000000e+00
23                                     0.0000000000000000e+00
24                                     0.0000000000000000e+00
25                                     0.0000000000000000e+00
26                                     0.0000000000000000e+00
27                                     0.0000000000000000e+00
28                                     0.0000000000000000e+00
29                                     0.0000000000000000e+00
30                                     0.0000000000000000e+00
31                                     0.0000000000000000e+00
32                                     0.0000000000000000e+00
33                                     0.0000000000000000e+00
34                                     0.0000000000000000e+00
35                                     0.0000000000000000e+00
36                                     0.0000000000000000e+00
37                                     0.0000000000000000e+00
38                                     0.0000000000000000e+00
39                                     0.0000000000000000e+00
40                                     0.0000000000000000e+00
$End
$VdW_Correction
   &GeometryIndex 1
   &ListStatus       OUT
   &VDW [&Type "Double"]      -6.8131057263077777e-02
$End
$Calculation_Info
   &GeometryIndex 1
   &ListStatus       OUT
   &MULT [&Type "Integer"] 1
   &CHARGE [&Type "Integer"] 0
   &NUMOFATOMS [&Type "Integer"] 41
   &NUMOFELECTRONS [&Type "Integer"] 202
   &NUMOFFCELECTRONS [&Type "Integer"] 1
   &NUMOFCORRELECTRONS [&Type "Integer"] 0
   &NUMOFBASISFUNCTS [&Type "Integer"] 334
   &NUMOFAUXCBASISFUNCTS [&Type "Integer"] 0
   &NUMOFAUXJBASISFUNCTS [&Type "Integer"] 1185
   &NUMOFAUXJKBASISFUNCTS [&Type "Integer"] 0
   &NUMOFCABSBASISFUNCTS [&Type "Integer"] 0
   &TOTALENERGY [&Type "Double"]      -2.9295073420667650e+03  "Hartrees"
$End
$SCF_Dipole_Moment
   &GeometryIndex 1
   &ListStatus       OUT
   &METHOD [&Type "String"] "SCF"
   &LEVEL [&Type "String"] "Relaxed density"
   &MULT [&Type "Integer"] 1
   &STATE [&Type "Integer"] -1
   &IRREP [&Type "Integer"] 0
   &NATOMS [&Type "Integer"] 41
   &DODIPOLEATOM [&Type "Boolean"] false
   &DIPOLEELECCONTRIB [&Type "ArrayOfDoubles", &Dim (3,1)] "Electronic contribution"
                                                         0

0                                     -1.1565094507565707e+00
1                                      6.7730822555186156e+00
2                                     -2.2762418880166129e+00
   &DIPOLENUCCONTRIB [&Type "ArrayOfDoubles", &Dim (3,1)] "Nuclear contribution"
                                                         0

0                                      1.3751459059155748e+00
1                                     -7.8838531731570871e+00
2                                      2.4876032173427038e+00
   &DIPOLETOTAL [&Type "ArrayOfDoubles", &Dim (3,1)] "Total"
                                                         0

0                                      2.1863645515900409e-01
1                                     -1.1107709176384715e+00
2                                      2.1136132932609097e-01
   &DIPOLEMAGNITUDE [&Type "Double", &Units "a.u."]       1.1516455802591350e+00
$End
