*************************************************
******************* ORCA 6.0.0 ******************
*************************************************
$Calculation_Status
   &GeometryIndex 1
   &ListStatus       OUT
   &VERSION [&Type "String"] "6.0.0"
   &PROGNAME [&Type "String"] "LeanSCF"
   &STATUS [&Type "String"] "NORMAL TERMINATION"
$End
$Geometry
   &GeometryIndex 1
   &ListStatus       OUT
   &NATOMS [&Type "Integer"] 41
   &NCORELESSECP [&Type "Integer"] 0
   &NGHOSTATOMS [&Type "Integer"] 0
   &CartesianCoordinates [&Type "Coordinates", &Dim(41,4), &Units "Bohr"] 
              C      8.545234537834    2.328038086443   -3.451153006697
              C      9.373945803213    0.986172893909   -1.061687405633
              O      7.438395665311   -0.640571769500   -0.061947552702
              P      4.867066935997    0.425250264695    1.062807179861
              S      5.207019536710    3.546654983742    3.010371197425
              O      3.912339062846   -1.802108197864    2.797142131754
              C      2.981189753935   -4.255765641598    2.034199430391
              C      4.724996674049   -5.617401491930    0.225485135279
              S      2.367548366879    0.585963760601   -2.099903454591
              C      0.257095414100    2.944202085168   -0.812381814177
              S     -1.681446540297    1.797471288221    1.780157755521
              P     -4.178381848310   -0.557102036475   -0.289520208915
              S     -3.019593786046   -3.753480964309   -1.720866975026
              O     -5.163300946346    1.476725635464   -2.297912560343
              C     -6.213394819408    0.707759625747   -4.692158694205
              C     -8.834835973793   -0.395589542816   -4.369262229051
              O     -6.375029485562   -1.052831273270    1.682276073567
              C     -7.769961651994    0.968867016868    2.897262698115
              C    -10.434346311018    0.038223005985    3.379063224481
              H      7.066109271245    3.690302631652   -3.015130129519
              H     10.147364113149    3.323706682021   -4.255939722981
              H      7.823405487927    0.976720949605   -4.819766718400
              H      9.890378245718    2.357242275243    0.398208189421
              H     10.951791215117   -0.292641531931   -1.414319287492
              H      2.796479076176   -5.262986949017    3.823748713026
              H      1.109244083633   -4.013539815562    1.189422394668
              H      6.613884715753   -5.757704171516    1.019475921560
              H      3.978118085174   -7.497829863925   -0.115617172169
              H      4.818705743000   -4.610446209764   -1.565341741117
              H     -0.947020049314    3.591789620165   -2.343486889928
              H      1.370580801713    4.487039907913   -0.017710742740
              H     -6.239504196160    2.438436594700   -5.811675759392
              H     -4.941678656949   -0.675746067463   -5.555792091925
              H     -8.732200513217   -2.092244327674   -3.206067592084
              H    -10.080714473394    0.966344756311   -3.467477557083
              H     -9.594489804863   -0.895368484826   -6.207841305285
              H     -6.794761889219    1.418094691022    4.660222919884
              H     -7.753449052314    2.628532699223    1.668243821831
              H    -11.373042956506   -0.397895306520    1.605805846457
              H    -10.383279344081   -1.660004588108    4.530815223888
              H    -11.487059230363    1.496268541201    4.364880741974
$End
$SCF_Energy
   &GeometryIndex 1
   &ListStatus       OUT
   &SCF_ENERGY [&Type "Double"]      -2.9296402406615443e+03
$End
$DFT_Energy
   &GeometryIndex 1
   &ListStatus       OUT
   &NALPHAEL [&Type "Integer"] 100
   &NBETAEL [&Type "Integer"] 100
   &NTOTALEL [&Type "Integer"] 201
   &EEXCHANGE [&Type "Double"]      -2.3180498528096865e+02
   &ECORR [&Type "Double"]      -7.2932809063503994e+00
   &ECNL [&Type "Double"]       0.0000000000000000e+00
   &EXC [&Type "Double"]      -2.3909826618731904e+02
   &EEMBED [&Type "Double"]       0.0000000000000000e+00
   &FINALEN [&Type "Double"]      -2.9296402406615443e+03  "No Van der Waals correction"
$End
$Mulliken_Population_Analysis
   &GeometryIndex 1
   &ListStatus       OUT
   &NATOMS [&Type "Integer"] 41
   &ATNO [&Type "ArrayOfIntegers", &Dim (41,1)] 
                                                         0

0                                                        6
1                                                        6
2                                                        8
3                                                       15
4                                                       16
5                                                        8
6                                                        6
7                                                        6
8                                                       16
9                                                        6
10                                                      16
11                                                      15
12                                                      16
13                                                       8
14                                                       6
15                                                       6
16                                                       8
17                                                       6
18                                                       6
19                                                       1
20                                                       1
21                                                       1
22                                                       1
23                                                       1
24                                                       1
25                                                       1
26                                                       1
27                                                       1
28                                                       1
29                                                       1
30                                                       1
31                                                       1
32                                                       1
33                                                       1
34                                                       1
35                                                       1
36                                                       1
37                                                       1
38                                                       1
39                                                       1
40                                                       1
   &ATOMICCHARGES [&Type "ArrayOfDoubles", &Dim (41,1)] 
                                                         0

0                                     -3.1405470033853078e-01
1                                     -9.1554067098353897e-04
2                                     -3.7445922947298449e-01
3                                      6.0871101754583279e-01
4                                     -3.2659312440129185e-01
5                                     -3.5456386852666988e-01
6                                     -1.7744776749291979e-02
7                                     -3.0665815481450931e-01
8                                     -9.3043001106092760e-02
9                                     -3.6064431567449340e-01
10                                    -7.1430733858239392e-02
11                                     6.0911705952785411e-01
12                                    -2.9715621380365320e-01
13                                    -3.9227334104490019e-01
14                                    -1.0762416340190484e-02
15                                    -3.2045468524206466e-01
16                                    -3.7080510517279919e-01
17                                    -2.8659821927358387e-02
18                                    -2.8414966644320572e-01
19                                     1.2363950619370434e-01
20                                     1.1202585080051142e-01
21                                     1.1648878581179667e-01
22                                     1.1363915728999996e-01
23                                     1.0455474352978045e-01
24                                     1.0372162518032213e-01
25                                     1.3138381305966851e-01
26                                     1.1673082608172369e-01
27                                     1.1376989196597365e-01
28                                     1.1524063845938859e-01
29                                     1.8550675638612213e-01
30                                     1.9504361636405876e-01
31                                     1.0507716479358897e-01
32                                     1.1600716521514853e-01
33                                     1.3420221047209280e-01
34                                     1.1668881228067329e-01
35                                     1.1679904378058392e-01
36                                     1.1837157135917065e-01
37                                     1.1006328284883304e-01
38                                     1.1863381495897141e-01
39                                     1.2513397805586501e-01
40                                     1.1381836362576836e-01
$End
$Loewdin_Population_Analysis
   &GeometryIndex 1
   &ListStatus       OUT
   &NATOMS [&Type "Integer"] 41
   &ATNO [&Type "ArrayOfIntegers", &Dim (41,1)] 
                                                         0

0                                                        6
1                                                        6
2                                                        8
3                                                       15
4                                                       16
5                                                        8
6                                                        6
7                                                        6
8                                                       16
9                                                        6
10                                                      16
11                                                      15
12                                                      16
13                                                       8
14                                                       6
15                                                       6
16                                                       8
17                                                       6
18                                                       6
19                                                       1
20                                                       1
21                                                       1
22                                                       1
23                                                       1
24                                                       1
25                                                       1
26                                                       1
27                                                       1
28                                                       1
29                                                       1
30                                                       1
31                                                       1
32                                                       1
33                                                       1
34                                                       1
35                                                       1
36                                                       1
37                                                       1
38                                                       1
39                                                       1
40                                                       1
   &ATOMICCHARGES [&Type "ArrayOfDoubles", &Dim (41,1)] 
                                                         0

0                                      2.5767658134675151e-03
1                                      1.1236873068722814e-01
2                                      6.3573103277782539e-01
3                                      5.2499896152163633e-02
4                                      1.2659275568504394e-04
5                                      1.9008477120522305e-01
6                                      3.6535970877300400e-03
7                                      9.4877302389805051e-04
8                                      2.0407698140435866e-04
9                                      7.0217379234140953e-05
10                                     1.4053179030808097e-04
11                                     3.7375924384614610e-05
12                                     1.0972537360176646e-05
13                                     3.8264856886100546e-05
14                                     4.9009118769213578e-06
15                                     8.3202292522028826e-07
16                                     2.1172144564727061e-04
17                                     6.2952398077216227e-05
18                                     1.0055961436510052e-05
19                                     9.3776819258338400e-06
20                                     1.5133712024990848e-04
21                                     2.8041008892852529e-06
22                                     2.1484119058267942e-04
23                                     7.4320020778923771e-04
24                                     7.5685171198372230e-06
25                                     1.8167443227989644e-05
26                                     2.1047386402380701e-05
27                                     3.3150201998302748e-05
28                                     4.5672789964902550e-06
29                                     4.8021007218852330e-06
30                                     6.6256135758945341e-06
31                                     6.6433479630689685e-09
32                                     2.1623189165535336e-08
33                                     6.9071357053067880e-08
34                                     7.0128832210126380e-09
35                                     2.5043963137259069e-08
36                                     9.5608292048171153e-08
37                                     1.3710559275231009e-07
38                                     4.8152956816345022e-09
39                                     1.1677125961836695e-08
40                                     7.0842708177655374e-08
$End
$Mayer_Population_Analysis
   &GeometryIndex 1
   &ListStatus       OUT
   &NATOMS [&Type "Integer"] 41 "Total number of atoms"
   &BONDTHRESH [&Type "Double"]       1.0000000000000001e-01  "The threshold for printing"
   &NBONDORDERSPRINT [&Type "Integer"] 42 "The number of bond orders larger than threshold"
   &BONDORDERS [&Type "ArrayOfDoubles", &Dim (42,1)] "The bond orders"
                                                         0

0                                      1.1655817222595339e+00
1                                      9.3484058196099340e-01
2                                      9.3741256234895209e-01
3                                      9.4458958927625691e-01
4                                      9.0760166745582127e-01
5                                      9.1625698847845283e-01
6                                      9.3408423169025834e-01
7                                      1.0926751090942244e+00
8                                      1.6083200061546450e+00
9                                      1.1639361093624232e+00
10                                     9.3549270340334134e-01
11                                     1.0862321428269392e-01
12                                     8.8999909407890210e-01
13                                     1.1735885282938618e+00
14                                     9.3362614338562788e-01
15                                     8.9525664326206500e-01
16                                     9.4427073322670707e-01
17                                     9.3586005888129264e-01
18                                     9.3936629328729770e-01
19                                     1.0127098787833817e+00
20                                     9.9903096031649996e-01
21                                     8.9552118302593542e-01
22                                     8.6983789892827290e-01
23                                     9.7682255905052362e-01
24                                     1.0519912429912157e-01
25                                     1.6469090056169986e+00
26                                     1.0521423151035647e+00
27                                     1.1245538291351693e+00
28                                     9.0171140425281271e-01
29                                     1.1645590009825664e+00
30                                     9.3287800841165491e-01
31                                     9.1050372353696474e-01
32                                     9.3336140810345569e-01
33                                     9.4361595237902052e-01
34                                     9.3828977424034443e-01
35                                     8.9147623158697831e-01
36                                     1.1636513364592624e+00
37                                     9.3064430017089617e-01
38                                     9.1608621990905625e-01
39                                     9.4815516036978420e-01
40                                     9.4814352856836714e-01
41                                     9.4043704331639477e-01
   &COMPONENTS [&Type "ArrayOfIntegers", &Dim (42,4)] "The indices and atomic numbers of the bonding atoms"
                                                         0                           1                           2                           3

0                                                        0                           6                           1                           6
1                                                        0                           6                          19                           1
2                                                        0                           6                          20                           1
3                                                        0                           6                          21                           1
4                                                        1                           6                           2                           8
5                                                        1                           6                          22                           1
6                                                        1                           6                          23                           1
7                                                        2                           8                           3                          15
8                                                        3                          15                           4                          16
9                                                        3                          15                           5                           8
10                                                       3                          15                           8                          16
11                                                       4                          16                           8                          16
12                                                       5                           8                           6                           6
13                                                       6                           6                           7                           6
14                                                       6                           6                          24                           1
15                                                       6                           6                          25                           1
16                                                       7                           6                          26                           1
17                                                       7                           6                          27                           1
18                                                       7                           6                          28                           1
19                                                       8                          16                           9                           6
20                                                       9                           6                          10                          16
21                                                       9                           6                          29                           1
22                                                       9                           6                          30                           1
23                                                      10                          16                          11                          15
24                                                      10                          16                          12                          16
25                                                      11                          15                          12                          16
26                                                      11                          15                          13                           8
27                                                      11                          15                          16                           8
28                                                      13                           8                          14                           6
29                                                      14                           6                          15                           6
30                                                      14                           6                          31                           1
31                                                      14                           6                          32                           1
32                                                      15                           6                          33                           1
33                                                      15                           6                          34                           1
34                                                      15                           6                          35                           1
35                                                      16                           8                          17                           6
36                                                      17                           6                          18                           6
37                                                      17                           6                          36                           1
38                                                      17                           6                          37                           1
39                                                      18                           6                          38                           1
40                                                      18                           6                          39                           1
41                                                      18                           6                          40                           1
   &ATNO [&Type "ArrayOfIntegers", &Dim (41,1)] "Atomic number of the elements"
                                                         0

0                                                        6
1                                                        6
2                                                        8
3                                                       15
4                                                       16
5                                                        8
6                                                        6
7                                                        6
8                                                       16
9                                                        6
10                                                      16
11                                                      15
12                                                      16
13                                                       8
14                                                       6
15                                                       6
16                                                       8
17                                                       6
18                                                       6
19                                                       1
20                                                       1
21                                                       1
22                                                       1
23                                                       1
24                                                       1
25                                                       1
26                                                       1
27                                                       1
28                                                       1
29                                                       1
30                                                       1
31                                                       1
32                                                       1
33                                                       1
34                                                       1
35                                                       1
36                                                       1
37                                                       1
38                                                       1
39                                                       1
40                                                       1
   &NA [&Type "ArrayOfDoubles", &Dim (41,1)] "Mulliken gross atomic population"
                                                         0

0                                      6.3140547003385148e+00
1                                      6.0009155406709835e+00
2                                      8.3744592294729543e+00
3                                      1.4391288982454165e+01
4                                      1.6326593124401274e+01
5                                      8.3545638685266503e+00
6                                      6.0177447767492920e+00
7                                      6.3066581548145138e+00
8                                      1.6093043001106160e+01
9                                      6.3606443156745005e+00
10                                     1.6071430733858353e+01
11                                     1.4390882940472157e+01
12                                     1.6297156213803614e+01
13                                     8.3922733410448895e+00
14                                     6.0107624163401860e+00
15                                     6.3204546852420540e+00
16                                     8.3708051051727885e+00
17                                     6.0286598219273362e+00
18                                     6.2841496664432102e+00
19                                     8.7636049380629621e-01
20                                     8.8797414919948880e-01
21                                     8.8351121418820378e-01
22                                     8.8636084270999904e-01
23                                     8.9544525647021933e-01
24                                     8.9627837481967854e-01
25                                     8.6861618694033116e-01
26                                     8.8326917391827620e-01
27                                     8.8623010803402658e-01
28                                     8.8475936154061108e-01
29                                     8.1449324361387809e-01
30                                     8.0495638363594058e-01
31                                     8.9492283520641180e-01
32                                     8.8399283478485102e-01
33                                     8.6579778952790676e-01
34                                     8.8331118771932637e-01
35                                     8.8320095621941530e-01
36                                     8.8162842864082902e-01
37                                     8.8993671715116696e-01
38                                     8.8136618504102893e-01
39                                     8.7486602194413543e-01
40                                     8.8618163637423186e-01
   &ZA [&Type "ArrayOfDoubles", &Dim (41,1)] "Total nuclear charge"
                                                         0

0                                      6.0000000000000000e+00
1                                      6.0000000000000000e+00
2                                      8.0000000000000000e+00
3                                      1.5000000000000000e+01
4                                      1.6000000000000000e+01
5                                      8.0000000000000000e+00
6                                      6.0000000000000000e+00
7                                      6.0000000000000000e+00
8                                      1.6000000000000000e+01
9                                      6.0000000000000000e+00
10                                     1.6000000000000000e+01
11                                     1.5000000000000000e+01
12                                     1.6000000000000000e+01
13                                     8.0000000000000000e+00
14                                     6.0000000000000000e+00
15                                     6.0000000000000000e+00
16                                     8.0000000000000000e+00
17                                     6.0000000000000000e+00
18                                     6.0000000000000000e+00
19                                     1.0000000000000000e+00
20                                     1.0000000000000000e+00
21                                     1.0000000000000000e+00
22                                     1.0000000000000000e+00
23                                     1.0000000000000000e+00
24                                     1.0000000000000000e+00
25                                     1.0000000000000000e+00
26                                     1.0000000000000000e+00
27                                     1.0000000000000000e+00
28                                     1.0000000000000000e+00
29                                     1.0000000000000000e+00
30                                     1.0000000000000000e+00
31                                     1.0000000000000000e+00
32                                     1.0000000000000000e+00
33                                     1.0000000000000000e+00
34                                     1.0000000000000000e+00
35                                     1.0000000000000000e+00
36                                     1.0000000000000000e+00
37                                     1.0000000000000000e+00
38                                     1.0000000000000000e+00
39                                     1.0000000000000000e+00
40                                     1.0000000000000000e+00
   &QA [&Type "ArrayOfDoubles", &Dim (41,1)] "Mulliken gross atomic charge"
                                                         0

0                                     -3.1405470033851479e-01
1                                     -9.1554067098353897e-04
2                                     -3.7445922947295429e-01
3                                      6.0871101754583457e-01
4                                     -3.2659312440127408e-01
5                                     -3.5456386852665034e-01
6                                     -1.7744776749291979e-02
7                                     -3.0665815481451375e-01
8                                     -9.3043001106160261e-02
9                                     -3.6064431567450050e-01
10                                    -7.1430733858353079e-02
11                                     6.0911705952784345e-01
12                                    -2.9715621380361412e-01
13                                    -3.9227334104488953e-01
14                                    -1.0762416340186043e-02
15                                    -3.2045468524205400e-01
16                                    -3.7080510517278853e-01
17                                    -2.8659821927336182e-02
18                                    -2.8414966644321016e-01
19                                     1.2363950619370379e-01
20                                     1.1202585080051120e-01
21                                     1.1648878581179622e-01
22                                     1.1363915729000096e-01
23                                     1.0455474352978067e-01
24                                     1.0372162518032146e-01
25                                     1.3138381305966884e-01
26                                     1.1673082608172380e-01
27                                     1.1376989196597342e-01
28                                     1.1524063845938892e-01
29                                     1.8550675638612191e-01
30                                     1.9504361636405942e-01
31                                     1.0507716479358820e-01
32                                     1.1600716521514898e-01
33                                     1.3420221047209324e-01
34                                     1.1668881228067363e-01
35                                     1.1679904378058470e-01
36                                     1.1837157135917098e-01
37                                     1.1006328284883304e-01
38                                     1.1863381495897107e-01
39                                     1.2513397805586457e-01
40                                     1.1381836362576814e-01
   &VA [&Type "ArrayOfDoubles", &Dim (41,1)] "Mayer's total valence"
                                                         0

0                                      3.9890402136783059e+00
1                                      4.0039588602424701e+00
2                                      2.1797236669876390e+00
3                                      4.9492269046990689e+00
4                                      2.0309508853149789e+00
5                                      2.1912522532839711e+00
6                                      3.9803149366605224e+00
7                                      4.0139691975120062e+00
8                                      2.2923366623035166e+00
9                                      3.8268629165307777e+00
10                                     2.2718742545594011e+00
11                                     4.9577978330952943e+00
12                                     2.0740631454387284e+00
13                                     2.1493642272787676e+00
14                                     3.9951872997216706e+00
15                                     3.9914045651638967e+00
16                                     2.1609022189145217e+00
17                                     4.0010290254597694e+00
18                                     4.0019102456155311e+00
19                                     9.8495989729642863e-01
20                                     9.5460038016688731e-01
21                                     9.6305837696883667e-01
22                                     9.8061215330321005e-01
23                                     9.4896096492573745e-01
24                                     9.4973613203214358e-01
25                                     1.0029698882479325e+00
26                                     9.6170325008926838e-01
27                                     9.5352861858148785e-01
28                                     9.7088831113656782e-01
29                                     9.5004444017433409e-01
30                                     9.8067257662106899e-01
31                                     9.4802483915011004e-01
32                                     9.8849995317467920e-01
33                                     9.8141827436429574e-01
34                                     9.5670488209863058e-01
35                                     9.5425961649015334e-01
36                                     9.4802454419759274e-01
37                                     9.7201994134192793e-01
38                                     9.6554671342099097e-01
39                                     9.5781579822622431e-01
40                                     9.5394252583079364e-01
   &BVA [&Type "ArrayOfDoubles", &Dim (41,1)] "Mayer's bonded valence"
                                                         0

0                                      3.9890402136782979e+00
1                                      4.0039588602424310e+00
2                                      2.1797236669876332e+00
3                                      4.9492269046991062e+00
4                                      2.0309508853150051e+00
5                                      2.1912522532840137e+00
6                                      3.9803149366605517e+00
7                                      4.0139691975120062e+00
8                                      2.2923366623032022e+00
9                                      3.8268629165307635e+00
10                                     2.2718742545591830e+00
11                                     4.9577978330953290e+00
12                                     2.0740631454387315e+00
13                                     2.1493642272788347e+00
14                                     3.9951872997216666e+00
15                                     3.9914045651638941e+00
16                                     2.1609022189145364e+00
17                                     4.0010290254597951e+00
18                                     4.0019102456155311e+00
19                                     9.8495989729642464e-01
20                                     9.5460038016688442e-01
21                                     9.6305837696883223e-01
22                                     9.8061215330319917e-01
23                                     9.4896096492572779e-01
24                                     9.4973613203214047e-01
25                                     1.0029698882479401e+00
26                                     9.6170325008927116e-01
27                                     9.5352861858148874e-01
28                                     9.7088831113657659e-01
29                                     9.5004444017433198e-01
30                                     9.8067257662106311e-01
31                                     9.4802483915010249e-01
32                                     9.8849995317467720e-01
33                                     9.8141827436429852e-01
34                                     9.5670488209863402e-01
35                                     9.5425961649016633e-01
36                                     9.4802454419757998e-01
37                                     9.7201994134192016e-01
38                                     9.6554671342099152e-01
39                                     9.5781579822622365e-01
40                                     9.5394252583079753e-01
   &FA [&Type "ArrayOfDoubles", &Dim (41,1)] "Mayer's free valence"
                                                         0

0                                      0.0000000000000000e+00
1                                      0.0000000000000000e+00
2                                      0.0000000000000000e+00
3                                      0.0000000000000000e+00
4                                      0.0000000000000000e+00
5                                      0.0000000000000000e+00
6                                      0.0000000000000000e+00
7                                      0.0000000000000000e+00
8                                      0.0000000000000000e+00
9                                      0.0000000000000000e+00
10                                     0.0000000000000000e+00
11                                     0.0000000000000000e+00
12                                     0.0000000000000000e+00
13                                     0.0000000000000000e+00
14                                     0.0000000000000000e+00
15                                     0.0000000000000000e+00
16                                     0.0000000000000000e+00
17                                     0.0000000000000000e+00
18                                     0.0000000000000000e+00
19                                     0.0000000000000000e+00
20                                     0.0000000000000000e+00
21                                     0.0000000000000000e+00
22                                     0.0000000000000000e+00
23                                     0.0000000000000000e+00
24                                     0.0000000000000000e+00
25                                     0.0000000000000000e+00
26                                     0.0000000000000000e+00
27                                     0.0000000000000000e+00
28                                     0.0000000000000000e+00
29                                     0.0000000000000000e+00
30                                     0.0000000000000000e+00
31                                     0.0000000000000000e+00
32                                     0.0000000000000000e+00
33                                     0.0000000000000000e+00
34                                     0.0000000000000000e+00
35                                     0.0000000000000000e+00
36                                     0.0000000000000000e+00
37                                     0.0000000000000000e+00
38                                     0.0000000000000000e+00
39                                     0.0000000000000000e+00
40                                     0.0000000000000000e+00
$End
$VdW_Correction
   &GeometryIndex 1
   &ListStatus       OUT
   &VDW [&Type "Double"]      -6.4891326471970032e-02
$End
$Calculation_Info
   &GeometryIndex 1
   &ListStatus       OUT
   &MULT [&Type "Integer"] 1
   &CHARGE [&Type "Integer"] 0
   &NUMOFATOMS [&Type "Integer"] 41
   &NUMOFELECTRONS [&Type "Integer"] 202
   &NUMOFFCELECTRONS [&Type "Integer"] 1
   &NUMOFCORRELECTRONS [&Type "Integer"] 0
   &NUMOFBASISFUNCTS [&Type "Integer"] 334
   &NUMOFAUXCBASISFUNCTS [&Type "Integer"] 0
   &NUMOFAUXJBASISFUNCTS [&Type "Integer"] 1185
   &NUMOFAUXJKBASISFUNCTS [&Type "Integer"] 0
   &NUMOFCABSBASISFUNCTS [&Type "Integer"] 0
   &TOTALENERGY [&Type "Double"]      -2.9295199494626163e+03  "Hartrees"
$End
$SCF_Dipole_Moment
   &GeometryIndex 1
   &ListStatus       OUT
   &METHOD [&Type "String"] "SCF"
   &LEVEL [&Type "String"] "Relaxed density"
   &MULT [&Type "Integer"] 1
   &STATE [&Type "Integer"] -1
   &IRREP [&Type "Integer"] 0
   &NATOMS [&Type "Integer"] 41
   &DODIPOLEATOM [&Type "Boolean"] false
   &DIPOLEELECCONTRIB [&Type "ArrayOfDoubles", &Dim (3,1)] "Electronic contribution"
                                                         0

0                                      1.0090856687679633e+01
1                                      3.1480787003070412e+00
2                                      8.5652190887106130e+00
   &DIPOLENUCCONTRIB [&Type "ArrayOfDoubles", &Dim (3,1)] "Nuclear contribution"
                                                         0

0                                     -1.1174629752752146e+01
1                                     -2.8573119307425854e+00
2                                     -9.5659114141204977e+00
   &DIPOLETOTAL [&Type "ArrayOfDoubles", &Dim (3,1)] "Total"
                                                         0

0                                     -1.0837730650725135e+00
1                                      2.9076676956445580e-01
2                                     -1.0006923254098847e+00
   &DIPOLEMAGNITUDE [&Type "Double", &Units "a.u."]       1.5034940974256810e+00
$End
