*************************************************
******************* ORCA 6.0.0 ******************
*************************************************
$Calculation_Status
   &GeometryIndex 1
   &ListStatus       OUT
   &VERSION [&Type "String"] "6.0.0"
   &PROGNAME [&Type "String"] "LeanSCF"
   &STATUS [&Type "String"] "NORMAL TERMINATION"
$End
$Geometry
   &GeometryIndex 1
   &ListStatus       OUT
   &NATOMS [&Type "Integer"] 41
   &NCORELESSECP [&Type "Integer"] 0
   &NGHOSTATOMS [&Type "Integer"] 0
   &CartesianCoordinates [&Type "Coordinates", &Dim(41,4), &Units "Bohr"] 
              C      1.064530888830   -1.576294287654    6.388077659580
              C      3.284790228937   -0.490402448990    4.944543520885
              O      3.779454636047   -2.135169810374    2.805277058453
              P      4.966152570596   -1.193335979508    0.247806447525
              S      5.289380807597   -4.054400190236   -2.073408497552
              O      7.454415023414    0.185886215538    1.209017008037
              C      8.918518985845    1.983613434283   -0.215494883210
              C      9.715412098938    0.983161754588   -2.775078948539
              S      2.688201488439    1.864859688251   -1.072100962592
              C      0.293308682735   -0.091118645406   -2.514738106494
              S     -1.898729252395   -1.403766055773   -0.244555139319
              P     -5.189581085743    0.806355080505   -1.094531240793
              S     -4.878084022917    3.171321584297   -3.921942367222
              O     -6.082137086440    2.062743219623    1.486358860252
              C     -5.247274603758    4.516767575986    2.295191890070
              C     -2.516386702061    4.495218445711    3.155568834048
              O     -7.325900182198   -1.206540120371   -1.594737289255
              C     -7.653619911393   -3.604496582586   -0.320388762858
              C     -7.728789518239   -3.345531745570    2.525635380998
              H      0.673445023728   -0.393656685384    8.017439581213
              H     -0.591191475357   -1.656517008766    5.174474873921
              H      1.500255349716   -3.480632510076    7.016430697059
              H      4.995607461426   -0.444617136017    6.095140567111
              H      2.880233623622    1.412218668111    4.242931205055
              H      7.797484584334    3.707366488066   -0.420781972669
              H     10.549304490142    2.345289076956    0.994162491030
              H      8.063288666206    0.664383297099   -3.961038553670
              H     10.940662833532    2.348738486476   -3.691424190160
              H     10.715851589899   -0.800236718925   -2.569117093813
              H      1.227352720437   -1.661883660910   -3.470255819028
              H     -0.750091757117    1.096262281521   -3.843929550055
              H     -5.512543300516    5.850997434766    0.736530244286
              H     -6.526122459609    4.985703847820    3.842773214539
              H     -1.271117453567    4.156898874891    1.551433109029
              H     -2.049524323400    6.318556694347    3.969691718864
              H     -2.226427025429    3.027736336089    4.562848855787
              H     -9.443654201688   -4.295482447746   -1.074710000695
              H     -6.119163197717   -4.858517025628   -0.904870802804
              H     -9.174384763086   -1.997122822608    3.081049780919
              H     -8.145064150526   -5.175144871220    3.355112370776
              H     -5.905244550949   -2.695996205474    3.221073801111
$End
$SCF_Energy
   &GeometryIndex 1
   &ListStatus       OUT
   &SCF_ENERGY [&Type "Double"]      -2.9296376557183394e+03
$End
$DFT_Energy
   &GeometryIndex 1
   &ListStatus       OUT
   &NALPHAEL [&Type "Integer"] 101
   &NBETAEL [&Type "Integer"] 101
   &NTOTALEL [&Type "Integer"] 202
   &EEXCHANGE [&Type "Double"]      -2.3180805124916290e+02
   &ECORR [&Type "Double"]      -7.2944406625245986e+00
   &ECNL [&Type "Double"]       0.0000000000000000e+00
   &EXC [&Type "Double"]      -2.3910249191168751e+02
   &EEMBED [&Type "Double"]       0.0000000000000000e+00
   &FINALEN [&Type "Double"]      -2.9296376557183394e+03  "No Van der Waals correction"
$End
$Mulliken_Population_Analysis
   &GeometryIndex 1
   &ListStatus       OUT
   &NATOMS [&Type "Integer"] 41
   &ATNO [&Type "ArrayOfIntegers", &Dim (41,1)] 
                                                         0

0                                                        6
1                                                        6
2                                                        8
3                                                       15
4                                                       16
5                                                        8
6                                                        6
7                                                        6
8                                                       16
9                                                        6
10                                                      16
11                                                      15
12                                                      16
13                                                       8
14                                                       6
15                                                       6
16                                                       8
17                                                       6
18                                                       6
19                                                       1
20                                                       1
21                                                       1
22                                                       1
23                                                       1
24                                                       1
25                                                       1
26                                                       1
27                                                       1
28                                                       1
29                                                       1
30                                                       1
31                                                       1
32                                                       1
33                                                       1
34                                                       1
35                                                       1
36                                                       1
37                                                       1
38                                                       1
39                                                       1
40                                                       1
   &ATOMICCHARGES [&Type "ArrayOfDoubles", &Dim (41,1)] 
                                                         0

0                                     -3.0432182679296904e-01
1                                     -1.4041968818055750e-02
2                                     -3.5276006762929768e-01
3                                      5.9120537708269971e-01
4                                     -3.0185165046996332e-01
5                                     -3.8271523976737676e-01
6                                     -1.1463817142234767e-02
7                                     -3.1001556025914656e-01
8                                     -1.1433188642090286e-01
9                                     -3.5139343226514530e-01
10                                    -1.1139381901157108e-01
11                                     5.9756809341661210e-01
12                                    -3.0587227108224369e-01
13                                    -3.7311523740093833e-01
14                                     4.5723473744239129e-03
15                                    -3.4262068485508657e-01
16                                    -3.5775049496951361e-01
17                                    -5.7904657684293426e-03
18                                    -3.2341045104968202e-01
19                                     1.0853729993202310e-01
20                                     1.4548594359073364e-01
21                                     1.2122777740144830e-01
22                                     1.0887547592869162e-01
23                                     1.0536232647365074e-01
24                                     1.1344335263122396e-01
25                                     1.1006151587388668e-01
26                                     1.2808442983925339e-01
27                                     1.1276300572237008e-01
28                                     1.2818246326906257e-01
29                                     1.9731697500939482e-01
30                                     1.9560222613290001e-01
31                                     1.1414701982516984e-01
32                                     1.0354727333293723e-01
33                                     1.3625601421361955e-01
34                                     1.1103088528788008e-01
35                                     1.2079419401482916e-01
36                                     1.1464162368075070e-01
37                                     1.1891338527684170e-01
38                                     1.2606434907320374e-01
39                                     1.1813294464138990e-01
40                                     1.3103257467743556e-01
$End
$Loewdin_Population_Analysis
   &GeometryIndex 1
   &ListStatus       OUT
   &NATOMS [&Type "Integer"] 41
   &ATNO [&Type "ArrayOfIntegers", &Dim (41,1)] 
                                                         0

0                                                        6
1                                                        6
2                                                        8
3                                                       15
4                                                       16
5                                                        8
6                                                        6
7                                                        6
8                                                       16
9                                                        6
10                                                      16
11                                                      15
12                                                      16
13                                                       8
14                                                       6
15                                                       6
16                                                       8
17                                                       6
18                                                       6
19                                                       1
20                                                       1
21                                                       1
22                                                       1
23                                                       1
24                                                       1
25                                                       1
26                                                       1
27                                                       1
28                                                       1
29                                                       1
30                                                       1
31                                                       1
32                                                       1
33                                                       1
34                                                       1
35                                                       1
36                                                       1
37                                                       1
38                                                       1
39                                                       1
40                                                       1
   &ATOMICCHARGES [&Type "ArrayOfDoubles", &Dim (41,1)] 
                                                         0

0                                      4.8725174035717626e-03
1                                      5.3665929330038352e-02
2                                      4.4396262647905094e-01
3                                      5.2101038972711303e-02
4                                      2.4773718661237436e-04
5                                      3.7289853431987380e-01
6                                      6.6854856817783248e-02
7                                      2.1960763650050630e-03
8                                      2.0693177485670131e-04
9                                      2.4012339816661290e-04
10                                     5.1870553968427842e-05
11                                     9.7636974922558372e-05
12                                     3.5714816713657964e-06
13                                     1.1405627323010125e-03
14                                     2.0013526136271773e-04
15                                     1.7027113533113942e-05
16                                     2.9910520470838688e-04
17                                     1.1583770303616972e-05
18                                     1.5776236059544006e-05
19                                     7.0400790452780247e-05
20                                     2.0301640365162211e-05
21                                     3.2009450838531980e-06
22                                     1.3847448113364066e-05
23                                     9.5895817811384235e-05
24                                     1.0834489062885527e-04
25                                     4.2685159407994329e-04
26                                     5.9057857984516725e-06
27                                     1.2505285378571008e-04
28                                     8.3574266892539959e-06
29                                     2.1621939848237484e-06
30                                     1.1275503844502071e-05
31                                     7.5089863427214629e-07
32                                     1.4456731331249774e-06
33                                     1.4733458849577543e-05
34                                     3.3467921955033097e-07
35                                     1.5342052511798979e-07
36                                     7.0885762402630506e-09
37                                     8.2239736454769153e-08
38                                     3.3084177605076803e-07
39                                     1.5929037203329058e-07
40                                     6.7641420397057596e-06
$End
$Mayer_Population_Analysis
   &GeometryIndex 1
   &ListStatus       OUT
   &NATOMS [&Type "Integer"] 41 "Total number of atoms"
   &BONDTHRESH [&Type "Double"]       1.0000000000000001e-01  "The threshold for printing"
   &NBONDORDERSPRINT [&Type "Integer"] 44 "The number of bond orders larger than threshold"
   &BONDORDERS [&Type "ArrayOfDoubles", &Dim (44,1)] "The bond orders"
                                                         0

0                                      1.1697547949259193e+00
1                                      9.3852433133911251e-01
2                                      9.3144710696598099e-01
3                                      9.4537084831347407e-01
4                                      8.8484470804197424e-01
5                                      9.3158063678910297e-01
6                                      9.0886602084578505e-01
7                                      1.1419386244485563e+00
8                                      1.6513317177486686e+00
9                                      1.0891064303616702e+00
10                                     9.3834269943774695e-01
11                                     1.0820480591976780e-01
12                                     1.0007331935077596e-01
13                                     9.1238357368770140e-01
14                                     1.1668214363069989e+00
15                                     9.2706166012459523e-01
16                                     9.3328017225331272e-01
17                                     9.3239813175631592e-01
18                                     9.3487378114974540e-01
19                                     9.4312552185822818e-01
20                                     1.0089948309587651e+00
21                                     1.0100004361869503e+00
22                                     8.6012179918264375e-01
23                                     8.4650290370187509e-01
24                                     9.3757629942685050e-01
25                                     1.1292850247722654e-01
26                                     1.6224948360357792e+00
27                                     1.0870951167087126e+00
28                                     1.1513762723017551e+00
29                                     1.2050374695523258e-01
30                                     9.1306717423349770e-01
31                                     1.1607756196940788e+00
32                                     9.1372929321638074e-01
33                                     9.3309253177994023e-01
34                                     9.2626973006720237e-01
35                                     9.3698215792797346e-01
36                                     9.3848860039555659e-01
37                                     9.0125323560442483e-01
38                                     1.1684131425416957e+00
39                                     9.3331295513043666e-01
40                                     9.2108197051850949e-01
41                                     9.4184080462167197e-01
42                                     9.3443771820038335e-01
43                                     9.3531405182218175e-01
   &COMPONENTS [&Type "ArrayOfIntegers", &Dim (44,4)] "The indices and atomic numbers of the bonding atoms"
                                                         0                           1                           2                           3

0                                                        0                           6                           1                           6
1                                                        0                           6                          19                           1
2                                                        0                           6                          20                           1
3                                                        0                           6                          21                           1
4                                                        1                           6                           2                           8
5                                                        1                           6                          22                           1
6                                                        1                           6                          23                           1
7                                                        2                           8                           3                          15
8                                                        3                          15                           4                          16
9                                                        3                          15                           5                           8
10                                                       3                          15                           8                          16
11                                                       4                          16                           8                          16
12                                                       4                          16                          29                           1
13                                                       5                           8                           6                           6
14                                                       6                           6                           7                           6
15                                                       6                           6                          24                           1
16                                                       6                           6                          25                           1
17                                                       7                           6                          26                           1
18                                                       7                           6                          27                           1
19                                                       7                           6                          28                           1
20                                                       8                          16                           9                           6
21                                                       9                           6                          10                          16
22                                                       9                           6                          29                           1
23                                                       9                           6                          30                           1
24                                                      10                          16                          11                          15
25                                                      10                          16                          12                          16
26                                                      11                          15                          12                          16
27                                                      11                          15                          13                           8
28                                                      11                          15                          16                           8
29                                                      12                          16                          30                           1
30                                                      13                           8                          14                           6
31                                                      14                           6                          15                           6
32                                                      14                           6                          31                           1
33                                                      14                           6                          32                           1
34                                                      15                           6                          33                           1
35                                                      15                           6                          34                           1
36                                                      15                           6                          35                           1
37                                                      16                           8                          17                           6
38                                                      17                           6                          18                           6
39                                                      17                           6                          36                           1
40                                                      17                           6                          37                           1
41                                                      18                           6                          38                           1
42                                                      18                           6                          39                           1
43                                                      18                           6                          40                           1
   &ATNO [&Type "ArrayOfIntegers", &Dim (41,1)] "Atomic number of the elements"
                                                         0

0                                                        6
1                                                        6
2                                                        8
3                                                       15
4                                                       16
5                                                        8
6                                                        6
7                                                        6
8                                                       16
9                                                        6
10                                                      16
11                                                      15
12                                                      16
13                                                       8
14                                                       6
15                                                       6
16                                                       8
17                                                       6
18                                                       6
19                                                       1
20                                                       1
21                                                       1
22                                                       1
23                                                       1
24                                                       1
25                                                       1
26                                                       1
27                                                       1
28                                                       1
29                                                       1
30                                                       1
31                                                       1
32                                                       1
33                                                       1
34                                                       1
35                                                       1
36                                                       1
37                                                       1
38                                                       1
39                                                       1
40                                                       1
   &NA [&Type "ArrayOfDoubles", &Dim (41,1)] "Mulliken gross atomic population"
                                                         0

0                                      6.3043218267929531e+00
1                                      6.0140419688180398e+00
2                                      8.3527600676292835e+00
3                                      1.4408794622917291e+01
4                                      1.6301851650469857e+01
5                                      8.3827152397673750e+00
6                                      6.0114638171422579e+00
7                                      6.3100155602591341e+00
8                                      1.6114331886420818e+01
9                                      6.3513934322651293e+00
10                                     1.6111393819011649e+01
11                                     1.4402431906583454e+01
12                                     1.6305872271082286e+01
13                                     8.3731152374009330e+00
14                                     5.9954276526255850e+00
15                                     6.3426206848550910e+00
16                                     8.3577504949695083e+00
17                                     6.0057904657684507e+00
18                                     6.3234104510496678e+00
19                                     8.9146270006797701e-01
20                                     8.5451405640926525e-01
21                                     8.7877222259855137e-01
22                                     8.9112452407130915e-01
23                                     8.9463767352634960e-01
24                                     8.8655664736877560e-01
25                                     8.8993848412611321e-01
26                                     8.7191557016074661e-01
27                                     8.8723699427762936e-01
28                                     8.7181753673093654e-01
29                                     8.0268302499060606e-01
30                                     8.0439777386709954e-01
31                                     8.8585298017483127e-01
32                                     8.9645272666706299e-01
33                                     8.6374398578638067e-01
34                                     8.8896911471211970e-01
35                                     8.7920580598517140e-01
36                                     8.8535837631924919e-01
37                                     8.8108661472315819e-01
38                                     8.7393565092679659e-01
39                                     8.8186705535860999e-01
40                                     8.6896742532256332e-01
   &ZA [&Type "ArrayOfDoubles", &Dim (41,1)] "Total nuclear charge"
                                                         0

0                                      6.0000000000000000e+00
1                                      6.0000000000000000e+00
2                                      8.0000000000000000e+00
3                                      1.5000000000000000e+01
4                                      1.6000000000000000e+01
5                                      8.0000000000000000e+00
6                                      6.0000000000000000e+00
7                                      6.0000000000000000e+00
8                                      1.6000000000000000e+01
9                                      6.0000000000000000e+00
10                                     1.6000000000000000e+01
11                                     1.5000000000000000e+01
12                                     1.6000000000000000e+01
13                                     8.0000000000000000e+00
14                                     6.0000000000000000e+00
15                                     6.0000000000000000e+00
16                                     8.0000000000000000e+00
17                                     6.0000000000000000e+00
18                                     6.0000000000000000e+00
19                                     1.0000000000000000e+00
20                                     1.0000000000000000e+00
21                                     1.0000000000000000e+00
22                                     1.0000000000000000e+00
23                                     1.0000000000000000e+00
24                                     1.0000000000000000e+00
25                                     1.0000000000000000e+00
26                                     1.0000000000000000e+00
27                                     1.0000000000000000e+00
28                                     1.0000000000000000e+00
29                                     1.0000000000000000e+00
30                                     1.0000000000000000e+00
31                                     1.0000000000000000e+00
32                                     1.0000000000000000e+00
33                                     1.0000000000000000e+00
34                                     1.0000000000000000e+00
35                                     1.0000000000000000e+00
36                                     1.0000000000000000e+00
37                                     1.0000000000000000e+00
38                                     1.0000000000000000e+00
39                                     1.0000000000000000e+00
40                                     1.0000000000000000e+00
   &QA [&Type "ArrayOfDoubles", &Dim (41,1)] "Mulliken gross atomic charge"
                                                         0

0                                     -3.0432182679295305e-01
1                                     -1.4041968818039763e-02
2                                     -3.5276006762928347e-01
3                                      5.9120537708270859e-01
4                                     -3.0185165046985674e-01
5                                     -3.8271523976737498e-01
6                                     -1.1463817142257859e-02
7                                     -3.1001556025913413e-01
8                                     -1.1433188642081760e-01
9                                     -3.5139343226512931e-01
10                                    -1.1139381901164924e-01
11                                     5.9756809341654638e-01
12                                    -3.0587227108228632e-01
13                                    -3.7311523740093300e-01
14                                     4.5723473744150311e-03
15                                    -3.4262068485509101e-01
16                                    -3.5775049496950828e-01
17                                    -5.7904657684506589e-03
18                                    -3.2341045104966781e-01
19                                     1.0853729993202299e-01
20                                     1.4548594359073475e-01
21                                     1.2122777740144863e-01
22                                     1.0887547592869085e-01
23                                     1.0536232647365040e-01
24                                     1.1344335263122440e-01
25                                     1.1006151587388679e-01
26                                     1.2808442983925339e-01
27                                     1.1276300572237064e-01
28                                     1.2818246326906346e-01
29                                     1.9731697500939394e-01
30                                     1.9560222613290046e-01
31                                     1.1414701982516873e-01
32                                     1.0354727333293701e-01
33                                     1.3625601421361933e-01
34                                     1.1103088528788030e-01
35                                     1.2079419401482860e-01
36                                     1.1464162368075081e-01
37                                     1.1891338527684181e-01
38                                     1.2606434907320341e-01
39                                     1.1813294464139001e-01
40                                     1.3103257467743668e-01
   &VA [&Type "ArrayOfDoubles", &Dim (41,1)] "Mayer's total valence"
                                                         0

0                                      4.0002602650549246e+00
1                                      3.9963133375871247e+00
2                                      2.1660294845827388e+00
3                                      4.9683704639746118e+00
4                                      2.0382406891058746e+00
5                                      2.1701573641992802e+00
6                                      4.0186784618361342e+00
7                                      3.9894623923793806e+00
8                                      2.3088838673966587e+00
9                                      3.7728992200938358e+00
10                                     2.2920702964860973e+00
11                                     4.9527880094136716e+00
12                                     2.0626947085558718e+00
13                                     2.1757114337208106e+00
14                                     3.9918743145598921e+00
15                                     3.9884242209791991e+00
16                                     2.1824985009317843e+00
17                                     4.0022607400660322e+00
18                                     4.0091553508570161e+00
19                                     9.5329060208035210e-01
20                                     9.7295504484363882e-01
21                                     9.5623538475733538e-01
22                                     9.5095510974431885e-01
23                                     9.7415264859290551e-01
24                                     9.4998918347965033e-01
25                                     9.4751366850339402e-01
26                                     9.8622141220664861e-01
27                                     9.5272444595543593e-01
28                                     9.6526023631285718e-01
29                                     9.8454549721870999e-01
30                                     1.0002180842984709e+00
31                                     9.8363972759982110e-01
32                                     9.4913405686480856e-01
33                                     9.8588336898199203e-01
34                                     9.5421156347040281e-01
35                                     9.6908314077493474e-01
36                                     9.4827164801648667e-01
37                                     9.6291624581979407e-01
38                                     9.6220137515787063e-01
39                                     9.5220317887722139e-01
40                                     9.6766769424983157e-01
   &BVA [&Type "ArrayOfDoubles", &Dim (41,1)] "Mayer's bonded valence"
                                                         0

0                                      4.0002602650549965e+00
1                                      3.9963133375871451e+00
2                                      2.1660294845828076e+00
3                                      4.9683704639746757e+00
4                                      2.0382406891060572e+00
5                                      2.1701573641992535e+00
6                                      4.0186784618360898e+00
7                                      3.9894623923794308e+00
8                                      2.3088838673967591e+00
9                                      3.7728992200939251e+00
10                                     2.2920702964859196e+00
11                                     4.9527880094135268e+00
12                                     2.0626947085559189e+00
13                                     2.1757114337207719e+00
14                                     3.9918743145598752e+00
15                                     3.9884242209792178e+00
16                                     2.1824985009317666e+00
17                                     4.0022607400660304e+00
18                                     4.0091553508570819e+00
19                                     9.5329060208035632e-01
20                                     9.7295504484364903e-01
21                                     9.5623538475733938e-01
22                                     9.5095510974431929e-01
23                                     9.7415264859290407e-01
24                                     9.4998918347964267e-01
25                                     9.4751366850339136e-01
26                                     9.8622141220665149e-01
27                                     9.5272444595543504e-01
28                                     9.6526023631286362e-01
29                                     9.8454549721871021e-01
30                                     1.0002180842984802e+00
31                                     9.8363972759981022e-01
32                                     9.4913405686480479e-01
33                                     9.8588336898200046e-01
34                                     9.5421156347040581e-01
35                                     9.6908314077493451e-01
36                                     9.4827164801649266e-01
37                                     9.6291624581979474e-01
38                                     9.6220137515787529e-01
39                                     9.5220317887722239e-01
40                                     9.6766769424983923e-01
   &FA [&Type "ArrayOfDoubles", &Dim (41,1)] "Mayer's free valence"
                                                         0

0                                      0.0000000000000000e+00
1                                      0.0000000000000000e+00
2                                      0.0000000000000000e+00
3                                      0.0000000000000000e+00
4                                      0.0000000000000000e+00
5                                      0.0000000000000000e+00
6                                      0.0000000000000000e+00
7                                      0.0000000000000000e+00
8                                      0.0000000000000000e+00
9                                      0.0000000000000000e+00
10                                     0.0000000000000000e+00
11                                     0.0000000000000000e+00
12                                     0.0000000000000000e+00
13                                     0.0000000000000000e+00
14                                     0.0000000000000000e+00
15                                     0.0000000000000000e+00
16                                     0.0000000000000000e+00
17                                     0.0000000000000000e+00
18                                     0.0000000000000000e+00
19                                     0.0000000000000000e+00
20                                     0.0000000000000000e+00
21                                     0.0000000000000000e+00
22                                     0.0000000000000000e+00
23                                     0.0000000000000000e+00
24                                     0.0000000000000000e+00
25                                     0.0000000000000000e+00
26                                     0.0000000000000000e+00
27                                     0.0000000000000000e+00
28                                     0.0000000000000000e+00
29                                     0.0000000000000000e+00
30                                     0.0000000000000000e+00
31                                     0.0000000000000000e+00
32                                     0.0000000000000000e+00
33                                     0.0000000000000000e+00
34                                     0.0000000000000000e+00
35                                     0.0000000000000000e+00
36                                     0.0000000000000000e+00
37                                     0.0000000000000000e+00
38                                     0.0000000000000000e+00
39                                     0.0000000000000000e+00
40                                     0.0000000000000000e+00
$End
$VdW_Correction
   &GeometryIndex 1
   &ListStatus       OUT
   &VDW [&Type "Double"]      -6.4396044997624122e-02
$End
$Calculation_Info
   &GeometryIndex 1
   &ListStatus       OUT
   &MULT [&Type "Integer"] 1
   &CHARGE [&Type "Integer"] 0
   &NUMOFATOMS [&Type "Integer"] 41
   &NUMOFELECTRONS [&Type "Integer"] 202
   &NUMOFFCELECTRONS [&Type "Integer"] 1
   &NUMOFCORRELECTRONS [&Type "Integer"] 0
   &NUMOFBASISFUNCTS [&Type "Integer"] 334
   &NUMOFAUXCBASISFUNCTS [&Type "Integer"] 0
   &NUMOFAUXJBASISFUNCTS [&Type "Integer"] 1185
   &NUMOFAUXJKBASISFUNCTS [&Type "Integer"] 0
   &NUMOFCABSBASISFUNCTS [&Type "Integer"] 0
   &TOTALENERGY [&Type "Double"]      -2.9295164804463370e+03  "Hartrees"
$End
$SCF_Dipole_Moment
   &GeometryIndex 1
   &ListStatus       OUT
   &METHOD [&Type "String"] "SCF"
   &LEVEL [&Type "String"] "Relaxed density"
   &MULT [&Type "Integer"] 1
   &STATE [&Type "Integer"] -1
   &IRREP [&Type "Integer"] 0
   &NATOMS [&Type "Integer"] 41
   &DODIPOLEATOM [&Type "Boolean"] false
   &DIPOLEELECCONTRIB [&Type "ArrayOfDoubles", &Dim (3,1)] "Electronic contribution"
                                                         0

0                                     -8.0105718288405992e-01
1                                     -3.6863594143849894e+00
2                                     -1.6575756596560311e+01
   &DIPOLENUCCONTRIB [&Type "ArrayOfDoubles", &Dim (3,1)] "Nuclear contribution"
                                                         0

0                                      8.7891996970421982e-01
1                                      4.3781072429641981e+00
2                                      1.8378245876895587e+01
   &DIPOLETOTAL [&Type "ArrayOfDoubles", &Dim (3,1)] "Total"
                                                         0

0                                      7.7862786820159902e-02
1                                      6.9174782857920869e-01
2                                      1.8024892803352763e+00
   &DIPOLEMAGNITUDE [&Type "Double", &Units "a.u."]       1.9322384111799027e+00
$End
