*************************************************
******************* ORCA 6.0.0 ******************
*************************************************
$Calculation_Status
   &GeometryIndex 1
   &ListStatus       OUT
   &VERSION [&Type "String"] "6.0.0"
   &PROGNAME [&Type "String"] "LeanSCF"
   &STATUS [&Type "String"] "NORMAL TERMINATION"
$End
$Geometry
   &GeometryIndex 1
   &ListStatus       OUT
   &NATOMS [&Type "Integer"] 41
   &NCORELESSECP [&Type "Integer"] 0
   &NGHOSTATOMS [&Type "Integer"] 0
   &CartesianCoordinates [&Type "Coordinates", &Dim(41,4), &Units "Bohr"] 
              C      1.726315833470   -2.092357369957    4.869403834451
              C      4.551901460454   -1.657135751400    4.992357941656
              O      5.460424409023   -0.059697738876    2.989732926296
              P      5.062131390174   -0.636744288898    0.061000676699
              S      5.333546028498   -4.161584457265   -1.001448101105
              O      7.198060418998    1.047253161716   -1.152077432735
              C      7.476467903276    3.715789944009   -0.590172243629
              C      8.865993167907    4.931910788230   -2.776219255587
              S      1.654484669914    1.332233390143   -0.923456692456
              C      0.051575877555   -1.121245379419   -2.673163004968
              S     -2.237008842091   -2.868572607797   -0.800348996248
              P     -4.754558761483    0.165221524338   -0.273332177069
              S     -5.237540839493    2.508746907798   -3.114474865791
              O     -3.621857908917    1.347834724574    2.228120077370
              C     -4.249873895221    3.868724946936    3.076091168645
              C     -2.007127896744    4.916171549144    4.515247806072
              O     -7.293697428692   -1.069623743279    0.759497512546
              C     -9.296413843302   -1.887778008636   -0.884922155669
              C     -8.536790024107   -4.157226702880   -2.456627227912
              H      0.715264232592   -0.307292161396    4.747178146750
              H      1.261372601334   -3.234666414109    3.220028554658
              H      1.118573849773   -3.099269953951    6.549587316382
              H      5.560589548921   -3.458415565325    4.891061532137
              H      5.093453653567   -0.642514656654    6.704025160677
              H      5.595316177755    4.536348249222   -0.339397345696
              H      8.534163115808    3.875782570245    1.173171669646
              H      9.157165494461    6.920290758297   -2.367815978744
              H     10.683583009862    4.017460869733   -3.046945261645
              H      7.770470447527    4.746949013488   -4.502734056243
              H      1.429389127566   -2.500243698421   -3.342729333681
              H     -0.928573608978   -0.202108078773   -4.232509426087
              H     -4.688277473193    5.031647190652    1.420418864060
              H     -5.925420492642    3.729414554984    4.273573074443
              H     -0.349837166636    4.946216376757    3.301023386309
              H     -2.434577136719    6.827330325519    5.123376484996
              H     -1.617252600786    3.753650686849    6.161529692434
              H    -10.843192615066   -2.334393796302    0.402213559582
              H     -9.827362379620   -0.302784221026   -2.104101992368
              H     -7.812748581296   -5.652830019097   -1.248417819472
              H    -10.167880664372   -4.844806845775   -3.492399118883
              H     -7.070417365139   -3.624989812888   -3.799932588480
$End
$SCF_Energy
   &GeometryIndex 1
   &ListStatus       OUT
   &SCF_ENERGY [&Type "Double"]      -2.9296425763998914e+03
$End
$DFT_Energy
   &GeometryIndex 1
   &ListStatus       OUT
   &NALPHAEL [&Type "Integer"] 100
   &NBETAEL [&Type "Integer"] 100
   &NTOTALEL [&Type "Integer"] 201
   &EEXCHANGE [&Type "Double"]      -2.3180499824373578e+02
   &ECORR [&Type "Double"]      -7.2926955349995106e+00
   &ECNL [&Type "Double"]       0.0000000000000000e+00
   &EXC [&Type "Double"]      -2.3909769377873531e+02
   &EEMBED [&Type "Double"]       0.0000000000000000e+00
   &FINALEN [&Type "Double"]      -2.9296425763998914e+03  "No Van der Waals correction"
$End
$Mulliken_Population_Analysis
   &GeometryIndex 1
   &ListStatus       OUT
   &NATOMS [&Type "Integer"] 41
   &ATNO [&Type "ArrayOfIntegers", &Dim (41,1)] 
                                                         0

0                                                        6
1                                                        6
2                                                        8
3                                                       15
4                                                       16
5                                                        8
6                                                        6
7                                                        6
8                                                       16
9                                                        6
10                                                      16
11                                                      15
12                                                      16
13                                                       8
14                                                       6
15                                                       6
16                                                       8
17                                                       6
18                                                       6
19                                                       1
20                                                       1
21                                                       1
22                                                       1
23                                                       1
24                                                       1
25                                                       1
26                                                       1
27                                                       1
28                                                       1
29                                                       1
30                                                       1
31                                                       1
32                                                       1
33                                                       1
34                                                       1
35                                                       1
36                                                       1
37                                                       1
38                                                       1
39                                                       1
40                                                       1
   &ATOMICCHARGES [&Type "ArrayOfDoubles", &Dim (41,1)] 
                                                         0

0                                     -3.6049691130070727e-01
1                                      1.1991356497086159e-02
2                                     -3.8862283466569281e-01
3                                      6.0167612176074137e-01
4                                     -3.0357257251029424e-01
5                                     -3.5879175574214983e-01
6                                     -1.8116640868490741e-02
7                                     -2.7685567911768771e-01
8                                     -1.0639913007819501e-01
9                                     -3.5584391504866453e-01
10                                    -6.5527453943346359e-02
11                                     6.0856325008338885e-01
12                                    -3.3916847186704757e-01
13                                    -3.5834464076496886e-01
14                                    -1.1862899228185952e-02
15                                    -2.9322373609514862e-01
16                                    -3.7377273474976214e-01
17                                    -3.3997541362840167e-03
18                                    -3.1811695928733830e-01
19                                     1.4191158018261174e-01
20                                     1.3881155916487997e-01
21                                     1.0870671515080388e-01
22                                     1.0958530884461748e-01
23                                     1.0038618451291936e-01
24                                     1.0682507735144675e-01
25                                     1.1001513748745007e-01
26                                     1.1056102627517839e-01
27                                     1.2352328791333356e-01
28                                     1.2148062332353149e-01
29                                     1.9152349326562668e-01
30                                     1.9507743049560744e-01
31                                     1.0799461178111880e-01
32                                     1.0369530052164433e-01
33                                     1.2614304002759913e-01
34                                     1.1145141341911524e-01
35                                     1.2361959068184547e-01
36                                     1.0556465427555484e-01
37                                     1.1159952472393164e-01
38                                     1.1957864341664348e-01
39                                     1.1426436302981569e-01
40                                     1.2756679521747527e-01
$End
$Loewdin_Population_Analysis
   &GeometryIndex 1
   &ListStatus       OUT
   &NATOMS [&Type "Integer"] 41
   &ATNO [&Type "ArrayOfIntegers", &Dim (41,1)] 
                                                         0

0                                                        6
1                                                        6
2                                                        8
3                                                       15
4                                                       16
5                                                        8
6                                                        6
7                                                        6
8                                                       16
9                                                        6
10                                                      16
11                                                      15
12                                                      16
13                                                       8
14                                                       6
15                                                       6
16                                                       8
17                                                       6
18                                                       6
19                                                       1
20                                                       1
21                                                       1
22                                                       1
23                                                       1
24                                                       1
25                                                       1
26                                                       1
27                                                       1
28                                                       1
29                                                       1
30                                                       1
31                                                       1
32                                                       1
33                                                       1
34                                                       1
35                                                       1
36                                                       1
37                                                       1
38                                                       1
39                                                       1
40                                                       1
   &ATOMICCHARGES [&Type "ArrayOfDoubles", &Dim (41,1)] 
                                                         0

0                                      9.4780224240564062e-06
1                                      3.9844320235249203e-04
2                                      2.4277222714913921e-03
3                                      3.9791012034125391e-04
4                                      2.2067240216111095e-06
5                                      3.2169200477874717e-03
6                                      3.6977813152215517e-04
7                                      4.2096085450115738e-05
8                                      4.9956498649282843e-05
9                                      2.2673466758161008e-04
10                                     5.8198544422489366e-04
11                                     4.9976663058167080e-02
12                                     8.7719053054265752e-05
13                                     3.3595380305105316e-01
14                                     3.6066272601871591e-02
15                                     3.0916808893827288e-03
16                                     4.7765892474046256e-01
17                                     8.6341509192434066e-02
18                                     2.0668361298545991e-03
19                                     2.4065896598689279e-07
20                                     1.6234050775810444e-07
21                                     1.0788996097995418e-06
22                                     5.5937360063922776e-07
23                                     2.7224819960264305e-06
24                                     2.7068141588231610e-06
25                                     1.0225676041904191e-07
26                                     6.1193945482958025e-07
27                                     7.4559235879192570e-08
28                                     2.7656246844611510e-08
29                                     7.6186107043307182e-06
30                                     4.6486799026093828e-06
31                                     7.9938626541049259e-05
32                                     7.0829036880416751e-06
33                                     1.2947821792665808e-05
34                                     5.4778737363018398e-05
35                                     3.4867325535404674e-06
36                                     5.5563313105867502e-04
37                                     1.5594695050297444e-04
38                                     2.8594680613724086e-06
39                                     1.2723657844613488e-04
40                                     1.2894846721768805e-05
$End
$Mayer_Population_Analysis
   &GeometryIndex 1
   &ListStatus       OUT
   &NATOMS [&Type "Integer"] 41 "Total number of atoms"
   &BONDTHRESH [&Type "Double"]       1.0000000000000001e-01  "The threshold for printing"
   &NBONDORDERSPRINT [&Type "Integer"] 42 "The number of bond orders larger than threshold"
   &BONDORDERS [&Type "ArrayOfDoubles", &Dim (42,1)] "The bond orders"
                                                         0

0                                      1.1597677858408231e+00
1                                      9.2927772180676471e-01
2                                      9.2077475470058212e-01
3                                      9.3514055996987178e-01
4                                      9.0654758585044337e-01
5                                      9.2532707192426600e-01
6                                      9.3463288377380882e-01
7                                      1.0869029280066500e+00
8                                      1.6346805010750152e+00
9                                      1.1382900383847749e+00
10                                     9.4048325151031353e-01
11                                     1.1256430159844492e-01
12                                     8.9418532680114160e-01
13                                     1.1640243284405964e+00
14                                     9.1280987736060004e-01
15                                     9.3029524204478553e-01
16                                     9.4071243983760722e-01
17                                     9.4957242627316119e-01
18                                     9.4946596651635817e-01
19                                     1.0163587135581085e+00
20                                     1.0007530952002779e+00
21                                     8.6195742954434418e-01
22                                     8.7838495607651190e-01
23                                     9.7394432250808005e-01
24                                     1.0899039649419434e-01
25                                     1.5962184077656536e+00
26                                     1.1292501665702135e+00
27                                     1.1138825813413074e+00
28                                     9.0351895104154090e-01
29                                     1.1660531238407135e+00
30                                     9.0650666857339457e-01
31                                     9.3213417155723466e-01
32                                     9.4505242217477603e-01
33                                     9.4030768914249008e-01
34                                     9.4252832831819400e-01
35                                     9.0946469192488866e-01
36                                     1.1641832271062589e+00
37                                     9.3389462080051455e-01
38                                     9.1584104022386847e-01
39                                     9.4498690575398869e-01
40                                     9.3790178377477529e-01
41                                     9.3557157608866137e-01
   &COMPONENTS [&Type "ArrayOfIntegers", &Dim (42,4)] "The indices and atomic numbers of the bonding atoms"
                                                         0                           1                           2                           3

0                                                        0                           6                           1                           6
1                                                        0                           6                          19                           1
2                                                        0                           6                          20                           1
3                                                        0                           6                          21                           1
4                                                        1                           6                           2                           8
5                                                        1                           6                          22                           1
6                                                        1                           6                          23                           1
7                                                        2                           8                           3                          15
8                                                        3                          15                           4                          16
9                                                        3                          15                           5                           8
10                                                       3                          15                           8                          16
11                                                       4                          16                           8                          16
12                                                       5                           8                           6                           6
13                                                       6                           6                           7                           6
14                                                       6                           6                          24                           1
15                                                       6                           6                          25                           1
16                                                       7                           6                          26                           1
17                                                       7                           6                          27                           1
18                                                       7                           6                          28                           1
19                                                       8                          16                           9                           6
20                                                       9                           6                          10                          16
21                                                       9                           6                          29                           1
22                                                       9                           6                          30                           1
23                                                      10                          16                          11                          15
24                                                      10                          16                          12                          16
25                                                      11                          15                          12                          16
26                                                      11                          15                          13                           8
27                                                      11                          15                          16                           8
28                                                      13                           8                          14                           6
29                                                      14                           6                          15                           6
30                                                      14                           6                          31                           1
31                                                      14                           6                          32                           1
32                                                      15                           6                          33                           1
33                                                      15                           6                          34                           1
34                                                      15                           6                          35                           1
35                                                      16                           8                          17                           6
36                                                      17                           6                          18                           6
37                                                      17                           6                          36                           1
38                                                      17                           6                          37                           1
39                                                      18                           6                          38                           1
40                                                      18                           6                          39                           1
41                                                      18                           6                          40                           1
   &ATNO [&Type "ArrayOfIntegers", &Dim (41,1)] "Atomic number of the elements"
                                                         0

0                                                        6
1                                                        6
2                                                        8
3                                                       15
4                                                       16
5                                                        8
6                                                        6
7                                                        6
8                                                       16
9                                                        6
10                                                      16
11                                                      15
12                                                      16
13                                                       8
14                                                       6
15                                                       6
16                                                       8
17                                                       6
18                                                       6
19                                                       1
20                                                       1
21                                                       1
22                                                       1
23                                                       1
24                                                       1
25                                                       1
26                                                       1
27                                                       1
28                                                       1
29                                                       1
30                                                       1
31                                                       1
32                                                       1
33                                                       1
34                                                       1
35                                                       1
36                                                       1
37                                                       1
38                                                       1
39                                                       1
40                                                       1
   &NA [&Type "ArrayOfDoubles", &Dim (41,1)] "Mulliken gross atomic population"
                                                         0

0                                      6.3604969113007108e+00
1                                      5.9880086435029147e+00
2                                      8.3886228346656804e+00
3                                      1.4398323878239308e+01
4                                      1.6303572572510316e+01
5                                      8.3587917557421232e+00
6                                      6.0181166408684881e+00
7                                      6.2768556791176877e+00
8                                      1.6106399130078227e+01
9                                      6.3558439150486423e+00
10                                     1.6065527453943311e+01
11                                     1.4391436749916668e+01
12                                     1.6339168471867065e+01
13                                     8.3583446407649440e+00
14                                     6.0118628992281913e+00
15                                     6.2932237360951575e+00
16                                     8.3737727347497888e+00
17                                     6.0033997541362876e+00
18                                     6.3181169592873410e+00
19                                     8.5808841981738937e-01
20                                     8.6118844083511981e-01
21                                     8.9129328484919734e-01
22                                     8.9041469115538208e-01
23                                     8.9961381548708030e-01
24                                     8.9317492264855314e-01
25                                     8.8998486251254982e-01
26                                     8.8943897372482150e-01
27                                     8.7647671208666666e-01
28                                     8.7851937667646862e-01
29                                     8.0847650673437410e-01
30                                     8.0492256950439256e-01
31                                     8.9200538821888053e-01
32                                     8.9630469947835467e-01
33                                     8.7385695997240020e-01
34                                     8.8854858658088531e-01
35                                     8.7638040931815464e-01
36                                     8.9443534572444516e-01
37                                     8.8840047527606791e-01
38                                     8.8042135658335596e-01
39                                     8.8573563697018531e-01
40                                     8.7243320478252506e-01
   &ZA [&Type "ArrayOfDoubles", &Dim (41,1)] "Total nuclear charge"
                                                         0

0                                      6.0000000000000000e+00
1                                      6.0000000000000000e+00
2                                      8.0000000000000000e+00
3                                      1.5000000000000000e+01
4                                      1.6000000000000000e+01
5                                      8.0000000000000000e+00
6                                      6.0000000000000000e+00
7                                      6.0000000000000000e+00
8                                      1.6000000000000000e+01
9                                      6.0000000000000000e+00
10                                     1.6000000000000000e+01
11                                     1.5000000000000000e+01
12                                     1.6000000000000000e+01
13                                     8.0000000000000000e+00
14                                     6.0000000000000000e+00
15                                     6.0000000000000000e+00
16                                     8.0000000000000000e+00
17                                     6.0000000000000000e+00
18                                     6.0000000000000000e+00
19                                     1.0000000000000000e+00
20                                     1.0000000000000000e+00
21                                     1.0000000000000000e+00
22                                     1.0000000000000000e+00
23                                     1.0000000000000000e+00
24                                     1.0000000000000000e+00
25                                     1.0000000000000000e+00
26                                     1.0000000000000000e+00
27                                     1.0000000000000000e+00
28                                     1.0000000000000000e+00
29                                     1.0000000000000000e+00
30                                     1.0000000000000000e+00
31                                     1.0000000000000000e+00
32                                     1.0000000000000000e+00
33                                     1.0000000000000000e+00
34                                     1.0000000000000000e+00
35                                     1.0000000000000000e+00
36                                     1.0000000000000000e+00
37                                     1.0000000000000000e+00
38                                     1.0000000000000000e+00
39                                     1.0000000000000000e+00
40                                     1.0000000000000000e+00
   &QA [&Type "ArrayOfDoubles", &Dim (41,1)] "Mulliken gross atomic charge"
                                                         0

0                                     -3.6049691130071082e-01
1                                      1.1991356497085270e-02
2                                     -3.8862283466568037e-01
3                                      6.0167612176069163e-01
4                                     -3.0357257251031555e-01
5                                     -3.5879175574212319e-01
6                                     -1.8116640868488076e-02
7                                     -2.7685567911768771e-01
8                                     -1.0639913007822699e-01
9                                     -3.5584391504864232e-01
10                                    -6.5527453943310832e-02
11                                     6.0856325008333201e-01
12                                    -3.3916847186706534e-01
13                                    -3.5834464076494399e-01
14                                    -1.1862899228191282e-02
15                                    -2.9322373609515751e-01
16                                    -3.7377273474978878e-01
17                                    -3.3997541362875694e-03
18                                    -3.1811695928734096e-01
19                                     1.4191158018261063e-01
20                                     1.3881155916488019e-01
21                                     1.0870671515080266e-01
22                                     1.0958530884461792e-01
23                                     1.0038618451291970e-01
24                                     1.0682507735144686e-01
25                                     1.1001513748745018e-01
26                                     1.1056102627517850e-01
27                                     1.2352328791333334e-01
28                                     1.2148062332353138e-01
29                                     1.9152349326562590e-01
30                                     1.9507743049560744e-01
31                                     1.0799461178111947e-01
32                                     1.0369530052164533e-01
33                                     1.2614304002759980e-01
34                                     1.1145141341911469e-01
35                                     1.2361959068184536e-01
36                                     1.0556465427555484e-01
37                                     1.1159952472393209e-01
38                                     1.1957864341664404e-01
39                                     1.1426436302981469e-01
40                                     1.2756679521747494e-01
   &VA [&Type "ArrayOfDoubles", &Dim (41,1)] "Mayer's total valence"
                                                         0

0                                      3.9732000567806880e+00
1                                      3.9948024242084141e+00
2                                      2.1641793935893450e+00
3                                      4.9607283204094399e+00
4                                      2.0490685059179743e+00
5                                      2.1573119382771262e+00
6                                      4.0064734834412121e+00
7                                      3.9997675676007640e+00
8                                      2.2958644453043386e+00
9                                      3.8156111342226113e+00
10                                     2.2920649379388038e+00
11                                     4.9622077210500635e+00
12                                     2.0570859152394694e+00
13                                     2.1801852765885537e+00
14                                     3.9839018393494685e+00
15                                     4.0046358487227840e+00
16                                     2.1816577957462790e+00
17                                     4.0015197634458284e+00
18                                     3.9888241120473600e+00
19                                     9.8487270399413007e-01
20                                     9.9423043403892519e-01
21                                     9.5426510643693963e-01
22                                     9.6719537199407835e-01
23                                     9.4947892845121540e-01
24                                     9.6007002224383586e-01
25                                     9.5306653987877032e-01
26                                     9.5424002745016723e-01
27                                     9.5842295786879905e-01
28                                     9.6169266930133979e-01
29                                     9.8995633079145906e-01
30                                     9.6521526604285746e-01
31                                     9.9541987448762037e-01
32                                     9.4834681477943328e-01
33                                     9.6870415317130731e-01
34                                     9.5206784375501741e-01
35                                     9.5423936088938655e-01
36                                     9.4903109346416992e-01
37                                     9.8095729138433596e-01
38                                     9.6066468090740698e-01
39                                     9.5489513024382466e-01
40                                     9.8086450058748964e-01
   &BVA [&Type "ArrayOfDoubles", &Dim (41,1)] "Mayer's bonded valence"
                                                         0

0                                      3.9732000567807391e+00
1                                      3.9948024242083964e+00
2                                      2.1641793935893321e+00
3                                      4.9607283204092782e+00
4                                      2.0490685059179143e+00
5                                      2.1573119382771933e+00
6                                      4.0064734834411828e+00
7                                      3.9997675676007516e+00
8                                      2.2958644453043227e+00
9                                      3.8156111342226144e+00
10                                     2.2920649379388158e+00
11                                     4.9622077210500057e+00
12                                     2.0570859152394068e+00
13                                     2.1801852765886527e+00
14                                     3.9839018393494721e+00
15                                     4.0046358487227920e+00
16                                     2.1816577957462240e+00
17                                     4.0015197634458177e+00
18                                     3.9888241120473324e+00
19                                     9.8487270399412685e-01
20                                     9.9423043403893929e-01
21                                     9.5426510643694296e-01
22                                     9.6719537199407135e-01
23                                     9.4947892845122028e-01
24                                     9.6007002224383320e-01
25                                     9.5306653987877055e-01
26                                     9.5424002745016756e-01
27                                     9.5842295786879983e-01
28                                     9.6169266930134489e-01
29                                     9.8995633079145295e-01
30                                     9.6521526604285068e-01
31                                     9.9541987448762137e-01
32                                     9.4834681477944394e-01
33                                     9.6870415317130798e-01
34                                     9.5206784375503151e-01
35                                     9.5423936088938943e-01
36                                     9.4903109346417092e-01
37                                     9.8095729138433796e-01
38                                     9.6066468090740764e-01
39                                     9.5489513024381589e-01
40                                     9.8086450058748664e-01
   &FA [&Type "ArrayOfDoubles", &Dim (41,1)] "Mayer's free valence"
                                                         0

0                                      0.0000000000000000e+00
1                                      0.0000000000000000e+00
2                                      0.0000000000000000e+00
3                                      0.0000000000000000e+00
4                                      0.0000000000000000e+00
5                                      0.0000000000000000e+00
6                                      0.0000000000000000e+00
7                                      0.0000000000000000e+00
8                                      0.0000000000000000e+00
9                                      0.0000000000000000e+00
10                                     0.0000000000000000e+00
11                                     0.0000000000000000e+00
12                                     0.0000000000000000e+00
13                                     0.0000000000000000e+00
14                                     0.0000000000000000e+00
15                                     0.0000000000000000e+00
16                                     0.0000000000000000e+00
17                                     0.0000000000000000e+00
18                                     0.0000000000000000e+00
19                                     0.0000000000000000e+00
20                                     0.0000000000000000e+00
21                                     0.0000000000000000e+00
22                                     0.0000000000000000e+00
23                                     0.0000000000000000e+00
24                                     0.0000000000000000e+00
25                                     0.0000000000000000e+00
26                                     0.0000000000000000e+00
27                                     0.0000000000000000e+00
28                                     0.0000000000000000e+00
29                                     0.0000000000000000e+00
30                                     0.0000000000000000e+00
31                                     0.0000000000000000e+00
32                                     0.0000000000000000e+00
33                                     0.0000000000000000e+00
34                                     0.0000000000000000e+00
35                                     0.0000000000000000e+00
36                                     0.0000000000000000e+00
37                                     0.0000000000000000e+00
38                                     0.0000000000000000e+00
39                                     0.0000000000000000e+00
40                                     0.0000000000000000e+00
$End
$VdW_Correction
   &GeometryIndex 1
   &ListStatus       OUT
   &VDW [&Type "Double"]      -6.3840901839690503e-02
$End
$Calculation_Info
   &GeometryIndex 1
   &ListStatus       OUT
   &MULT [&Type "Integer"] 1
   &CHARGE [&Type "Integer"] 0
   &NUMOFATOMS [&Type "Integer"] 41
   &NUMOFELECTRONS [&Type "Integer"] 202
   &NUMOFFCELECTRONS [&Type "Integer"] 1
   &NUMOFCORRELECTRONS [&Type "Integer"] 0
   &NUMOFBASISFUNCTS [&Type "Integer"] 334
   &NUMOFAUXCBASISFUNCTS [&Type "Integer"] 0
   &NUMOFAUXJBASISFUNCTS [&Type "Integer"] 1185
   &NUMOFAUXJKBASISFUNCTS [&Type "Integer"] 0
   &NUMOFCABSBASISFUNCTS [&Type "Integer"] 0
   &TOTALENERGY [&Type "Double"]      -2.9295221554290310e+03  "Hartrees"
$End
$SCF_Dipole_Moment
   &GeometryIndex 1
   &ListStatus       OUT
   &METHOD [&Type "String"] "SCF"
   &LEVEL [&Type "String"] "Relaxed density"
   &MULT [&Type "Integer"] 1
   &STATE [&Type "Integer"] -1
   &IRREP [&Type "Integer"] 0
   &NATOMS [&Type "Integer"] 41
   &DODIPOLEATOM [&Type "Boolean"] false
   &DIPOLEELECCONTRIB [&Type "ArrayOfDoubles", &Dim (3,1)] "Electronic contribution"
                                                         0

0                                      2.0246244956041242e+00
1                                     -8.4304040149149682e+00
2                                     -8.7753963281346010e+00
   &DIPOLENUCCONTRIB [&Type "ArrayOfDoubles", &Dim (3,1)] "Nuclear contribution"
                                                         0

0                                     -2.4806088172170355e+00
1                                      9.3077311992686091e+00
2                                      9.9037562109362689e+00
   &DIPOLETOTAL [&Type "ArrayOfDoubles", &Dim (3,1)] "Total"
                                                         0

0                                     -4.5598432161291136e-01
1                                      8.7732718435364099e-01
2                                      1.1283598828016679e+00
   &DIPOLEMAGNITUDE [&Type "Double", &Units "a.u."]       1.5002735467503479e+00
$End
