*************************************************
******************* ORCA 6.0.0 ******************
*************************************************
$Calculation_Status
   &GeometryIndex 1
   &ListStatus       OUT
   &VERSION [&Type "String"] "6.0.0"
   &PROGNAME [&Type "String"] "LeanSCF"
   &STATUS [&Type "String"] "NORMAL TERMINATION"
$End
$Geometry
   &GeometryIndex 1
   &ListStatus       OUT
   &NATOMS [&Type "Integer"] 41
   &NCORELESSECP [&Type "Integer"] 0
   &NGHOSTATOMS [&Type "Integer"] 0
   &CartesianCoordinates [&Type "Coordinates", &Dim(41,4), &Units "Bohr"] 
              C     10.151495965704   -3.906623930462   -3.211623275802
              C      8.122016485569   -1.890855530824   -3.353918489426
              O      6.204500900082   -2.494271496008   -1.514051147013
              P      4.431989679666   -0.401437976859   -0.291972440756
              S      6.200861295673    2.677611232449    0.789254969128
              O      3.054993121668   -1.960204825208    1.849395502206
              C      4.096700214592   -2.172789218367    4.376032831307
              C      1.981518403199   -1.896721230539    6.284998924433
              S      1.522803486924    0.079999727192   -2.972161948268
              C      0.256065214591    2.966504049264   -1.616578463476
              S     -1.478602826856    2.418518644088    1.261226447647
              P     -4.607450684493    0.566516320805   -0.511879844316
              S     -5.607947288647    1.929243497995   -3.797663620956
              O     -6.636824702414    0.451254916982    1.694705681261
              C     -7.442663882393    2.571286130541    3.201369278625
              C     -8.416500667533    4.747805300745    1.620220225195
              O     -3.861269210675   -2.298356148231   -0.819140364893
              C     -3.149241718958   -3.906998595502    1.275532576258
              C     -5.317810044088   -5.639690821885    1.973831876198
              H     11.013606258900   -3.911470195683   -1.348451838832
              H      9.330662155239   -5.752920975338   -3.572162125373
              H     11.588126895903   -3.513484123727   -4.620750361973
              H      7.228213703663   -1.846147657112   -5.215306633417
              H      8.886636824944   -0.016493085989   -2.921539594962
              H      5.000157604104   -4.022792723139    4.500007483032
              H      5.520890671927   -0.692870519458    4.630152792807
              H      0.613479844007   -3.409321499117    6.057285754799
              H      2.777456028996   -1.984419191018    8.173114860321
              H      1.041103352448   -0.086621791115    6.034560135080
              H     -1.008660928566    3.773828990133   -3.029869041886
              H      1.806060643788    4.245504745031   -1.161214689828
              H     -8.929387660667    1.780944617830    4.392429836249
              H     -5.848626786370    3.174250805503    4.369812646370
              H     -6.895330698051    5.535105933057    0.479628599681
              H     -9.905419516912    4.107592003599    0.356892244295
              H     -9.152968345254    6.210980404955    2.853992650688
              H     -1.511230204659   -4.965231836686    0.598659383910
              H     -2.592077101367   -2.719546600133    2.871627021280
              H     -5.882523852832   -6.748743613832    0.340962334110
              H     -4.720082561235   -6.900786177907    3.477202010478
              H     -6.927812391386   -4.533856834476    2.609183178043
$End
$SCF_Energy
   &GeometryIndex 1
   &ListStatus       OUT
   &SCF_ENERGY [&Type "Double"]      -2.9296423401972706e+03
$End
$DFT_Energy
   &GeometryIndex 1
   &ListStatus       OUT
   &NALPHAEL [&Type "Integer"] 101
   &NBETAEL [&Type "Integer"] 101
   &NTOTALEL [&Type "Integer"] 202
   &EEXCHANGE [&Type "Double"]      -2.3180790797580215e+02
   &ECORR [&Type "Double"]      -7.2917486245859475e+00
   &ECNL [&Type "Double"]       0.0000000000000000e+00
   &EXC [&Type "Double"]      -2.3909965660038810e+02
   &EEMBED [&Type "Double"]       0.0000000000000000e+00
   &FINALEN [&Type "Double"]      -2.9296423401972706e+03  "No Van der Waals correction"
$End
$Mulliken_Population_Analysis
   &GeometryIndex 1
   &ListStatus       OUT
   &NATOMS [&Type "Integer"] 41
   &ATNO [&Type "ArrayOfIntegers", &Dim (41,1)] 
                                                         0

0                                                        6
1                                                        6
2                                                        8
3                                                       15
4                                                       16
5                                                        8
6                                                        6
7                                                        6
8                                                       16
9                                                        6
10                                                      16
11                                                      15
12                                                      16
13                                                       8
14                                                       6
15                                                       6
16                                                       8
17                                                       6
18                                                       6
19                                                       1
20                                                       1
21                                                       1
22                                                       1
23                                                       1
24                                                       1
25                                                       1
26                                                       1
27                                                       1
28                                                       1
29                                                       1
30                                                       1
31                                                       1
32                                                       1
33                                                       1
34                                                       1
35                                                       1
36                                                       1
37                                                       1
38                                                       1
39                                                       1
40                                                       1
   &ATOMICCHARGES [&Type "ArrayOfDoubles", &Dim (41,1)] 
                                                         0

0                                     -2.8157036979945893e-01
1                                     -1.1001976122174462e-02
2                                     -3.7990165789828723e-01
3                                      6.1233504789386650e-01
4                                     -3.4187145404284891e-01
5                                     -3.6269536844104344e-01
6                                     -1.2950548050494781e-02
7                                     -2.9285230432473686e-01
8                                     -6.0131305324784279e-02
9                                     -3.7854404677046638e-01
10                                    -1.0337969550075954e-01
11                                     5.9380061718966459e-01
12                                    -3.0760992598747805e-01
13                                    -3.8035963655302929e-01
14                                    -1.2576945980971033e-02
15                                    -3.0724271661818836e-01
16                                    -3.4343040578981210e-01
17                                    -2.2656627629032755e-02
18                                    -2.8490705678487238e-01
19                                     1.1647660738757259e-01
20                                     1.1724326578745881e-01
21                                     1.1344484680481459e-01
22                                     1.0534200829426155e-01
23                                     1.0816239076033407e-01
24                                     1.0544892881421664e-01
25                                     1.0937601582715373e-01
26                                     1.1977623149675587e-01
27                                     1.1196976245743795e-01
28                                     1.2770141023021608e-01
29                                     1.9607731789906580e-01
30                                     1.9531003994454887e-01
31                                     1.0905576933241456e-01
32                                     1.1339989267044603e-01
33                                     1.2687427773125126e-01
34                                     1.2744513756825804e-01
35                                     1.1175466035408177e-01
36                                     1.1233636116470014e-01
37                                     1.0741888584659143e-01
38                                     1.2075519710132887e-01
39                                     1.0582407480121225e-01
40                                     1.1635329426078433e-01
$End
$Loewdin_Population_Analysis
   &GeometryIndex 1
   &ListStatus       OUT
   &NATOMS [&Type "Integer"] 41
   &ATNO [&Type "ArrayOfIntegers", &Dim (41,1)] 
                                                         0

0                                                        6
1                                                        6
2                                                        8
3                                                       15
4                                                       16
5                                                        8
6                                                        6
7                                                        6
8                                                       16
9                                                        6
10                                                      16
11                                                      15
12                                                      16
13                                                       8
14                                                       6
15                                                       6
16                                                       8
17                                                       6
18                                                       6
19                                                       1
20                                                       1
21                                                       1
22                                                       1
23                                                       1
24                                                       1
25                                                       1
26                                                       1
27                                                       1
28                                                       1
29                                                       1
30                                                       1
31                                                       1
32                                                       1
33                                                       1
34                                                       1
35                                                       1
36                                                       1
37                                                       1
38                                                       1
39                                                       1
40                                                       1
   &ATOMICCHARGES [&Type "ArrayOfDoubles", &Dim (41,1)] 
                                                         0

0                                      6.3998878923341666e-03
1                                      9.1832495628866168e-02
2                                      5.1472706997751461e-01
3                                      5.3747588223951641e-02
4                                      8.1299699563772046e-05
5                                      2.9808542294735824e-01
6                                      2.7121842100135473e-02
7                                      1.8925198797057970e-03
8                                      5.9788019156612447e-04
9                                      2.5714375402604667e-04
10                                     4.2194232296959036e-05
11                                     3.2458062115759480e-04
12                                     3.5329308765830330e-06
13                                     1.2363966666701595e-03
14                                     1.6599203671544512e-04
15                                     1.1978565900765185e-05
16                                     2.6116198917465090e-03
17                                     2.5087241875161820e-04
18                                     1.8262146920544174e-05
19                                     2.0649724019480327e-05
20                                     5.5750312077750057e-06
21                                     9.7902392114993048e-05
22                                     7.7488708204825161e-05
23                                     2.3555051279374308e-04
24                                     4.1930954223250051e-06
25                                     8.1898938549598629e-05
26                                     3.6296479804202332e-07
27                                     4.6363098656206261e-05
28                                     3.2942285687820528e-06
29                                     7.4819453023668031e-06
30                                     5.1556825051068939e-06
31                                     5.6124025054390211e-07
32                                     1.7852836896793815e-06
33                                     2.1691570111954950e-07
34                                     8.9324938162768671e-08
35                                     4.4364154403354130e-07
36                                     1.1908321028006000e-06
37                                     6.1124862093728531e-07
38                                     9.5124758196296030e-08
39                                     4.7302462813504886e-07
40                                     3.7235565084462705e-08
$End
$Mayer_Population_Analysis
   &GeometryIndex 1
   &ListStatus       OUT
   &NATOMS [&Type "Integer"] 41 "Total number of atoms"
   &BONDTHRESH [&Type "Double"]       1.0000000000000001e-01  "The threshold for printing"
   &NBONDORDERSPRINT [&Type "Integer"] 42 "The number of bond orders larger than threshold"
   &BONDORDERS [&Type "ArrayOfDoubles", &Dim (42,1)] "The bond orders"
                                                         0

0                                      1.1617499562016593e+00
1                                      9.5112356199131542e-01
2                                      9.5082979489874908e-01
3                                      9.4176086370079415e-01
4                                      9.0330017574981603e-01
5                                      9.3104515201495686e-01
6                                      9.0690047014787223e-01
7                                      1.1138025517878400e+00
8                                      1.6010469890788612e+00
9                                      1.1316509559126806e+00
10                                     9.8086263804161922e-01
11                                     1.0870619863534939e-01
12                                     8.9354118247719216e-01
13                                     1.1703736770886062e+00
14                                     9.3273292332970603e-01
15                                     9.0108822740118011e-01
16                                     9.4066664626048813e-01
17                                     9.3858718248277107e-01
18                                     9.4265941684412435e-01
19                                     1.0046531414608098e+00
20                                     1.0085855629548783e+00
21                                     8.6871020371898777e-01
22                                     8.7034644059885236e-01
23                                     9.3696572672522227e-01
24                                     1.0971759483762879e-01
25                                     1.6473066883641785e+00
26                                     1.0798720319690047e+00
27                                     1.1454596020297285e+00
28                                     9.1126017816765781e-01
29                                     1.1673946973493676e+00
30                                     9.3310553481393288e-01
31                                     9.2568364573598272e-01
32                                     9.3214266644965138e-01
33                                     9.4333437046299107e-01
34                                     9.3491079290322121e-01
35                                     8.9020953416759196e-01
36                                     1.1592586415489039e+00
37                                     9.3220720062694640e-01
38                                     9.0563008285089630e-01
39                                     9.4683587685574622e-01
40                                     9.4159791765314615e-01
41                                     9.4388896430740465e-01
   &COMPONENTS [&Type "ArrayOfIntegers", &Dim (42,4)] "The indices and atomic numbers of the bonding atoms"
                                                         0                           1                           2                           3

0                                                        0                           6                           1                           6
1                                                        0                           6                          19                           1
2                                                        0                           6                          20                           1
3                                                        0                           6                          21                           1
4                                                        1                           6                           2                           8
5                                                        1                           6                          22                           1
6                                                        1                           6                          23                           1
7                                                        2                           8                           3                          15
8                                                        3                          15                           4                          16
9                                                        3                          15                           5                           8
10                                                       3                          15                           8                          16
11                                                       4                          16                           8                          16
12                                                       5                           8                           6                           6
13                                                       6                           6                           7                           6
14                                                       6                           6                          24                           1
15                                                       6                           6                          25                           1
16                                                       7                           6                          26                           1
17                                                       7                           6                          27                           1
18                                                       7                           6                          28                           1
19                                                       8                          16                           9                           6
20                                                       9                           6                          10                          16
21                                                       9                           6                          29                           1
22                                                       9                           6                          30                           1
23                                                      10                          16                          11                          15
24                                                      10                          16                          12                          16
25                                                      11                          15                          12                          16
26                                                      11                          15                          13                           8
27                                                      11                          15                          16                           8
28                                                      13                           8                          14                           6
29                                                      14                           6                          15                           6
30                                                      14                           6                          31                           1
31                                                      14                           6                          32                           1
32                                                      15                           6                          33                           1
33                                                      15                           6                          34                           1
34                                                      15                           6                          35                           1
35                                                      16                           8                          17                           6
36                                                      17                           6                          18                           6
37                                                      17                           6                          36                           1
38                                                      17                           6                          37                           1
39                                                      18                           6                          38                           1
40                                                      18                           6                          39                           1
41                                                      18                           6                          40                           1
   &ATNO [&Type "ArrayOfIntegers", &Dim (41,1)] "Atomic number of the elements"
                                                         0

0                                                        6
1                                                        6
2                                                        8
3                                                       15
4                                                       16
5                                                        8
6                                                        6
7                                                        6
8                                                       16
9                                                        6
10                                                      16
11                                                      15
12                                                      16
13                                                       8
14                                                       6
15                                                       6
16                                                       8
17                                                       6
18                                                       6
19                                                       1
20                                                       1
21                                                       1
22                                                       1
23                                                       1
24                                                       1
25                                                       1
26                                                       1
27                                                       1
28                                                       1
29                                                       1
30                                                       1
31                                                       1
32                                                       1
33                                                       1
34                                                       1
35                                                       1
36                                                       1
37                                                       1
38                                                       1
39                                                       1
40                                                       1
   &NA [&Type "ArrayOfDoubles", &Dim (41,1)] "Mulliken gross atomic population"
                                                         0

0                                      6.2815703697994465e+00
1                                      6.0110019761221780e+00
2                                      8.3799016578982979e+00
3                                      1.4387664952106123e+01
4                                      1.6341871454042849e+01
5                                      8.3626953684410523e+00
6                                      6.0129505480504895e+00
7                                      6.2928523043247520e+00
8                                      1.6060131305324809e+01
9                                      6.3785440467704779e+00
10                                     1.6103379695500760e+01
11                                     1.4406199382810359e+01
12                                     1.6307609925987503e+01
13                                     8.3803596365530044e+00
14                                     6.0125769459809799e+00
15                                     6.3072427166181813e+00
16                                     8.3434304057898316e+00
17                                     6.0226566276290265e+00
18                                     6.2849070567848635e+00
19                                     8.8352339261242763e-01
20                                     8.8275673421254064e-01
21                                     8.8655515319518630e-01
22                                     8.9465799170573868e-01
23                                     8.9183760923966537e-01
24                                     8.9455107118578470e-01
25                                     8.9062398417284627e-01
26                                     8.8022376850324358e-01
27                                     8.8803023754256172e-01
28                                     8.7229858976978392e-01
29                                     8.0392268210093443e-01
30                                     8.0468996005545124e-01
31                                     8.9094423066758577e-01
32                                     8.8660010732955363e-01
33                                     8.7312572226874907e-01
34                                     8.7255486243174163e-01
35                                     8.8824533964591756e-01
36                                     8.8766363883529997e-01
37                                     8.9258111415340879e-01
38                                     8.7924480289867157e-01
39                                     8.9417592519878786e-01
40                                     8.8364670573921589e-01
   &ZA [&Type "ArrayOfDoubles", &Dim (41,1)] "Total nuclear charge"
                                                         0

0                                      6.0000000000000000e+00
1                                      6.0000000000000000e+00
2                                      8.0000000000000000e+00
3                                      1.5000000000000000e+01
4                                      1.6000000000000000e+01
5                                      8.0000000000000000e+00
6                                      6.0000000000000000e+00
7                                      6.0000000000000000e+00
8                                      1.6000000000000000e+01
9                                      6.0000000000000000e+00
10                                     1.6000000000000000e+01
11                                     1.5000000000000000e+01
12                                     1.6000000000000000e+01
13                                     8.0000000000000000e+00
14                                     6.0000000000000000e+00
15                                     6.0000000000000000e+00
16                                     8.0000000000000000e+00
17                                     6.0000000000000000e+00
18                                     6.0000000000000000e+00
19                                     1.0000000000000000e+00
20                                     1.0000000000000000e+00
21                                     1.0000000000000000e+00
22                                     1.0000000000000000e+00
23                                     1.0000000000000000e+00
24                                     1.0000000000000000e+00
25                                     1.0000000000000000e+00
26                                     1.0000000000000000e+00
27                                     1.0000000000000000e+00
28                                     1.0000000000000000e+00
29                                     1.0000000000000000e+00
30                                     1.0000000000000000e+00
31                                     1.0000000000000000e+00
32                                     1.0000000000000000e+00
33                                     1.0000000000000000e+00
34                                     1.0000000000000000e+00
35                                     1.0000000000000000e+00
36                                     1.0000000000000000e+00
37                                     1.0000000000000000e+00
38                                     1.0000000000000000e+00
39                                     1.0000000000000000e+00
40                                     1.0000000000000000e+00
   &QA [&Type "ArrayOfDoubles", &Dim (41,1)] "Mulliken gross atomic charge"
                                                         0

0                                     -2.8157036979944650e-01
1                                     -1.1001976122178014e-02
2                                     -3.7990165789829788e-01
3                                      6.1233504789387716e-01
4                                     -3.4187145404284891e-01
5                                     -3.6269536844105232e-01
6                                     -1.2950548050489452e-02
7                                     -2.9285230432475196e-01
8                                     -6.0131305324809148e-02
9                                     -3.7854404677047793e-01
10                                    -1.0337969550075954e-01
11                                     5.9380061718964150e-01
12                                    -3.0760992598750292e-01
13                                    -3.8035963655300442e-01
14                                    -1.2576945980979914e-02
15                                    -3.0724271661818126e-01
16                                    -3.4343040578983164e-01
17                                    -2.2656627629026538e-02
18                                    -2.8490705678486350e-01
19                                     1.1647660738757237e-01
20                                     1.1724326578745936e-01
21                                     1.1344484680481370e-01
22                                     1.0534200829426132e-01
23                                     1.0816239076033463e-01
24                                     1.0544892881421530e-01
25                                     1.0937601582715373e-01
26                                     1.1977623149675642e-01
27                                     1.1196976245743828e-01
28                                     1.2770141023021608e-01
29                                     1.9607731789906557e-01
30                                     1.9531003994454876e-01
31                                     1.0905576933241423e-01
32                                     1.1339989267044637e-01
33                                     1.2687427773125093e-01
34                                     1.2744513756825837e-01
35                                     1.1175466035408244e-01
36                                     1.1233636116470003e-01
37                                     1.0741888584659121e-01
38                                     1.2075519710132843e-01
39                                     1.0582407480121214e-01
40                                     1.1635329426078411e-01
   &VA [&Type "ArrayOfDoubles", &Dim (41,1)] "Mayer's total valence"
                                                         0

0                                      4.0025539027361496e+00
1                                      3.9672972138947502e+00
2                                      2.1661980910797798e+00
3                                      4.9785594335632188e+00
4                                      2.0608151424052714e+00
5                                      2.1719227202342828e+00
6                                      3.9769587132221469e+00
7                                      4.0067333315529066e+00
8                                      2.2726581263802696e+00
9                                      3.8002160959278615e+00
10                                     2.2929384013922705e+00
11                                     4.9599053697847246e+00
12                                     2.0343607327710829e+00
13                                     2.1744882246212556e+00
14                                     4.0185687415784468e+00
15                                     3.9882748312624665e+00
16                                     2.1801386160295060e+00
17                                     4.0031914771308212e+00
18                                     3.9856037785185188e+00
19                                     9.6089490028260749e-01
20                                     9.5792591171634078e-01
21                                     9.5446305507174356e-01
22                                     9.5372079420463440e-01
23                                     9.9391584376552333e-01
24                                     9.4718841363794648e-01
25                                     1.0000551942290208e+00
26                                     9.5665081247692596e-01
27                                     9.5256865803016144e-01
28                                     9.7088588706631784e-01
29                                     9.7967732109999550e-01
30                                     9.7724684647898263e-01
31                                     9.4639905852823414e-01
32                                     9.5219162976332672e-01
33                                     9.8861181902946338e-01
34                                     9.6536421198279299e-01
35                                     9.5278100729953963e-01
36                                     9.6296586965062814e-01
37                                     9.7964644394436740e-01
38                                     9.5773243940597652e-01
39                                     9.5504731978868029e-01
40                                     9.7759739011843094e-01
   &BVA [&Type "ArrayOfDoubles", &Dim (41,1)] "Mayer's bonded valence"
                                                         0

0                                      4.0025539027361869e+00
1                                      3.9672972138947418e+00
2                                      2.1661980910798011e+00
3                                      4.9785594335632810e+00
4                                      2.0608151424053038e+00
5                                      2.1719227202342224e+00
6                                      3.9769587132221491e+00
7                                      4.0067333315528941e+00
8                                      2.2726581263802621e+00
9                                      3.8002160959278224e+00
10                                     2.2929384013922056e+00
11                                     4.9599053697846154e+00
12                                     2.0343607327709945e+00
13                                     2.1744882246212893e+00
14                                     4.0185687415784130e+00
15                                     3.9882748312624985e+00
16                                     2.1801386160294327e+00
17                                     4.0031914771308594e+00
18                                     3.9856037785185503e+00
19                                     9.6089490028260960e-01
20                                     9.5792591171634367e-01
21                                     9.5446305507173990e-01
22                                     9.5372079420464306e-01
23                                     9.9391584376553088e-01
24                                     9.4718841363794060e-01
25                                     1.0000551942290172e+00
26                                     9.5665081247693762e-01
27                                     9.5256865803015911e-01
28                                     9.7088588706631707e-01
29                                     9.7967732109999006e-01
30                                     9.7724684647898030e-01
31                                     9.4639905852823081e-01
32                                     9.5219162976333149e-01
33                                     9.8861181902946704e-01
34                                     9.6536421198279765e-01
35                                     9.5278100729954507e-01
36                                     9.6296586965062703e-01
37                                     9.7964644394436984e-01
38                                     9.5773243940597441e-01
39                                     9.5504731978867996e-01
40                                     9.7759739011843749e-01
   &FA [&Type "ArrayOfDoubles", &Dim (41,1)] "Mayer's free valence"
                                                         0

0                                      0.0000000000000000e+00
1                                      0.0000000000000000e+00
2                                      0.0000000000000000e+00
3                                      0.0000000000000000e+00
4                                      0.0000000000000000e+00
5                                      0.0000000000000000e+00
6                                      0.0000000000000000e+00
7                                      0.0000000000000000e+00
8                                      0.0000000000000000e+00
9                                      0.0000000000000000e+00
10                                     0.0000000000000000e+00
11                                     0.0000000000000000e+00
12                                     0.0000000000000000e+00
13                                     0.0000000000000000e+00
14                                     0.0000000000000000e+00
15                                     0.0000000000000000e+00
16                                     0.0000000000000000e+00
17                                     0.0000000000000000e+00
18                                     0.0000000000000000e+00
19                                     0.0000000000000000e+00
20                                     0.0000000000000000e+00
21                                     0.0000000000000000e+00
22                                     0.0000000000000000e+00
23                                     0.0000000000000000e+00
24                                     0.0000000000000000e+00
25                                     0.0000000000000000e+00
26                                     0.0000000000000000e+00
27                                     0.0000000000000000e+00
28                                     0.0000000000000000e+00
29                                     0.0000000000000000e+00
30                                     0.0000000000000000e+00
31                                     0.0000000000000000e+00
32                                     0.0000000000000000e+00
33                                     0.0000000000000000e+00
34                                     0.0000000000000000e+00
35                                     0.0000000000000000e+00
36                                     0.0000000000000000e+00
37                                     0.0000000000000000e+00
38                                     0.0000000000000000e+00
39                                     0.0000000000000000e+00
40                                     0.0000000000000000e+00
$End
$VdW_Correction
   &GeometryIndex 1
   &ListStatus       OUT
   &VDW [&Type "Double"]      -6.3982713807420641e-02
$End
$Calculation_Info
   &GeometryIndex 1
   &ListStatus       OUT
   &MULT [&Type "Integer"] 1
   &CHARGE [&Type "Integer"] 0
   &NUMOFATOMS [&Type "Integer"] 41
   &NUMOFELECTRONS [&Type "Integer"] 202
   &NUMOFFCELECTRONS [&Type "Integer"] 1
   &NUMOFCORRELECTRONS [&Type "Integer"] 0
   &NUMOFBASISFUNCTS [&Type "Integer"] 334
   &NUMOFAUXCBASISFUNCTS [&Type "Integer"] 0
   &NUMOFAUXJBASISFUNCTS [&Type "Integer"] 1185
   &NUMOFAUXJKBASISFUNCTS [&Type "Integer"] 0
   &NUMOFCABSBASISFUNCTS [&Type "Integer"] 0
   &TOTALENERGY [&Type "Double"]      -2.9295220459069783e+03  "Hartrees"
$End
$SCF_Dipole_Moment
   &GeometryIndex 1
   &ListStatus       OUT
   &METHOD [&Type "String"] "SCF"
   &LEVEL [&Type "String"] "Relaxed density"
   &MULT [&Type "Integer"] 1
   &STATE [&Type "Integer"] -1
   &IRREP [&Type "Integer"] 0
   &NATOMS [&Type "Integer"] 41
   &DODIPOLEATOM [&Type "Boolean"] false
   &DIPOLEELECCONTRIB [&Type "ArrayOfDoubles", &Dim (3,1)] "Electronic contribution"
                                                         0

0                                     -4.6358239156834719e-01
1                                      1.0408380709000831e+01
2                                     -1.3846905750121653e+01
   &DIPOLENUCCONTRIB [&Type "ArrayOfDoubles", &Dim (3,1)] "Nuclear contribution"
                                                         0

0                                      7.7456079141022904e-01
1                                     -1.1295652791728431e+01
2                                      1.5294182324107592e+01
   &DIPOLETOTAL [&Type "ArrayOfDoubles", &Dim (3,1)] "Total"
                                                         0

0                                      3.1097839984188186e-01
1                                     -8.8727208272760016e-01
2                                      1.4472765739859383e+00
   &DIPOLEMAGNITUDE [&Type "Double", &Units "a.u."]       1.7258530631442719e+00
$End
