*************************************************
******************* ORCA 6.0.0 ******************
*************************************************
$Calculation_Status
   &GeometryIndex 1
   &ListStatus       OUT
   &VERSION [&Type "String"] "6.0.0"
   &PROGNAME [&Type "String"] "LeanSCF"
   &STATUS [&Type "String"] "NORMAL TERMINATION"
$End
$Geometry
   &GeometryIndex 1
   &ListStatus       OUT
   &NATOMS [&Type "Integer"] 41
   &NCORELESSECP [&Type "Integer"] 0
   &NGHOSTATOMS [&Type "Integer"] 0
   &CartesianCoordinates [&Type "Coordinates", &Dim(41,4), &Units "Bohr"] 
              C      8.525396848238    2.311027122141   -3.489840294016
              C      9.364916728784    1.009335752036   -1.081955696919
              O      7.441236639707   -0.616329162678   -0.057926694535
              P      4.866403592613    0.449294032643    1.059188435006
              S      5.194032191654    3.597521296913    2.965448900457
              O      3.928322382739   -1.761024691131    2.823999850071
              C      3.007442287457   -4.228740240512    2.094153962073
              C      4.748368462943   -5.600349159255    0.290231332512
              S      2.358661694652    0.556158629253   -2.099478130529
              C      0.248632253499    2.933027309483   -0.846732678339
              S     -1.692027171723    1.823868361037    1.760692879788
              P     -4.178312394638   -0.573529200502   -0.272736081668
              S     -3.015282798603   -3.805237846257   -1.618653846321
              O     -5.144469505491    1.413804330885   -2.335751634071
              C     -6.176158566427    0.590351110554   -4.719916600195
              C     -8.798161544328   -0.509985947367   -4.391483310979
              O     -6.390885265759   -1.018591324505    1.693448846897
              C     -7.790780030652    1.034584729865    2.848457184395
              C    -10.460715370534    0.121222776026    3.332373460802
              H      7.039032400066    3.671161020409   -3.072204597818
              H     10.120802943697    3.303703179161   -4.311477695401
              H      7.809681220921    0.935375124507   -4.837248685792
              H      9.872525387447    2.404681692146    0.357930262357
              H     10.951522527052   -0.263285662373   -1.417239480720
              H      2.839289346241   -5.216934670087    3.895883853205
              H      1.129130821449   -4.006953858825    1.258076071225
              H      6.642331611545   -5.722698199396    1.075016518810
              H      4.009223613609   -7.488005175676   -0.026995834431
              H      4.826951006650   -4.611873917700   -1.511627247269
              H     -0.954451443823    3.559255386018   -2.387433530175
              H      1.362003893016    4.486568375322   -0.072908926905
              H     -6.196791507205    2.296047841333   -5.877245312570
              H     -4.896020977402   -0.809518399661   -5.543709245763
              H     -8.701349903168   -2.180083876262   -3.189950163052
              H    -10.052699535926    0.869512020516   -3.529261029778
              H     -9.543695844960   -1.052015222629   -6.223841721907
              H     -6.828084984627    1.524633157184    4.607403870875
              H     -7.761613706673    2.663905064484    1.579717192631
              H    -10.421808277452   -1.549663327970    4.523882216679
              H    -11.517093704544    1.604228389441    4.276167398950
              H    -11.387579840143   -0.354267555291    1.563023194928
$End
$SCF_Energy
   &GeometryIndex 1
   &ListStatus       OUT
   &SCF_ENERGY [&Type "Double"]      -2.9296402338191974e+03
$End
$DFT_Energy
   &GeometryIndex 1
   &ListStatus       OUT
   &NALPHAEL [&Type "Integer"] 100
   &NBETAEL [&Type "Integer"] 100
   &NTOTALEL [&Type "Integer"] 201
   &EEXCHANGE [&Type "Double"]      -2.3180510495291489e+02
   &ECORR [&Type "Double"]      -7.2932910332976792e+00
   &ECNL [&Type "Double"]       0.0000000000000000e+00
   &EXC [&Type "Double"]      -2.3909839598621258e+02
   &EEMBED [&Type "Double"]       0.0000000000000000e+00
   &FINALEN [&Type "Double"]      -2.9296402338191974e+03  "No Van der Waals correction"
$End
$Mulliken_Population_Analysis
   &GeometryIndex 1
   &ListStatus       OUT
   &NATOMS [&Type "Integer"] 41
   &ATNO [&Type "ArrayOfIntegers", &Dim (41,1)] 
                                                         0

0                                                        6
1                                                        6
2                                                        8
3                                                       15
4                                                       16
5                                                        8
6                                                        6
7                                                        6
8                                                       16
9                                                        6
10                                                      16
11                                                      15
12                                                      16
13                                                       8
14                                                       6
15                                                       6
16                                                       8
17                                                       6
18                                                       6
19                                                       1
20                                                       1
21                                                       1
22                                                       1
23                                                       1
24                                                       1
25                                                       1
26                                                       1
27                                                       1
28                                                       1
29                                                       1
30                                                       1
31                                                       1
32                                                       1
33                                                       1
34                                                       1
35                                                       1
36                                                       1
37                                                       1
38                                                       1
39                                                       1
40                                                       1
   &ATOMICCHARGES [&Type "ArrayOfDoubles", &Dim (41,1)] 
                                                         0

0                                     -3.1377127509375846e-01
1                                     -1.1893662970985375e-03
2                                     -3.7441550980024019e-01
3                                      6.0879176082324626e-01
4                                     -3.2632407123586304e-01
5                                     -3.5464315177861572e-01
6                                     -1.7797470287124639e-02
7                                     -3.0700446051615238e-01
8                                     -9.3534047804492815e-02
9                                     -3.6088281543080480e-01
10                                    -7.1504348183918154e-02
11                                     6.0935455442579212e-01
12                                    -2.9726294607458215e-01
13                                    -3.9238073369669912e-01
14                                    -1.0621310168556164e-02
15                                    -3.2074198491093231e-01
16                                    -3.7076368902783940e-01
17                                    -2.8550304011229599e-02
18                                    -2.8420981864807793e-01
19                                     1.2349795151859100e-01
20                                     1.1201137724669952e-01
21                                     1.1642936967086592e-01
22                                     1.1370308208196223e-01
23                                     1.0456125660102833e-01
24                                     1.0379794549115096e-01
25                                     1.3185896786110840e-01
26                                     1.1682668873491930e-01
27                                     1.1382369731268782e-01
28                                     1.1533110907524824e-01
29                                     1.8570567052112885e-01
30                                     1.9498955380413252e-01
31                                     1.0503095841284771e-01
32                                     1.1613481613655163e-01
33                                     1.3433804230504309e-01
34                                     1.1675587366220186e-01
35                                     1.1682849192775924e-01
36                                     1.1830749043659117e-01
37                                     1.0995778808079781e-01
38                                     1.2515120607237773e-01
39                                     1.1379237714164547e-01
40                                     1.1861727362172581e-01
$End
$Loewdin_Population_Analysis
   &GeometryIndex 1
   &ListStatus       OUT
   &NATOMS [&Type "Integer"] 41
   &ATNO [&Type "ArrayOfIntegers", &Dim (41,1)] 
                                                         0

0                                                        6
1                                                        6
2                                                        8
3                                                       15
4                                                       16
5                                                        8
6                                                        6
7                                                        6
8                                                       16
9                                                        6
10                                                      16
11                                                      15
12                                                      16
13                                                       8
14                                                       6
15                                                       6
16                                                       8
17                                                       6
18                                                       6
19                                                       1
20                                                       1
21                                                       1
22                                                       1
23                                                       1
24                                                       1
25                                                       1
26                                                       1
27                                                       1
28                                                       1
29                                                       1
30                                                       1
31                                                       1
32                                                       1
33                                                       1
34                                                       1
35                                                       1
36                                                       1
37                                                       1
38                                                       1
39                                                       1
40                                                       1
   &ATOMICCHARGES [&Type "ArrayOfDoubles", &Dim (41,1)] 
                                                         0

0                                      2.5734455129851064e-03
1                                      1.1251765859799549e-01
2                                      6.3609383102864847e-01
3                                      5.2431945776401243e-02
4                                      1.2614348597929102e-04
5                                      1.8966892932126547e-01
6                                      3.6536132735782755e-03
7                                      9.5153245323360705e-04
8                                      2.0198781702303797e-04
9                                      6.8458884450251780e-05
10                                     1.4251166510197543e-04
11                                     3.6205972175423595e-05
12                                     1.0946311003522243e-05
13                                     3.3975869117280612e-05
14                                     4.5650571584263273e-06
15                                     8.4761836561691523e-07
16                                     1.9471364340778677e-04
17                                     5.9663824388072077e-05
18                                     9.7237150725792132e-06
19                                     9.4640277525620142e-06
20                                     1.5126055026328861e-04
21                                     2.7560547180054490e-06
22                                     2.1587371126809265e-04
23                                     7.4386033374764090e-04
24                                     7.5151656184264109e-06
25                                     1.7856824707159748e-05
26                                     2.0916496196355123e-05
27                                     3.3319837226905185e-05
28                                     4.6406070254295190e-06
29                                     4.7576522495898730e-06
30                                     6.6240419944200548e-06
31                                     6.1085100317396840e-09
32                                     2.0532829177884040e-08
33                                     6.8510029173732911e-08
34                                     6.1459885900592782e-09
35                                     2.4117854913095354e-08
36                                     9.9803096958390835e-08
37                                     1.4649269062470070e-07
38                                     1.1198063554251617e-08
39                                     6.6641373999833718e-08
40                                     5.3194430491707019e-09
$End
$Mayer_Population_Analysis
   &GeometryIndex 1
   &ListStatus       OUT
   &NATOMS [&Type "Integer"] 41 "Total number of atoms"
   &BONDTHRESH [&Type "Double"]       1.0000000000000001e-01  "The threshold for printing"
   &NBONDORDERSPRINT [&Type "Integer"] 42 "The number of bond orders larger than threshold"
   &BONDORDERS [&Type "ArrayOfDoubles", &Dim (42,1)] "The bond orders"
                                                         0

0                                      1.1655780930933779e+00
1                                      9.3493368966499701e-01
2                                      9.3744003835482737e-01
3                                      9.4459617377981731e-01
4                                      9.0768289172787431e-01
5                                      9.1613981707006487e-01
6                                      9.3406298027633083e-01
7                                      1.0925976379233298e+00
8                                      1.6084067530676511e+00
9                                      1.1642121039795124e+00
10                                     9.3522906753258039e-01
11                                     1.0862791730698951e-01
12                                     8.8983580121266137e-01
13                                     1.1734824757430300e+00
14                                     9.3359625990469552e-01
15                                     8.9524464466570841e-01
16                                     9.4421895246276744e-01
17                                     9.3583024243299173e-01
18                                     9.3934849386481467e-01
19                                     1.0128197096870120e+00
20                                     9.9909453657187985e-01
21                                     8.9544250239600132e-01
22                                     8.6958169158315002e-01
23                                     9.7682899539317325e-01
24                                     1.0496210041196372e-01
25                                     1.6469749546978136e+00
26                                     1.0522314381595284e+00
27                                     1.1244742651359134e+00
28                                     9.0154659541586479e-01
29                                     1.1644607910580822e+00
30                                     9.3287545814735418e-01
31                                     9.1065766257869696e-01
32                                     9.3324163000228000e-01
33                                     9.4357185962513224e-01
34                                     9.3826222290415673e-01
35                                     8.9154315658615491e-01
36                                     1.1635876067013420e+00
37                                     9.3064630386559000e-01
38                                     9.1607323233621218e-01
39                                     9.4813484947743021e-01
40                                     9.4043794211115328e-01
41                                     9.4815402278582028e-01
   &COMPONENTS [&Type "ArrayOfIntegers", &Dim (42,4)] "The indices and atomic numbers of the bonding atoms"
                                                         0                           1                           2                           3

0                                                        0                           6                           1                           6
1                                                        0                           6                          19                           1
2                                                        0                           6                          20                           1
3                                                        0                           6                          21                           1
4                                                        1                           6                           2                           8
5                                                        1                           6                          22                           1
6                                                        1                           6                          23                           1
7                                                        2                           8                           3                          15
8                                                        3                          15                           4                          16
9                                                        3                          15                           5                           8
10                                                       3                          15                           8                          16
11                                                       4                          16                           8                          16
12                                                       5                           8                           6                           6
13                                                       6                           6                           7                           6
14                                                       6                           6                          24                           1
15                                                       6                           6                          25                           1
16                                                       7                           6                          26                           1
17                                                       7                           6                          27                           1
18                                                       7                           6                          28                           1
19                                                       8                          16                           9                           6
20                                                       9                           6                          10                          16
21                                                       9                           6                          29                           1
22                                                       9                           6                          30                           1
23                                                      10                          16                          11                          15
24                                                      10                          16                          12                          16
25                                                      11                          15                          12                          16
26                                                      11                          15                          13                           8
27                                                      11                          15                          16                           8
28                                                      13                           8                          14                           6
29                                                      14                           6                          15                           6
30                                                      14                           6                          31                           1
31                                                      14                           6                          32                           1
32                                                      15                           6                          33                           1
33                                                      15                           6                          34                           1
34                                                      15                           6                          35                           1
35                                                      16                           8                          17                           6
36                                                      17                           6                          18                           6
37                                                      17                           6                          36                           1
38                                                      17                           6                          37                           1
39                                                      18                           6                          38                           1
40                                                      18                           6                          39                           1
41                                                      18                           6                          40                           1
   &ATNO [&Type "ArrayOfIntegers", &Dim (41,1)] "Atomic number of the elements"
                                                         0

0                                                        6
1                                                        6
2                                                        8
3                                                       15
4                                                       16
5                                                        8
6                                                        6
7                                                        6
8                                                       16
9                                                        6
10                                                      16
11                                                      15
12                                                      16
13                                                       8
14                                                       6
15                                                       6
16                                                       8
17                                                       6
18                                                       6
19                                                       1
20                                                       1
21                                                       1
22                                                       1
23                                                       1
24                                                       1
25                                                       1
26                                                       1
27                                                       1
28                                                       1
29                                                       1
30                                                       1
31                                                       1
32                                                       1
33                                                       1
34                                                       1
35                                                       1
36                                                       1
37                                                       1
38                                                       1
39                                                       1
40                                                       1
   &NA [&Type "ArrayOfDoubles", &Dim (41,1)] "Mulliken gross atomic population"
                                                         0

0                                      6.3137712750937593e+00
1                                      6.0011893662971127e+00
2                                      8.3744155098002349e+00
3                                      1.4391208239176802e+01
4                                      1.6326324071235852e+01
5                                      8.3546431517786175e+00
6                                      6.0177974702871264e+00
7                                      6.3070044605161684e+00
8                                      1.6093534047804489e+01
9                                      6.3608828154307853e+00
10                                     1.6071504348183964e+01
11                                     1.4390645445574194e+01
12                                     1.6297262946074600e+01
13                                     8.3923807336967027e+00
14                                     6.0106213101685588e+00
15                                     6.3207419849109394e+00
16                                     8.3707636890278465e+00
17                                     6.0285503040112198e+00
18                                     6.2842098186481010e+00
19                                     8.7650204848140878e-01
20                                     8.8798862275330093e-01
21                                     8.8357063032913474e-01
22                                     8.8629691791803822e-01
23                                     8.9543874339897178e-01
24                                     8.9620205450884871e-01
25                                     8.6814103213889104e-01
26                                     8.8317331126508125e-01
27                                     8.8617630268731262e-01
28                                     8.8466889092475076e-01
29                                     8.1429432947887115e-01
30                                     8.0501044619586737e-01
31                                     8.9496904158715274e-01
32                                     8.8386518386344881e-01
33                                     8.6566195769495591e-01
34                                     8.8324412633779859e-01
35                                     8.8317150807224143e-01
36                                     8.8169250956340961e-01
37                                     8.9004221191920130e-01
38                                     8.7484879392762260e-01
39                                     8.8620762285835453e-01
40                                     8.8138272637827419e-01
   &ZA [&Type "ArrayOfDoubles", &Dim (41,1)] "Total nuclear charge"
                                                         0

0                                      6.0000000000000000e+00
1                                      6.0000000000000000e+00
2                                      8.0000000000000000e+00
3                                      1.5000000000000000e+01
4                                      1.6000000000000000e+01
5                                      8.0000000000000000e+00
6                                      6.0000000000000000e+00
7                                      6.0000000000000000e+00
8                                      1.6000000000000000e+01
9                                      6.0000000000000000e+00
10                                     1.6000000000000000e+01
11                                     1.5000000000000000e+01
12                                     1.6000000000000000e+01
13                                     8.0000000000000000e+00
14                                     6.0000000000000000e+00
15                                     6.0000000000000000e+00
16                                     8.0000000000000000e+00
17                                     6.0000000000000000e+00
18                                     6.0000000000000000e+00
19                                     1.0000000000000000e+00
20                                     1.0000000000000000e+00
21                                     1.0000000000000000e+00
22                                     1.0000000000000000e+00
23                                     1.0000000000000000e+00
24                                     1.0000000000000000e+00
25                                     1.0000000000000000e+00
26                                     1.0000000000000000e+00
27                                     1.0000000000000000e+00
28                                     1.0000000000000000e+00
29                                     1.0000000000000000e+00
30                                     1.0000000000000000e+00
31                                     1.0000000000000000e+00
32                                     1.0000000000000000e+00
33                                     1.0000000000000000e+00
34                                     1.0000000000000000e+00
35                                     1.0000000000000000e+00
36                                     1.0000000000000000e+00
37                                     1.0000000000000000e+00
38                                     1.0000000000000000e+00
39                                     1.0000000000000000e+00
40                                     1.0000000000000000e+00
   &QA [&Type "ArrayOfDoubles", &Dim (41,1)] "Mulliken gross atomic charge"
                                                         0

0                                     -3.1377127509375935e-01
1                                     -1.1893662971127483e-03
2                                     -3.7441550980023486e-01
3                                      6.0879176082319830e-01
4                                     -3.2632407123585239e-01
5                                     -3.5464315177861749e-01
6                                     -1.7797470287126416e-02
7                                     -3.0700446051616836e-01
8                                     -9.3534047804489262e-02
9                                     -3.6088281543078526e-01
10                                    -7.1504348183964339e-02
11                                     6.0935455442580633e-01
12                                    -2.9726294607459991e-01
13                                    -3.9238073369670268e-01
14                                    -1.0621310168558828e-02
15                                    -3.2074198491093941e-01
16                                    -3.7076368902784651e-01
17                                    -2.8550304011219829e-02
18                                    -2.8420981864810102e-01
19                                     1.2349795151859122e-01
20                                     1.1201137724669907e-01
21                                     1.1642936967086526e-01
22                                     1.1370308208196178e-01
23                                     1.0456125660102822e-01
24                                     1.0379794549115129e-01
25                                     1.3185896786110896e-01
26                                     1.1682668873491875e-01
27                                     1.1382369731268738e-01
28                                     1.1533110907524924e-01
29                                     1.8570567052112885e-01
30                                     1.9498955380413263e-01
31                                     1.0503095841284726e-01
32                                     1.1613481613655119e-01
33                                     1.3433804230504409e-01
34                                     1.1675587366220141e-01
35                                     1.1682849192775857e-01
36                                     1.1830749043659039e-01
37                                     1.0995778808079870e-01
38                                     1.2515120607237740e-01
39                                     1.1379237714164547e-01
40                                     1.1861727362172581e-01
   &VA [&Type "ArrayOfDoubles", &Dim (41,1)] "Mayer's total valence"
                                                         0

0                                      3.9890688370251408e+00
1                                      4.0039141766455577e+00
2                                      2.1796513139211022e+00
3                                      4.9493226167816484e+00
4                                      2.0314283228905459e+00
5                                      2.1912115322216015e+00
6                                      3.9798822089367731e+00
7                                      4.0139933456256216e+00
8                                      2.2920601556208928e+00
9                                      3.8268499113666543e+00
10                                     2.2714758036500005e+00
11                                     4.9577736675421837e+00
12                                     2.0739115970476782e+00
13                                     2.1496411545636618e+00
14                                     3.9950204679468619e+00
15                                     3.9911978302019362e+00
16                                     2.1609240072911748e+00
17                                     4.0009819905836421e+00
18                                     4.0018613633789251e+00
19                                     9.8485373726237624e-01
20                                     9.5458417909862825e-01
21                                     9.6313491225816938e-01
22                                     9.8076106696027465e-01
23                                     9.4897583689331089e-01
24                                     9.4972903384503593e-01
25                                     1.0028137057705833e+00
26                                     9.6170233441446118e-01
27                                     9.5352716574787733e-01
28                                     9.7075255633549573e-01
29                                     9.4996167767751161e-01
30                                     9.8087485142718589e-01
31                                     9.4803118014749355e-01
32                                     9.8832301101886766e-01
33                                     9.8160937137820359e-01
34                                     9.5673049793721732e-01
35                                     9.5426292429676751e-01
36                                     9.4816307137712996e-01
37                                     9.7207734391143130e-01
38                                     9.5782924511571599e-01
39                                     9.5394765079522725e-01
40                                     9.6552030068661132e-01
   &BVA [&Type "ArrayOfDoubles", &Dim (41,1)] "Mayer's bonded valence"
                                                         0

0                                      3.9890688370251084e+00
1                                      4.0039141766455186e+00
2                                      2.1796513139211249e+00
3                                      4.9493226167815845e+00
4                                      2.0314283228905761e+00
5                                      2.1912115322215850e+00
6                                      3.9798822089367905e+00
7                                      4.0139933456255816e+00
8                                      2.2920601556208626e+00
9                                      3.8268499113666548e+00
10                                     2.2714758036499632e+00
11                                     4.9577736675421651e+00
12                                     2.0739115970477355e+00
13                                     2.1496411545636036e+00
14                                     3.9950204679468553e+00
15                                     3.9911978302019628e+00
16                                     2.1609240072910687e+00
17                                     4.0009819905836066e+00
18                                     4.0018613633788318e+00
19                                     9.8485373726236636e-01
20                                     9.5458417909862037e-01
21                                     9.6313491225816694e-01
22                                     9.8076106696027354e-01
23                                     9.4897583689331355e-01
24                                     9.4972903384503771e-01
25                                     1.0028137057705937e+00
26                                     9.6170233441445951e-01
27                                     9.5352716574787777e-01
28                                     9.7075255633549773e-01
29                                     9.4996167767750583e-01
30                                     9.8087485142718245e-01
31                                     9.4803118014749543e-01
32                                     9.8832301101886844e-01
33                                     9.8160937137820792e-01
34                                     9.5673049793721321e-01
35                                     9.5426292429676318e-01
36                                     9.4816307137711997e-01
37                                     9.7207734391143286e-01
38                                     9.5782924511570355e-01
39                                     9.5394765079522803e-01
40                                     9.6552030068660410e-01
   &FA [&Type "ArrayOfDoubles", &Dim (41,1)] "Mayer's free valence"
                                                         0

0                                      0.0000000000000000e+00
1                                      0.0000000000000000e+00
2                                      0.0000000000000000e+00
3                                      0.0000000000000000e+00
4                                      0.0000000000000000e+00
5                                      0.0000000000000000e+00
6                                      0.0000000000000000e+00
7                                      0.0000000000000000e+00
8                                      0.0000000000000000e+00
9                                      0.0000000000000000e+00
10                                     0.0000000000000000e+00
11                                     0.0000000000000000e+00
12                                     0.0000000000000000e+00
13                                     0.0000000000000000e+00
14                                     0.0000000000000000e+00
15                                     0.0000000000000000e+00
16                                     0.0000000000000000e+00
17                                     0.0000000000000000e+00
18                                     0.0000000000000000e+00
19                                     0.0000000000000000e+00
20                                     0.0000000000000000e+00
21                                     0.0000000000000000e+00
22                                     0.0000000000000000e+00
23                                     0.0000000000000000e+00
24                                     0.0000000000000000e+00
25                                     0.0000000000000000e+00
26                                     0.0000000000000000e+00
27                                     0.0000000000000000e+00
28                                     0.0000000000000000e+00
29                                     0.0000000000000000e+00
30                                     0.0000000000000000e+00
31                                     0.0000000000000000e+00
32                                     0.0000000000000000e+00
33                                     0.0000000000000000e+00
34                                     0.0000000000000000e+00
35                                     0.0000000000000000e+00
36                                     0.0000000000000000e+00
37                                     0.0000000000000000e+00
38                                     0.0000000000000000e+00
39                                     0.0000000000000000e+00
40                                     0.0000000000000000e+00
$End
$VdW_Correction
   &GeometryIndex 1
   &ListStatus       OUT
   &VDW [&Type "Double"]      -6.4891012947102214e-02
$End
$Calculation_Info
   &GeometryIndex 1
   &ListStatus       OUT
   &MULT [&Type "Integer"] 1
   &CHARGE [&Type "Integer"] 0
   &NUMOFATOMS [&Type "Integer"] 41
   &NUMOFELECTRONS [&Type "Integer"] 202
   &NUMOFFCELECTRONS [&Type "Integer"] 1
   &NUMOFCORRELECTRONS [&Type "Integer"] 0
   &NUMOFBASISFUNCTS [&Type "Integer"] 334
   &NUMOFAUXCBASISFUNCTS [&Type "Integer"] 0
   &NUMOFAUXJBASISFUNCTS [&Type "Integer"] 1185
   &NUMOFAUXJKBASISFUNCTS [&Type "Integer"] 0
   &NUMOFCABSBASISFUNCTS [&Type "Integer"] 0
   &TOTALENERGY [&Type "Double"]      -2.9295199207170444e+03  "Hartrees"
$End
$SCF_Dipole_Moment
   &GeometryIndex 1
   &ListStatus       OUT
   &METHOD [&Type "String"] "SCF"
   &LEVEL [&Type "String"] "Relaxed density"
   &MULT [&Type "Integer"] 1
   &STATE [&Type "Integer"] -1
   &IRREP [&Type "Integer"] 0
   &NATOMS [&Type "Integer"] 41
   &DODIPOLEATOM [&Type "Boolean"] false
   &DIPOLEELECCONTRIB [&Type "ArrayOfDoubles", &Dim (3,1)] "Electronic contribution"
                                                         0

0                                      1.0046009001469169e+01
1                                      3.2189562536313630e+00
2                                      8.7100416713883249e+00
   &DIPOLENUCCONTRIB [&Type "ArrayOfDoubles", &Dim (3,1)] "Nuclear contribution"
                                                         0

0                                     -1.1122887541632746e+01
1                                     -2.9371641599098743e+00
2                                     -9.7358753275396364e+00
   &DIPOLETOTAL [&Type "ArrayOfDoubles", &Dim (3,1)] "Total"
                                                         0

0                                     -1.0768785401635768e+00
1                                      2.8179209372148861e-01
2                                     -1.0258336561513115e+00
   &DIPOLEMAGNITUDE [&Type "Double", &Units "a.u."]       1.5137400253813544e+00
$End
