*************************************************
******************* ORCA 6.0.0 ******************
*************************************************
$Calculation_Status
   &GeometryIndex 1
   &ListStatus       OUT
   &VERSION [&Type "String"] "6.0.0"
   &PROGNAME [&Type "String"] "LeanSCF"
   &STATUS [&Type "String"] "NORMAL TERMINATION"
$End
$Geometry
   &GeometryIndex 1
   &ListStatus       OUT
   &NATOMS [&Type "Integer"] 41
   &NCORELESSECP [&Type "Integer"] 0
   &NGHOSTATOMS [&Type "Integer"] 0
   &CartesianCoordinates [&Type "Coordinates", &Dim(41,4), &Units "Bohr"] 
              C      5.914813891277   -5.438434473672   -2.425680117486
              C      7.869515368922   -3.838667141818   -1.082901639587
              O      7.345550631115   -1.158569328353   -1.278135682700
              P      4.979877367481    0.252513196155   -0.160377918529
              S      5.668216607129    3.885427182900    0.003810472122
              O      4.577643704237   -1.253014817910    2.415157579832
              C      2.444822435109   -1.023037104223    4.081038495474
              C      2.456729225880    1.442601280113    5.537684443580
              S      1.815220463266   -0.749375026702   -2.487030565863
              C      0.295668223321    2.298727607729   -2.648807059554
              S     -1.573980115991    3.042286206490    0.120361235142
              P     -4.479700967877    0.394097405801   -0.598702508216
              S     -5.614112748816    0.092459891758   -4.098569057552
              O     -6.720506146750    1.158166235218    1.229569091780
              C     -6.491814104648    1.237608209930    3.959284094700
              C     -5.965540084467    3.900660656061    4.870318679029
              O     -3.210060980058   -2.087447125791    0.588820689200
              C     -3.792386198845   -4.579418897093   -0.337054340970
              C     -6.420345999244   -5.395236966785    0.453179974758
              H      4.081690454203   -5.251145581131   -1.510774578082
              H      5.730011585610   -4.852208569883   -4.385810352936
              H      6.496382769099   -7.404633959176   -2.360179808598
              H      9.726834546665   -4.015823876140   -1.960296288898
              H      7.986633576259   -4.328507810566    0.916932661100
              H      0.707866309291   -1.221424148399    2.976874097357
              H      2.645148065800   -2.638738203948    5.348908980591
              H      4.246522834041    1.676962389312    6.517615894645
              H      2.195112443583    3.035814249183    4.263888760343
              H      0.929343331471    1.428251741091    6.906235661662
              H     -0.933736283895    2.266990974260   -4.301248594043
              H      1.732626190280    3.769594586487   -2.793515971236
              H     -8.321189579283    0.568011474012    4.636462139180
              H     -5.002080753447   -0.064881938340    4.547267947216
              H     -5.985296506203    3.923266391554    6.921370932936
              H     -4.129600683900    4.546592155640    4.206919427902
              H     -7.406798392719    5.182166585386    4.166311191071
              H     -3.613245351293   -4.573371569185   -2.396961762535
              H     -2.332457123135   -5.779051975659    0.486160536329
              H     -6.776733428525   -7.296510536431   -0.228609178745
              H     -6.602224029118   -5.359677841968    2.498692642391
              H     -7.815427032442   -4.120860401387   -0.366639902960
$End
$SCF_Energy
   &GeometryIndex 1
   &ListStatus       OUT
   &SCF_ENERGY [&Type "Double"]      -2.9296385440579352e+03
$End
$DFT_Energy
   &GeometryIndex 1
   &ListStatus       OUT
   &NALPHAEL [&Type "Integer"] 100
   &NBETAEL [&Type "Integer"] 100
   &NTOTALEL [&Type "Integer"] 201
   &EEXCHANGE [&Type "Double"]      -2.3180520651875062e+02
   &ECORR [&Type "Double"]      -7.2956032309897303e+00
   &ECNL [&Type "Double"]       0.0000000000000000e+00
   &EXC [&Type "Double"]      -2.3910080974974036e+02
   &EEMBED [&Type "Double"]       0.0000000000000000e+00
   &FINALEN [&Type "Double"]      -2.9296385440579352e+03  "No Van der Waals correction"
$End
$Mulliken_Population_Analysis
   &GeometryIndex 1
   &ListStatus       OUT
   &NATOMS [&Type "Integer"] 41
   &ATNO [&Type "ArrayOfIntegers", &Dim (41,1)] 
                                                         0

0                                                        6
1                                                        6
2                                                        8
3                                                       15
4                                                       16
5                                                        8
6                                                        6
7                                                        6
8                                                       16
9                                                        6
10                                                      16
11                                                      15
12                                                      16
13                                                       8
14                                                       6
15                                                       6
16                                                       8
17                                                       6
18                                                       6
19                                                       1
20                                                       1
21                                                       1
22                                                       1
23                                                       1
24                                                       1
25                                                       1
26                                                       1
27                                                       1
28                                                       1
29                                                       1
30                                                       1
31                                                       1
32                                                       1
33                                                       1
34                                                       1
35                                                       1
36                                                       1
37                                                       1
38                                                       1
39                                                       1
40                                                       1
   &ATOMICCHARGES [&Type "ArrayOfDoubles", &Dim (41,1)] 
                                                         0

0                                     -3.3449964206848737e-01
1                                      5.9366657024018110e-03
2                                     -3.5980798871306519e-01
3                                      6.1873688926059067e-01
4                                     -3.1113760826227121e-01
5                                     -3.8339776815637094e-01
6                                     -4.3523424621760398e-02
7                                     -3.0761863083071894e-01
8                                     -1.1880648135981176e-01
9                                     -3.3707097576717793e-01
10                                    -1.0816914351309848e-01
11                                     6.2273287525085230e-01
12                                    -3.0736234190457523e-01
13                                    -3.6530500979707980e-01
14                                    -3.3091469240980942e-02
15                                    -3.0269407450230279e-01
16                                    -3.8109679900976090e-01
17                                    -4.2489437313806278e-03
18                                    -3.1236793077933811e-01
19                                     1.2834791052408301e-01
20                                     1.3221244430052437e-01
21                                     1.1775684757792027e-01
22                                     1.1304476332154767e-01
23                                     1.1108812910162946e-01
24                                     1.4053883439021098e-01
25                                     9.7044989427849337e-02
26                                     1.1538896560929435e-01
27                                     1.3885612695569982e-01
28                                     9.9990741990637844e-02
29                                     1.9233872731926382e-01
30                                     1.9742942277474740e-01
31                                     1.1380178486409487e-01
32                                     1.1047717364579968e-01
33                                     1.1382324416023537e-01
34                                     1.4028541471788381e-01
35                                     1.2758128807872526e-01
36                                     1.1514598299333190e-01
37                                     1.0163503221973480e-01
38                                     1.1542218153090544e-01
39                                     1.0948675982687572e-01
40                                     1.3109503671361333e-01
$End
$Loewdin_Population_Analysis
   &GeometryIndex 1
   &ListStatus       OUT
   &NATOMS [&Type "Integer"] 41
   &ATNO [&Type "ArrayOfIntegers", &Dim (41,1)] 
                                                         0

0                                                        6
1                                                        6
2                                                        8
3                                                       15
4                                                       16
5                                                        8
6                                                        6
7                                                        6
8                                                       16
9                                                        6
10                                                      16
11                                                      15
12                                                      16
13                                                       8
14                                                       6
15                                                       6
16                                                       8
17                                                       6
18                                                       6
19                                                       1
20                                                       1
21                                                       1
22                                                       1
23                                                       1
24                                                       1
25                                                       1
26                                                       1
27                                                       1
28                                                       1
29                                                       1
30                                                       1
31                                                       1
32                                                       1
33                                                       1
34                                                       1
35                                                       1
36                                                       1
37                                                       1
38                                                       1
39                                                       1
40                                                       1
   &ATOMICCHARGES [&Type "ArrayOfDoubles", &Dim (41,1)] 
                                                         0

0                                      5.7801228952985401e-04
1                                      2.9123433400830349e-02
2                                      2.5784067843823144e-01
3                                      3.4699097844178947e-02
4                                      2.2208248905038159e-04
5                                      5.5366731925469037e-01
6                                      1.1819553985354053e-01
7                                      2.5097925709659367e-03
8                                      1.5506457949439806e-04
9                                      1.4294907495583244e-04
10                                     3.5113063149119269e-05
11                                     5.3965670732355666e-05
12                                     1.2184211953905580e-06
13                                     2.1635339755233013e-04
14                                     5.6777450636715493e-05
15                                     9.2535766230972125e-06
16                                     6.6291875779389726e-04
17                                     1.2053778970947712e-04
18                                     1.8503192378288820e-06
19                                     6.4205138381490958e-05
20                                     2.8516022176124724e-06
21                                     6.1696957616270677e-05
22                                     2.5102881458699246e-04
23                                     5.6073066012671325e-05
24                                     1.9606170559593433e-04
25                                     8.5879808207617249e-04
26                                     1.0206213383704915e-05
27                                     2.3769338106505920e-05
28                                     1.2103920723325290e-04
29                                     4.4138524797690918e-06
30                                     3.1422990737501488e-06
31                                     1.0491955734291520e-06
32                                     4.7540439113181535e-05
33                                     1.8459093865056405e-06
34                                     9.4247136062442436e-08
35                                     7.5433705416550301e-07
36                                     4.3452003985915503e-07
37                                     2.6512753345546338e-06
38                                     8.3026411454115437e-09
39                                     2.8464981171245979e-07
40                                     9.2605047926423174e-08
$End
$Mayer_Population_Analysis
   &GeometryIndex 1
   &ListStatus       OUT
   &NATOMS [&Type "Integer"] 41 "Total number of atoms"
   &BONDTHRESH [&Type "Double"]       1.0000000000000001e-01  "The threshold for printing"
   &NBONDORDERSPRINT [&Type "Integer"] 42 "The number of bond orders larger than threshold"
   &BONDORDERS [&Type "ArrayOfDoubles", &Dim (42,1)] "The bond orders"
                                                         0

0                                      1.1690264745402934e+00
1                                      9.3164200106904860e-01
2                                      9.4248777019447827e-01
3                                      9.3557822772471455e-01
4                                      9.0093260941764830e-01
5                                      9.3361396988996659e-01
6                                      9.2680837426008800e-01
7                                      1.1440712463271949e+00
8                                      1.6512779122892391e+00
9                                      1.0726782616516923e+00
10                                     9.3207274792200823e-01
11                                     1.1413974529302662e-01
12                                     9.0982706569411931e-01
13                                     1.1664886412917959e+00
14                                     8.9529581857382989e-01
15                                     9.3453276284958509e-01
16                                     9.4396134456935288e-01
17                                     9.2697204027298186e-01
18                                     9.3758381477007480e-01
19                                     1.0151496304043599e+00
20                                     9.9907312961257888e-01
21                                     8.7185897198105444e-01
22                                     8.6226083386463093e-01
23                                     9.6375965368516991e-01
24                                     1.0090781008339404e-01
25                                     1.6377836773064463e+00
26                                     1.1272486929797376e+00
27                                     1.0552887603391301e+00
28                                     8.9844021342353220e-01
29                                     1.1690440847463763e+00
30                                     9.3333262850769649e-01
31                                     9.1475250222110227e-01
32                                     9.3780776352080442e-01
33                                     9.3206417272884323e-01
34                                     9.4501251011032927e-01
35                                     9.0102448312179961e-01
36                                     1.1615019457453086e+00
37                                     9.1264366037056954e-01
38                                     9.3280517169041910e-01
39                                     9.4003066004459346e-01
40                                     9.4707568704066292e-01
41                                     9.3448921839233801e-01
   &COMPONENTS [&Type "ArrayOfIntegers", &Dim (42,4)] "The indices and atomic numbers of the bonding atoms"
                                                         0                           1                           2                           3

0                                                        0                           6                           1                           6
1                                                        0                           6                          19                           1
2                                                        0                           6                          20                           1
3                                                        0                           6                          21                           1
4                                                        1                           6                           2                           8
5                                                        1                           6                          22                           1
6                                                        1                           6                          23                           1
7                                                        2                           8                           3                          15
8                                                        3                          15                           4                          16
9                                                        3                          15                           5                           8
10                                                       3                          15                           8                          16
11                                                       4                          16                           8                          16
12                                                       5                           8                           6                           6
13                                                       6                           6                           7                           6
14                                                       6                           6                          24                           1
15                                                       6                           6                          25                           1
16                                                       7                           6                          26                           1
17                                                       7                           6                          27                           1
18                                                       7                           6                          28                           1
19                                                       8                          16                           9                           6
20                                                       9                           6                          10                          16
21                                                       9                           6                          29                           1
22                                                       9                           6                          30                           1
23                                                      10                          16                          11                          15
24                                                      10                          16                          12                          16
25                                                      11                          15                          12                          16
26                                                      11                          15                          13                           8
27                                                      11                          15                          16                           8
28                                                      13                           8                          14                           6
29                                                      14                           6                          15                           6
30                                                      14                           6                          31                           1
31                                                      14                           6                          32                           1
32                                                      15                           6                          33                           1
33                                                      15                           6                          34                           1
34                                                      15                           6                          35                           1
35                                                      16                           8                          17                           6
36                                                      17                           6                          18                           6
37                                                      17                           6                          36                           1
38                                                      17                           6                          37                           1
39                                                      18                           6                          38                           1
40                                                      18                           6                          39                           1
41                                                      18                           6                          40                           1
   &ATNO [&Type "ArrayOfIntegers", &Dim (41,1)] "Atomic number of the elements"
                                                         0

0                                                        6
1                                                        6
2                                                        8
3                                                       15
4                                                       16
5                                                        8
6                                                        6
7                                                        6
8                                                       16
9                                                        6
10                                                      16
11                                                      15
12                                                      16
13                                                       8
14                                                       6
15                                                       6
16                                                       8
17                                                       6
18                                                       6
19                                                       1
20                                                       1
21                                                       1
22                                                       1
23                                                       1
24                                                       1
25                                                       1
26                                                       1
27                                                       1
28                                                       1
29                                                       1
30                                                       1
31                                                       1
32                                                       1
33                                                       1
34                                                       1
35                                                       1
36                                                       1
37                                                       1
38                                                       1
39                                                       1
40                                                       1
   &NA [&Type "ArrayOfDoubles", &Dim (41,1)] "Mulliken gross atomic population"
                                                         0

0                                      6.3344996420684856e+00
1                                      5.9940633342976088e+00
2                                      8.3598079887130510e+00
3                                      1.4381263110739443e+01
4                                      1.6311137608262197e+01
5                                      8.3833977681564100e+00
6                                      6.0435234246217489e+00
7                                      6.3076186308307278e+00
8                                      1.6118806481359819e+01
9                                      6.3370709757671984e+00
10                                     1.6108169143513120e+01
11                                     1.4377267124749190e+01
12                                     1.6307362341904533e+01
13                                     8.3653050097970691e+00
14                                     6.0330914692409801e+00
15                                     6.3026940745023037e+00
16                                     8.3810967990097591e+00
17                                     6.0042489437313904e+00
18                                     6.3123679307793275e+00
19                                     8.7165208947591810e-01
20                                     8.6778755569947574e-01
21                                     8.8224315242208062e-01
22                                     8.8695523667845222e-01
23                                     8.8891187089837054e-01
24                                     8.5946116560978914e-01
25                                     9.0295501057215100e-01
26                                     8.8461103439070610e-01
27                                     8.6114387304429985e-01
28                                     9.0000925800936249e-01
29                                     8.0766127268073729e-01
30                                     8.0257057722525293e-01
31                                     8.8619821513590513e-01
32                                     8.8952282635419944e-01
33                                     8.8617675583976507e-01
34                                     8.5971458528211664e-01
35                                     8.7241871192127496e-01
36                                     8.8485401700666788e-01
37                                     8.9836496778026564e-01
38                                     8.8457781846909422e-01
39                                     8.9051324017312428e-01
40                                     8.6890496328638533e-01
   &ZA [&Type "ArrayOfDoubles", &Dim (41,1)] "Total nuclear charge"
                                                         0

0                                      6.0000000000000000e+00
1                                      6.0000000000000000e+00
2                                      8.0000000000000000e+00
3                                      1.5000000000000000e+01
4                                      1.6000000000000000e+01
5                                      8.0000000000000000e+00
6                                      6.0000000000000000e+00
7                                      6.0000000000000000e+00
8                                      1.6000000000000000e+01
9                                      6.0000000000000000e+00
10                                     1.6000000000000000e+01
11                                     1.5000000000000000e+01
12                                     1.6000000000000000e+01
13                                     8.0000000000000000e+00
14                                     6.0000000000000000e+00
15                                     6.0000000000000000e+00
16                                     8.0000000000000000e+00
17                                     6.0000000000000000e+00
18                                     6.0000000000000000e+00
19                                     1.0000000000000000e+00
20                                     1.0000000000000000e+00
21                                     1.0000000000000000e+00
22                                     1.0000000000000000e+00
23                                     1.0000000000000000e+00
24                                     1.0000000000000000e+00
25                                     1.0000000000000000e+00
26                                     1.0000000000000000e+00
27                                     1.0000000000000000e+00
28                                     1.0000000000000000e+00
29                                     1.0000000000000000e+00
30                                     1.0000000000000000e+00
31                                     1.0000000000000000e+00
32                                     1.0000000000000000e+00
33                                     1.0000000000000000e+00
34                                     1.0000000000000000e+00
35                                     1.0000000000000000e+00
36                                     1.0000000000000000e+00
37                                     1.0000000000000000e+00
38                                     1.0000000000000000e+00
39                                     1.0000000000000000e+00
40                                     1.0000000000000000e+00
   &QA [&Type "ArrayOfDoubles", &Dim (41,1)] "Mulliken gross atomic charge"
                                                         0

0                                     -3.3449964206848559e-01
1                                      5.9366657023911529e-03
2                                     -3.5980798871305097e-01
3                                      6.1873688926055692e-01
4                                     -3.1113760826219661e-01
5                                     -3.8339776815641002e-01
6                                     -4.3523424621748852e-02
7                                     -3.0761863083072782e-01
8                                     -1.1880648135981886e-01
9                                     -3.3707097576719836e-01
10                                    -1.0816914351311979e-01
11                                     6.2273287525080967e-01
12                                    -3.0736234190453260e-01
13                                    -3.6530500979706915e-01
14                                    -3.3091469240980054e-02
15                                    -3.0269407450230368e-01
16                                    -3.8109679900975912e-01
17                                    -4.2489437313903977e-03
18                                    -3.1236793077932745e-01
19                                     1.2834791052408190e-01
20                                     1.3221244430052426e-01
21                                     1.1775684757791938e-01
22                                     1.1304476332154778e-01
23                                     1.1108812910162946e-01
24                                     1.4053883439021086e-01
25                                     9.7044989427849004e-02
26                                     1.1538896560929390e-01
27                                     1.3885612695570015e-01
28                                     9.9990741990637511e-02
29                                     1.9233872731926271e-01
30                                     1.9742942277474707e-01
31                                     1.1380178486409487e-01
32                                     1.1047717364580056e-01
33                                     1.1382324416023493e-01
34                                     1.4028541471788336e-01
35                                     1.2758128807872504e-01
36                                     1.1514598299333212e-01
37                                     1.0163503221973436e-01
38                                     1.1542218153090578e-01
39                                     1.0948675982687572e-01
40                                     1.3109503671361467e-01
   &VA [&Type "ArrayOfDoubles", &Dim (41,1)] "Mayer's total valence"
                                                         0

0                                      3.9988433236243517e+00
1                                      4.0291774580624589e+00
2                                      2.1775293400253704e+00
3                                      4.9393137706864296e+00
4                                      2.0523505027303024e+00
5                                      2.1690779020223783e+00
6                                      3.9882965376705712e+00
7                                      3.9803067143011046e+00
8                                      2.2917978424872389e+00
9                                      3.8040872907126713e+00
10                                     2.2961133020975386e+00
11                                     4.9387622744096111e+00
12                                     2.0442503617097811e+00
13                                     2.1731285397552620e+00
14                                     4.0218212230391552e+00
15                                     3.9949224403406656e+00
16                                     2.1766031849254524e+00
17                                     3.9951191607104688e+00
18                                     3.9921525220429794e+00
19                                     9.6591353870668628e-01
20                                     9.5951312780190545e-01
21                                     9.5419660621658320e-01
22                                     9.4807734112521203e-01
23                                     9.6113028455194494e-01
24                                     9.9549658895768545e-01
25                                     9.4784118350455604e-01
26                                     9.6126933739865472e-01
27                                     9.9249713847876941e-01
28                                     9.5628090901369966e-01
29                                     9.7566751194800494e-01
30                                     9.8545725083423719e-01
31                                     9.4674040574134721e-01
32                                     9.7044041297599981e-01
33                                     9.5492252251672405e-01
34                                     9.6510510226483615e-01
35                                     9.5710778306192323e-01
36                                     9.8843537304508566e-01
37                                     9.4848186768867049e-01
38                                     9.5483077854236020e-01
39                                     9.5701153624711388e-01
40                                     9.8146940606275246e-01
   &BVA [&Type "ArrayOfDoubles", &Dim (41,1)] "Mayer's bonded valence"
                                                         0

0                                      3.9988433236243122e+00
1                                      4.0291774580623949e+00
2                                      2.1775293400254054e+00
3                                      4.9393137706863479e+00
4                                      2.0523505027304068e+00
5                                      2.1690779020222863e+00
6                                      3.9882965376705299e+00
7                                      3.9803067143010424e+00
8                                      2.2917978424871883e+00
9                                      3.8040872907125904e+00
10                                     2.2961133020974955e+00
11                                     4.9387622744095614e+00
12                                     2.0442503617098700e+00
13                                     2.1731285397553490e+00
14                                     4.0218212230391437e+00
15                                     3.9949224403406629e+00
16                                     2.1766031849253982e+00
17                                     3.9951191607104191e+00
18                                     3.9921525220430052e+00
19                                     9.6591353870667951e-01
20                                     9.5951312780190512e-01
21                                     9.5419660621658076e-01
22                                     9.4807734112521391e-01
23                                     9.6113028455193150e-01
24                                     9.9549658895767346e-01
25                                     9.4784118350454427e-01
26                                     9.6126933739865295e-01
27                                     9.9249713847875742e-01
28                                     9.5628090901369256e-01
29                                     9.7566751194800039e-01
30                                     9.8545725083422964e-01
31                                     9.4674040574134832e-01
32                                     9.7044041297599370e-01
33                                     9.5492252251671983e-01
34                                     9.6510510226482993e-01
35                                     9.5710778306192335e-01
36                                     9.8843537304508322e-01
37                                     9.4848186768865506e-01
38                                     9.5483077854235465e-01
39                                     9.5701153624710678e-01
40                                     9.8146940606274902e-01
   &FA [&Type "ArrayOfDoubles", &Dim (41,1)] "Mayer's free valence"
                                                         0

0                                      0.0000000000000000e+00
1                                      0.0000000000000000e+00
2                                      0.0000000000000000e+00
3                                      0.0000000000000000e+00
4                                      0.0000000000000000e+00
5                                      0.0000000000000000e+00
6                                      0.0000000000000000e+00
7                                      0.0000000000000000e+00
8                                      0.0000000000000000e+00
9                                      0.0000000000000000e+00
10                                     0.0000000000000000e+00
11                                     0.0000000000000000e+00
12                                     0.0000000000000000e+00
13                                     0.0000000000000000e+00
14                                     0.0000000000000000e+00
15                                     0.0000000000000000e+00
16                                     0.0000000000000000e+00
17                                     0.0000000000000000e+00
18                                     0.0000000000000000e+00
19                                     0.0000000000000000e+00
20                                     0.0000000000000000e+00
21                                     0.0000000000000000e+00
22                                     0.0000000000000000e+00
23                                     0.0000000000000000e+00
24                                     0.0000000000000000e+00
25                                     0.0000000000000000e+00
26                                     0.0000000000000000e+00
27                                     0.0000000000000000e+00
28                                     0.0000000000000000e+00
29                                     0.0000000000000000e+00
30                                     0.0000000000000000e+00
31                                     0.0000000000000000e+00
32                                     0.0000000000000000e+00
33                                     0.0000000000000000e+00
34                                     0.0000000000000000e+00
35                                     0.0000000000000000e+00
36                                     0.0000000000000000e+00
37                                     0.0000000000000000e+00
38                                     0.0000000000000000e+00
39                                     0.0000000000000000e+00
40                                     0.0000000000000000e+00
$End
$VdW_Correction
   &GeometryIndex 1
   &ListStatus       OUT
   &VDW [&Type "Double"]      -6.6373559602796298e-02
$End
$Calculation_Info
   &GeometryIndex 1
   &ListStatus       OUT
   &MULT [&Type "Integer"] 1
   &CHARGE [&Type "Integer"] 0
   &NUMOFATOMS [&Type "Integer"] 41
   &NUMOFELECTRONS [&Type "Integer"] 202
   &NUMOFFCELECTRONS [&Type "Integer"] 1
   &NUMOFCORRELECTRONS [&Type "Integer"] 0
   &NUMOFBASISFUNCTS [&Type "Integer"] 334
   &NUMOFAUXCBASISFUNCTS [&Type "Integer"] 0
   &NUMOFAUXJBASISFUNCTS [&Type "Integer"] 1185
   &NUMOFAUXJKBASISFUNCTS [&Type "Integer"] 0
   &NUMOFCABSBASISFUNCTS [&Type "Integer"] 0
   &TOTALENERGY [&Type "Double"]      -2.9295182101741379e+03  "Hartrees"
$End
$SCF_Dipole_Moment
   &GeometryIndex 1
   &ListStatus       OUT
   &METHOD [&Type "String"] "SCF"
   &LEVEL [&Type "String"] "Relaxed density"
   &MULT [&Type "Integer"] 1
   &STATE [&Type "Integer"] -1
   &IRREP [&Type "Integer"] 0
   &NATOMS [&Type "Integer"] 41
   &DODIPOLEATOM [&Type "Boolean"] false
   &DIPOLEELECCONTRIB [&Type "ArrayOfDoubles", &Dim (3,1)] "Electronic contribution"
                                                         0

0                                      6.0342779533783331e+00
1                                      1.3733748534158996e+01
2                                     -1.5859603058632732e+01
   &DIPOLENUCCONTRIB [&Type "ArrayOfDoubles", &Dim (3,1)] "Nuclear contribution"
                                                         0

0                                     -6.4016602034582828e+00
1                                     -1.5574536720508618e+01
2                                      1.7405145705472528e+01
   &DIPOLETOTAL [&Type "ArrayOfDoubles", &Dim (3,1)] "Total"
                                                         0

0                                     -3.6738225007994973e-01
1                                     -1.8407881863496218e+00
2                                      1.5455426468397953e+00
   &DIPOLEMAGNITUDE [&Type "Double", &Units "a.u."]       2.4314960287606264e+00
$End
