*************************************************
******************* ORCA 6.0.0 ******************
*************************************************
$Calculation_Status
   &GeometryIndex 1
   &ListStatus       OUT
   &VERSION [&Type "String"] "6.0.0"
   &PROGNAME [&Type "String"] "LeanSCF"
   &STATUS [&Type "String"] "NORMAL TERMINATION"
$End
$Geometry
   &GeometryIndex 1
   &ListStatus       OUT
   &NATOMS [&Type "Integer"] 41
   &NCORELESSECP [&Type "Integer"] 0
   &NGHOSTATOMS [&Type "Integer"] 0
   &CartesianCoordinates [&Type "Coordinates", &Dim(41,4), &Units "Bohr"] 
              C      7.293458633638   -3.678427174997   -4.545163688033
              C      8.484102459596   -3.204479614962   -1.985718997943
              O      6.637564014300   -2.615598390276   -0.074428572286
              P      4.955745246143   -0.127527712346   -0.139848863933
              S      6.638802834850    2.970462669490   -1.234654233879
              O      4.014364459733    0.043992955734    2.679534002712
              C      2.903807874184   -2.075703222799    4.015592358043
              C      1.137474513375   -1.037494379744    6.013589305411
              S      1.722900859674   -1.221135216832   -2.301219836380
              C      0.521075181008    1.943481474956   -2.751063797469
              S     -0.759199602512    3.284428289880    0.132379422434
              P     -4.116283297230    1.116088592699    0.121462850236
              S     -5.777706901856    0.785132428766   -3.180969836943
              O     -5.439417608417    2.670530054837    2.309269525658
              C     -7.647129447242    1.781314755086    3.647648431611
              C    -10.048396832098    2.215262975074    2.147071926907
              O     -3.470480989723   -1.515341152685    1.436403718977
              C     -3.748824748279   -3.937190016352    0.228140549340
              C     -6.276862702327   -5.099637884007    0.907078141256
              H      8.730554246170   -4.352615265309   -5.843663826404
              H      5.797536809561   -5.078176711225   -4.393701364179
              H      6.496840441871   -1.931886452336   -5.286190184166
              H      9.831711819400   -1.639880247843   -2.088920216634
              H      9.417620964270   -4.890876060053   -1.254585139698
              H      1.900075400318   -3.262378665071    2.652200509370
              H      4.449772608243   -3.156617170770    4.849968955097
              H      0.353290499038   -2.593052933644    7.095801865055
              H      2.162961566839    0.222861015838    7.267717240421
              H     -0.392250420548    0.017383760592    5.134510574499
              H     -0.960320759340    1.836564607010   -4.180994630339
              H      2.061444862307    3.172263509218   -3.353327196386
              H     -7.395715692618   -0.219944679352    4.092110168835
              H     -7.641956443270    2.886792835443    5.389011529921
              H    -11.663135845792    1.622369507670    3.264435166151
              H    -10.240901844223    4.205637815449    1.678239951704
              H    -10.009569483380    1.138161343031    0.395273707974
              H     -3.576592467730   -3.704130445824   -1.818356631971
              H     -2.177130552733   -5.072869744757    0.926444552053
              H     -6.472933046009   -5.252338881580    2.945328214734
              H     -7.803000803200   -3.938732616047    0.162988214623
              H     -6.401379137024   -6.969233886032    0.074040080875
$End
$SCF_Energy
   &GeometryIndex 1
   &ListStatus       OUT
   &SCF_ENERGY [&Type "Double"]      -2.9296438251937029e+03
$End
$DFT_Energy
   &GeometryIndex 1
   &ListStatus       OUT
   &NALPHAEL [&Type "Integer"] 101
   &NBETAEL [&Type "Integer"] 101
   &NTOTALEL [&Type "Integer"] 202
   &EEXCHANGE [&Type "Double"]      -2.3180302934647230e+02
   &ECORR [&Type "Double"]      -7.2937533440503355e+00
   &ECNL [&Type "Double"]       0.0000000000000000e+00
   &EXC [&Type "Double"]      -2.3909678269052264e+02
   &EEMBED [&Type "Double"]       0.0000000000000000e+00
   &FINALEN [&Type "Double"]      -2.9296438251937029e+03  "No Van der Waals correction"
$End
$Mulliken_Population_Analysis
   &GeometryIndex 1
   &ListStatus       OUT
   &NATOMS [&Type "Integer"] 41
   &ATNO [&Type "ArrayOfIntegers", &Dim (41,1)] 
                                                         0

0                                                        6
1                                                        6
2                                                        8
3                                                       15
4                                                       16
5                                                        8
6                                                        6
7                                                        6
8                                                       16
9                                                        6
10                                                      16
11                                                      15
12                                                      16
13                                                       8
14                                                       6
15                                                       6
16                                                       8
17                                                       6
18                                                       6
19                                                       1
20                                                       1
21                                                       1
22                                                       1
23                                                       1
24                                                       1
25                                                       1
26                                                       1
27                                                       1
28                                                       1
29                                                       1
30                                                       1
31                                                       1
32                                                       1
33                                                       1
34                                                       1
35                                                       1
36                                                       1
37                                                       1
38                                                       1
39                                                       1
40                                                       1
   &ATOMICCHARGES [&Type "ArrayOfDoubles", &Dim (41,1)] 
                                                         0

0                                     -3.1859729055157349e-01
1                                      4.4569324063381544e-04
2                                     -3.8550617404196963e-01
3                                      6.0367858710686306e-01
4                                     -3.0786843663706165e-01
5                                     -3.5082302051978154e-01
6                                     -1.7636406016340089e-02
7                                     -2.8331122565706224e-01
8                                     -1.0847737434247406e-01
9                                     -3.8416262793855083e-01
10                                    -5.0355947775912568e-02
11                                     6.3864719932207414e-01
12                                    -3.2510868295668871e-01
13                                    -3.7693991463256538e-01
14                                    -1.8694294696516067e-02
15                                    -3.0889227577514067e-01
16                                    -3.8252507978518047e-01
17                                    -1.7551567863898221e-02
18                                    -2.9616037079253577e-01
19                                     1.1486624035057258e-01
20                                     1.1623900818236099e-01
21                                     1.3064707972058209e-01
22                                     1.1402155978832029e-01
23                                     1.0511520046715195e-01
24                                     1.0561942466043628e-01
25                                     1.0608646438703695e-01
26                                     1.0072788727407733e-01
27                                     1.1804777823848556e-01
28                                     1.2984237807187560e-01
29                                     1.9315956352455266e-01
30                                     1.9589744031413692e-01
31                                     1.0776216473720357e-01
32                                     1.1273707782299480e-01
33                                     1.0995925378056592e-01
34                                     1.2333680219807985e-01
35                                     1.3479023082456965e-01
36                                     1.1184488205169907e-01
37                                     1.0947177597690183e-01
38                                     1.1639279758227050e-01
39                                     1.1939276750461847e-01
40                                     1.1388143285516561e-01
$End
$Loewdin_Population_Analysis
   &GeometryIndex 1
   &ListStatus       OUT
   &NATOMS [&Type "Integer"] 41
   &ATNO [&Type "ArrayOfIntegers", &Dim (41,1)] 
                                                         0

0                                                        6
1                                                        6
2                                                        8
3                                                       15
4                                                       16
5                                                        8
6                                                        6
7                                                        6
8                                                       16
9                                                        6
10                                                      16
11                                                      15
12                                                      16
13                                                       8
14                                                       6
15                                                       6
16                                                       8
17                                                       6
18                                                       6
19                                                       1
20                                                       1
21                                                       1
22                                                       1
23                                                       1
24                                                       1
25                                                       1
26                                                       1
27                                                       1
28                                                       1
29                                                       1
30                                                       1
31                                                       1
32                                                       1
33                                                       1
34                                                       1
35                                                       1
36                                                       1
37                                                       1
38                                                       1
39                                                       1
40                                                       1
   &ATOMICCHARGES [&Type "ArrayOfDoubles", &Dim (41,1)] 
                                                         0

0                                      1.7610289782456492e-03
1                                      7.5959409966731201e-02
2                                      4.3710072507358361e-01
3                                      5.4145651221474835e-02
4                                      6.8411403597395758e-05
5                                      3.8182577002576423e-01
6                                      4.2288607094537550e-02
7                                      4.1972030534461295e-03
8                                      2.6947015656703446e-04
9                                      1.7824402607405715e-04
10                                     4.3038375400627823e-05
11                                     5.7910313212226825e-05
12                                     8.4295117073356518e-07
13                                     6.7235325363612490e-04
14                                     1.6523999314767932e-04
15                                     6.4145129217576819e-06
16                                     2.9536984317448962e-04
17                                     1.6458506978658033e-05
18                                     5.1588181353838922e-06
19                                     1.0825623654106198e-04
20                                     3.4653459648851041e-06
21                                     1.0386112921795402e-05
22                                     1.2544064507497859e-04
23                                     5.4525636366398080e-04
24                                     5.9375413651540477e-05
25                                     9.2944271302645253e-06
26                                     5.6057193016068503e-05
27                                     4.1300366764492594e-06
28                                     9.4432498528704412e-06
29                                     5.0496620048980488e-06
30                                     3.9994654796228752e-06
31                                     3.6887215071475251e-07
32                                     6.6829886126118729e-07
33                                     1.1003814557498912e-07
34                                     5.5661712731687150e-08
35                                     6.9507340318159132e-08
36                                     3.1343452864639740e-07
37                                     7.2993553434328396e-07
38                                     1.4673566499087560e-07
39                                     4.5267212012845254e-08
40                                     3.0529071503832992e-08
$End
$Mayer_Population_Analysis
   &GeometryIndex 1
   &ListStatus       OUT
   &NATOMS [&Type "Integer"] 41 "Total number of atoms"
   &BONDTHRESH [&Type "Double"]       1.0000000000000001e-01  "The threshold for printing"
   &NBONDORDERSPRINT [&Type "Integer"] 42 "The number of bond orders larger than threshold"
   &BONDORDERS [&Type "ArrayOfDoubles", &Dim (42,1)] "The bond orders"
                                                         0

0                                      1.1662814207650432e+00
1                                      9.3662423868058264e-01
2                                      9.4370197693192714e-01
3                                      9.3453909144459757e-01
4                                      9.0579623077889482e-01
5                                      9.1975275193796135e-01
6                                      9.3457938445555733e-01
7                                      1.0879572107038835e+00
8                                      1.6422982349208624e+00
9                                      1.1449504772753436e+00
10                                     9.3840299906536340e-01
11                                     1.0716092402957289e-01
12                                     8.8786315306792352e-01
13                                     1.1687553230317334e+00
14                                     9.0620030996136069e-01
15                                     9.3165013354907811e-01
16                                     9.4042417128323241e-01
17                                     9.4708931965256604e-01
18                                     9.3668853421051579e-01
19                                     9.9661896594745980e-01
20                                     1.0076763827972668e+00
21                                     8.6895391683543022e-01
22                                     8.7182806016481151e-01
23                                     9.7047704878090058e-01
24                                     1.0718731930773827e-01
25                                     1.6024329295625337e+00
26                                     1.1202729997301484e+00
27                                     1.0687132864622120e+00
28                                     9.0578185059295924e-01
29                                     1.1675065142835388e+00
30                                     9.1974608760277443e-01
31                                     9.3491653734463709e-01
32                                     9.3825100896211000e-01
33                                     9.4550602540085582e-01
34                                     9.3303424574549376e-01
35                                     9.0400020398499970e-01
36                                     1.1666207358466643e+00
37                                     9.0269135029214098e-01
38                                     9.2438643901877982e-01
39                                     9.4273699008168121e-01
40                                     9.3799533577239458e-01
41                                     9.3902598272570403e-01
   &COMPONENTS [&Type "ArrayOfIntegers", &Dim (42,4)] "The indices and atomic numbers of the bonding atoms"
                                                         0                           1                           2                           3

0                                                        0                           6                           1                           6
1                                                        0                           6                          19                           1
2                                                        0                           6                          20                           1
3                                                        0                           6                          21                           1
4                                                        1                           6                           2                           8
5                                                        1                           6                          22                           1
6                                                        1                           6                          23                           1
7                                                        2                           8                           3                          15
8                                                        3                          15                           4                          16
9                                                        3                          15                           5                           8
10                                                       3                          15                           8                          16
11                                                       4                          16                           8                          16
12                                                       5                           8                           6                           6
13                                                       6                           6                           7                           6
14                                                       6                           6                          24                           1
15                                                       6                           6                          25                           1
16                                                       7                           6                          26                           1
17                                                       7                           6                          27                           1
18                                                       7                           6                          28                           1
19                                                       8                          16                           9                           6
20                                                       9                           6                          10                          16
21                                                       9                           6                          29                           1
22                                                       9                           6                          30                           1
23                                                      10                          16                          11                          15
24                                                      10                          16                          12                          16
25                                                      11                          15                          12                          16
26                                                      11                          15                          13                           8
27                                                      11                          15                          16                           8
28                                                      13                           8                          14                           6
29                                                      14                           6                          15                           6
30                                                      14                           6                          31                           1
31                                                      14                           6                          32                           1
32                                                      15                           6                          33                           1
33                                                      15                           6                          34                           1
34                                                      15                           6                          35                           1
35                                                      16                           8                          17                           6
36                                                      17                           6                          18                           6
37                                                      17                           6                          36                           1
38                                                      17                           6                          37                           1
39                                                      18                           6                          38                           1
40                                                      18                           6                          39                           1
41                                                      18                           6                          40                           1
   &ATNO [&Type "ArrayOfIntegers", &Dim (41,1)] "Atomic number of the elements"
                                                         0

0                                                        6
1                                                        6
2                                                        8
3                                                       15
4                                                       16
5                                                        8
6                                                        6
7                                                        6
8                                                       16
9                                                        6
10                                                      16
11                                                      15
12                                                      16
13                                                       8
14                                                       6
15                                                       6
16                                                       8
17                                                       6
18                                                       6
19                                                       1
20                                                       1
21                                                       1
22                                                       1
23                                                       1
24                                                       1
25                                                       1
26                                                       1
27                                                       1
28                                                       1
29                                                       1
30                                                       1
31                                                       1
32                                                       1
33                                                       1
34                                                       1
35                                                       1
36                                                       1
37                                                       1
38                                                       1
39                                                       1
40                                                       1
   &NA [&Type "ArrayOfDoubles", &Dim (41,1)] "Mulliken gross atomic population"
                                                         0

0                                      6.3185972905515806e+00
1                                      5.9995543067593688e+00
2                                      8.3855061740419803e+00
3                                      1.4396321412893098e+01
4                                      1.6307868436637079e+01
5                                      8.3508230205197869e+00
6                                      6.0176364060163436e+00
7                                      6.2833112256570951e+00
8                                      1.6108477374342396e+01
9                                      6.3841626279385633e+00
10                                     1.6050355947775941e+01
11                                     1.4361352800677928e+01
12                                     1.6325108682956703e+01
13                                     8.3769399146325920e+00
14                                     6.0186942946965196e+00
15                                     6.3088922757751558e+00
16                                     8.3825250797851432e+00
17                                     6.0175515678638734e+00
18                                     6.2961603707925367e+00
19                                     8.8513375964942809e-01
20                                     8.8376099181763912e-01
21                                     8.6935292027941868e-01
22                                     8.8597844021167949e-01
23                                     8.9488479953284794e-01
24                                     8.9438057533956405e-01
25                                     8.9391353561296372e-01
26                                     8.9927211272592289e-01
27                                     8.8195222176151544e-01
28                                     8.7015762192812485e-01
29                                     8.0684043647544756e-01
30                                     8.0410255968586297e-01
31                                     8.9223783526279643e-01
32                                     8.8726292217700509e-01
33                                     8.9004074621943419e-01
34                                     8.7666319780191893e-01
35                                     8.6520976917543069e-01
36                                     8.8815511794830182e-01
37                                     8.9052822402309784e-01
38                                     8.8360720241772850e-01
39                                     8.8060723249538142e-01
40                                     8.8611856714483361e-01
   &ZA [&Type "ArrayOfDoubles", &Dim (41,1)] "Total nuclear charge"
                                                         0

0                                      6.0000000000000000e+00
1                                      6.0000000000000000e+00
2                                      8.0000000000000000e+00
3                                      1.5000000000000000e+01
4                                      1.6000000000000000e+01
5                                      8.0000000000000000e+00
6                                      6.0000000000000000e+00
7                                      6.0000000000000000e+00
8                                      1.6000000000000000e+01
9                                      6.0000000000000000e+00
10                                     1.6000000000000000e+01
11                                     1.5000000000000000e+01
12                                     1.6000000000000000e+01
13                                     8.0000000000000000e+00
14                                     6.0000000000000000e+00
15                                     6.0000000000000000e+00
16                                     8.0000000000000000e+00
17                                     6.0000000000000000e+00
18                                     6.0000000000000000e+00
19                                     1.0000000000000000e+00
20                                     1.0000000000000000e+00
21                                     1.0000000000000000e+00
22                                     1.0000000000000000e+00
23                                     1.0000000000000000e+00
24                                     1.0000000000000000e+00
25                                     1.0000000000000000e+00
26                                     1.0000000000000000e+00
27                                     1.0000000000000000e+00
28                                     1.0000000000000000e+00
29                                     1.0000000000000000e+00
30                                     1.0000000000000000e+00
31                                     1.0000000000000000e+00
32                                     1.0000000000000000e+00
33                                     1.0000000000000000e+00
34                                     1.0000000000000000e+00
35                                     1.0000000000000000e+00
36                                     1.0000000000000000e+00
37                                     1.0000000000000000e+00
38                                     1.0000000000000000e+00
39                                     1.0000000000000000e+00
40                                     1.0000000000000000e+00
   &QA [&Type "ArrayOfDoubles", &Dim (41,1)] "Mulliken gross atomic charge"
                                                         0

0                                     -3.1859729055158059e-01
1                                      4.4569324063115090e-04
2                                     -3.8550617404198029e-01
3                                      6.0367858710690214e-01
4                                     -3.0786843663707941e-01
5                                     -3.5082302051978687e-01
6                                     -1.7636406016343642e-02
7                                     -2.8331122565709510e-01
8                                     -1.0847737434239590e-01
9                                     -3.8416262793856326e-01
10                                    -5.0355947775940990e-02
11                                     6.3864719932207237e-01
12                                    -3.2510868295670292e-01
13                                    -3.7693991463259202e-01
14                                    -1.8694294696519620e-02
15                                    -3.0889227577515577e-01
16                                    -3.8252507978514316e-01
17                                    -1.7551567863873352e-02
18                                    -2.9616037079253665e-01
19                                     1.1486624035057191e-01
20                                     1.1623900818236088e-01
21                                     1.3064707972058132e-01
22                                     1.1402155978832051e-01
23                                     1.0511520046715206e-01
24                                     1.0561942466043595e-01
25                                     1.0608646438703628e-01
26                                     1.0072788727407711e-01
27                                     1.1804777823848456e-01
28                                     1.2984237807187515e-01
29                                     1.9315956352455244e-01
30                                     1.9589744031413703e-01
31                                     1.0776216473720357e-01
32                                     1.1273707782299491e-01
33                                     1.0995925378056581e-01
34                                     1.2333680219808107e-01
35                                     1.3479023082456931e-01
36                                     1.1184488205169818e-01
37                                     1.0947177597690216e-01
38                                     1.1639279758227150e-01
39                                     1.1939276750461858e-01
40                                     1.1388143285516639e-01
   &VA [&Type "ArrayOfDoubles", &Dim (41,1)] "Mayer's total valence"
                                                         0

0                                      3.9878955827345801e+00
1                                      4.0056941514473676e+00
2                                      2.1663880889128073e+00
3                                      4.9624068200893019e+00
4                                      2.0420716146106597e+00
5                                      2.1718895757728887e+00
6                                      3.9996637777662158e+00
7                                      3.9946935785680782e+00
8                                      2.2781615712112462e+00
9                                      3.7943785132644727e+00
10                                     2.2630986328777438e+00
11                                     4.9170937833497081e+00
12                                     2.0679477568443789e+00
13                                     2.1718684102491488e+00
14                                     4.0207583518944521e+00
15                                     3.9889675706144945e+00
16                                     2.1754077046663811e+00
17                                     3.9914039036373388e+00
18                                     3.9927655535328381e+00
19                                     9.5459661632509407e-01
20                                     9.6208876788725983e-01
21                                     9.8240753858685970e-01
22                                     9.7691999453471667e-01
23                                     9.4916713402990405e-01
24                                     9.7689787119389271e-01
25                                     9.5122748369977228e-01
26                                     9.5519610818557155e-01
27                                     9.5828069905122948e-01
28                                     9.9062432790973010e-01
29                                     9.7759277258477750e-01
30                                     9.7835836343008220e-01
31                                     9.6916164881392985e-01
32                                     9.4707972498928905e-01
33                                     9.5390492131261539e-01
34                                     9.5864331446232176e-01
35                                     9.8559558688207272e-01
36                                     9.9812833993944394e-01
37                                     9.4909620489849300e-01
38                                     9.5464642794362708e-01
39                                     9.8211881962824388e-01
40                                     9.5563833099091855e-01
   &BVA [&Type "ArrayOfDoubles", &Dim (41,1)] "Mayer's bonded valence"
                                                         0

0                                      3.9878955827345837e+00
1                                      4.0056941514474049e+00
2                                      2.1663880889127825e+00
3                                      4.9624068200893410e+00
4                                      2.0420716146106335e+00
5                                      2.1718895757728300e+00
6                                      3.9996637777661972e+00
7                                      3.9946935785680511e+00
8                                      2.2781615712114336e+00
9                                      3.7943785132644656e+00
10                                     2.2630986328776994e+00
11                                     4.9170937833496700e+00
12                                     2.0679477568442697e+00
13                                     2.1718684102491075e+00
14                                     4.0207583518945009e+00
15                                     3.9889675706145042e+00
16                                     2.1754077046664788e+00
17                                     3.9914039036373783e+00
18                                     3.9927655535328381e+00
19                                     9.5459661632509452e-01
20                                     9.6208876788725972e-01
21                                     9.8240753858686447e-01
22                                     9.7691999453472789e-01
23                                     9.4916713402991315e-01
24                                     9.7689787119387794e-01
25                                     9.5122748369977272e-01
26                                     9.5519610818558187e-01
27                                     9.5828069905123237e-01
28                                     9.9062432790973010e-01
29                                     9.7759277258477562e-01
30                                     9.7835836343007698e-01
31                                     9.6916164881393907e-01
32                                     9.4707972498928672e-01
33                                     9.5390492131261839e-01
34                                     9.5864331446232587e-01
35                                     9.8559558688206927e-01
36                                     9.9812833993944916e-01
37                                     9.4909620489849655e-01
38                                     9.5464642794362720e-01
39                                     9.8211881962825265e-01
40                                     9.5563833099091899e-01
   &FA [&Type "ArrayOfDoubles", &Dim (41,1)] "Mayer's free valence"
                                                         0

0                                      0.0000000000000000e+00
1                                      0.0000000000000000e+00
2                                      0.0000000000000000e+00
3                                      0.0000000000000000e+00
4                                      0.0000000000000000e+00
5                                      0.0000000000000000e+00
6                                      0.0000000000000000e+00
7                                      0.0000000000000000e+00
8                                      0.0000000000000000e+00
9                                      0.0000000000000000e+00
10                                     0.0000000000000000e+00
11                                     0.0000000000000000e+00
12                                     0.0000000000000000e+00
13                                     0.0000000000000000e+00
14                                     0.0000000000000000e+00
15                                     0.0000000000000000e+00
16                                     0.0000000000000000e+00
17                                     0.0000000000000000e+00
18                                     0.0000000000000000e+00
19                                     0.0000000000000000e+00
20                                     0.0000000000000000e+00
21                                     0.0000000000000000e+00
22                                     0.0000000000000000e+00
23                                     0.0000000000000000e+00
24                                     0.0000000000000000e+00
25                                     0.0000000000000000e+00
26                                     0.0000000000000000e+00
27                                     0.0000000000000000e+00
28                                     0.0000000000000000e+00
29                                     0.0000000000000000e+00
30                                     0.0000000000000000e+00
31                                     0.0000000000000000e+00
32                                     0.0000000000000000e+00
33                                     0.0000000000000000e+00
34                                     0.0000000000000000e+00
35                                     0.0000000000000000e+00
36                                     0.0000000000000000e+00
37                                     0.0000000000000000e+00
38                                     0.0000000000000000e+00
39                                     0.0000000000000000e+00
40                                     0.0000000000000000e+00
$End
$VdW_Correction
   &GeometryIndex 1
   &ListStatus       OUT
   &VDW [&Type "Double"]      -6.5952610577031667e-02
$End
$Calculation_Info
   &GeometryIndex 1
   &ListStatus       OUT
   &MULT [&Type "Integer"] 1
   &CHARGE [&Type "Integer"] 0
   &NUMOFATOMS [&Type "Integer"] 41
   &NUMOFELECTRONS [&Type "Integer"] 202
   &NUMOFFCELECTRONS [&Type "Integer"] 1
   &NUMOFCORRELECTRONS [&Type "Integer"] 0
   &NUMOFBASISFUNCTS [&Type "Integer"] 334
   &NUMOFAUXCBASISFUNCTS [&Type "Integer"] 0
   &NUMOFAUXJBASISFUNCTS [&Type "Integer"] 1185
   &NUMOFAUXJKBASISFUNCTS [&Type "Integer"] 0
   &NUMOFCABSBASISFUNCTS [&Type "Integer"] 0
   &TOTALENERGY [&Type "Double"]      -2.9295240392448800e+03  "Hartrees"
$End
$SCF_Dipole_Moment
   &GeometryIndex 1
   &ListStatus       OUT
   &METHOD [&Type "String"] "SCF"
   &LEVEL [&Type "String"] "Relaxed density"
   &MULT [&Type "Integer"] 1
   &STATE [&Type "Integer"] -1
   &IRREP [&Type "Integer"] 0
   &NATOMS [&Type "Integer"] 41
   &DODIPOLEATOM [&Type "Boolean"] false
   &DIPOLEELECCONTRIB [&Type "ArrayOfDoubles", &Dim (3,1)] "Electronic contribution"
                                                         0

0                                      1.1523822125853624e+01
1                                      1.7008867770793060e+01
2                                     -8.0384589495265555e+00
   &DIPOLENUCCONTRIB [&Type "ArrayOfDoubles", &Dim (3,1)] "Nuclear contribution"
                                                         0

0                                     -1.2094427682200051e+01
1                                     -1.8917126583185979e+01
2                                      8.9507909661904197e+00
   &DIPOLETOTAL [&Type "ArrayOfDoubles", &Dim (3,1)] "Total"
                                                         0

0                                     -5.7060555634642718e-01
1                                     -1.9082588123929192e+00
2                                      9.1233201666386421e-01
   &DIPOLEMAGNITUDE [&Type "Double", &Units "a.u."]       2.1907514931270966e+00
$End
