*************************************************
******************* ORCA 6.0.0 ******************
*************************************************
$Calculation_Status
   &GeometryIndex 1
   &ListStatus       OUT
   &VERSION [&Type "String"] "6.0.0"
   &PROGNAME [&Type "String"] "LeanSCF"
   &STATUS [&Type "String"] "NORMAL TERMINATION"
$End
$Geometry
   &GeometryIndex 1
   &ListStatus       OUT
   &NATOMS [&Type "Integer"] 41
   &NCORELESSECP [&Type "Integer"] 0
   &NGHOSTATOMS [&Type "Integer"] 0
   &CartesianCoordinates [&Type "Coordinates", &Dim(41,4), &Units "Bohr"] 
              C      8.542209925521   -3.390709196196   -3.392487601965
              C      8.533328759768   -1.081235944265   -1.699006606857
              O      6.490567089679    0.603510267999   -2.422169924169
              P      4.072595857300    1.062598247015   -0.748854732374
              S      1.818803141753    3.440752776843   -2.456583002084
              O      5.299863045708    1.930754120311    1.842248822529
              C      3.899519123148    2.870183388622    3.978633702430
              C      5.759339764823    4.167715222629    5.724516618226
              S      2.592884014238   -2.592677791070    0.065536736005
              C      0.356765989424   -2.809683275998   -2.545583014861
              S     -2.737257125365   -3.888583218107   -1.570027541377
              P     -4.145219769663   -0.566424519232    0.124922620935
              S     -2.197000164718    1.127468498344    2.798332331729
              O     -6.942331830205   -1.354046466782    0.871226819426
              C     -7.643659752456   -3.577486329923    2.275633467981
              C     -6.082475012558   -3.945146675736    4.645783627564
              O     -4.603390550825    1.115063933678   -2.310339526768
              C     -4.943289244455    3.809769308426   -2.194887789728
              C     -7.419927494636    4.495615173493   -0.940538647344
              H      6.870218108938   -4.536270115850   -3.056608417237
              H      8.575666339030   -2.814778627910   -5.362819074950
              H     10.211653238165   -4.510486244046   -2.985806176490
              H     10.248351062250    0.036951633202   -1.938814499392
              H      8.314443943144   -1.600663211141    0.285623339270
              H      2.443315260976    4.174556715881    3.304555887465
              H      2.963467223462    1.278390923852    4.904188761336
              H      4.749076571482    4.882584307250    7.358777667901
              H      7.193528465689    2.834197128063    6.337855259629
              H      6.668863468888    5.728786269233    4.749372941956
              H      1.033601494020   -4.217010235511   -3.879367446105
              H      0.194604274116   -0.947802858160   -3.425861146824
              H     -9.632110126539   -3.260037870191    2.722838275535
              H     -7.457657235991   -5.206205781898    1.017521764835
              H     -6.791771057650   -5.565831655074    5.683042138684
              H     -4.110943458409   -4.277141350005    4.151434740278
              H     -6.181400280085   -2.274752567608    5.839326156217
              H     -3.339022032102    4.637579184266   -1.182980565832
              H     -4.874482776359    4.403073667865   -4.167657358081
              H     -7.394405119167    3.872797355131    1.022136238705
              H     -7.672638275642    6.530192666085   -0.998002057754
              H     -8.981212886451    3.576553774453   -1.907472634437
$End
$SCF_Energy
   &GeometryIndex 1
   &ListStatus       OUT
   &SCF_ENERGY [&Type "Double"]      -2.9296319500715176e+03
$End
$DFT_Energy
   &GeometryIndex 1
   &ListStatus       OUT
   &NALPHAEL [&Type "Integer"] 100
   &NBETAEL [&Type "Integer"] 100
   &NTOTALEL [&Type "Integer"] 201
   &EEXCHANGE [&Type "Double"]      -2.3181259252440273e+02
   &ECORR [&Type "Double"]      -7.2948240267744673e+00
   &ECNL [&Type "Double"]       0.0000000000000000e+00
   &EXC [&Type "Double"]      -2.3910741655117721e+02
   &EEMBED [&Type "Double"]       0.0000000000000000e+00
   &FINALEN [&Type "Double"]      -2.9296319500715176e+03  "No Van der Waals correction"
$End
$Mulliken_Population_Analysis
   &GeometryIndex 1
   &ListStatus       OUT
   &NATOMS [&Type "Integer"] 41
   &ATNO [&Type "ArrayOfIntegers", &Dim (41,1)] 
                                                         0

0                                                        6
1                                                        6
2                                                        8
3                                                       15
4                                                       16
5                                                        8
6                                                        6
7                                                        6
8                                                       16
9                                                        6
10                                                      16
11                                                      15
12                                                      16
13                                                       8
14                                                       6
15                                                       6
16                                                       8
17                                                       6
18                                                       6
19                                                       1
20                                                       1
21                                                       1
22                                                       1
23                                                       1
24                                                       1
25                                                       1
26                                                       1
27                                                       1
28                                                       1
29                                                       1
30                                                       1
31                                                       1
32                                                       1
33                                                       1
34                                                       1
35                                                       1
36                                                       1
37                                                       1
38                                                       1
39                                                       1
40                                                       1
   &ATOMICCHARGES [&Type "ArrayOfDoubles", &Dim (41,1)] 
                                                         0

0                                     -2.8764127534945239e-01
1                                     -8.2004464040812408e-03
2                                     -3.5826284669675346e-01
3                                      6.0633195736772016e-01
4                                     -3.0487084372547812e-01
5                                     -3.8304504850453114e-01
6                                     -2.7268247790454225e-02
7                                     -2.7358804615043741e-01
8                                     -1.0339987821855345e-01
9                                     -3.4193569940939383e-01
10                                    -1.0460408360835771e-01
11                                     6.2145848371567780e-01
12                                    -3.3352150718011231e-01
13                                    -3.7549507788218861e-01
14                                    -1.1774453490277281e-02
15                                    -3.1398711810607693e-01
16                                    -3.6463995660909276e-01
17                                    -1.5076014004776539e-02
18                                    -3.0163039483220189e-01
19                                     1.1513019659920598e-01
20                                     1.1976454650489066e-01
21                                     1.0845795466473684e-01
22                                     1.1122370428542117e-01
23                                     1.0321984882773427e-01
24                                     1.1966700515667728e-01
25                                     1.1826272918097147e-01
26                                     1.1361766505578241e-01
27                                     1.1072045264371078e-01
28                                     1.1795808462699764e-01
29                                     1.8192053136260600e-01
30                                     1.9721194284573196e-01
31                                     1.1033028362851793e-01
32                                     1.1467527081981699e-01
33                                     1.1053151370504954e-01
34                                     1.2781816576724614e-01
35                                     1.2723778779625095e-01
36                                     1.2924947004449661e-01
37                                     1.0289258793113598e-01
38                                     1.2073081531637375e-01
39                                     1.0877094411440202e-01
40                                     1.1175899600090333e-01
$End
$Loewdin_Population_Analysis
   &GeometryIndex 1
   &ListStatus       OUT
   &NATOMS [&Type "Integer"] 41
   &ATNO [&Type "ArrayOfIntegers", &Dim (41,1)] 
                                                         0

0                                                        6
1                                                        6
2                                                        8
3                                                       15
4                                                       16
5                                                        8
6                                                        6
7                                                        6
8                                                       16
9                                                        6
10                                                      16
11                                                      15
12                                                      16
13                                                       8
14                                                       6
15                                                       6
16                                                       8
17                                                       6
18                                                       6
19                                                       1
20                                                       1
21                                                       1
22                                                       1
23                                                       1
24                                                       1
25                                                       1
26                                                       1
27                                                       1
28                                                       1
29                                                       1
30                                                       1
31                                                       1
32                                                       1
33                                                       1
34                                                       1
35                                                       1
36                                                       1
37                                                       1
38                                                       1
39                                                       1
40                                                       1
   &ATOMICCHARGES [&Type "ArrayOfDoubles", &Dim (41,1)] 
                                                         0

0                                      1.0009379124239625e-03
1                                      2.7072476209759212e-02
2                                      2.9891572515691656e-01
3                                      5.0065929573619897e-02
4                                      6.4757672170975215e-05
5                                      4.8783519246146706e-01
6                                      9.1708984085801498e-02
7                                      6.9537725437005173e-03
8                                      3.4461452658268152e-04
9                                      1.6908528641185739e-04
10                                     3.6121543067918186e-05
11                                     2.2153201898812347e-03
12                                     3.1901511893654131e-05
13                                     1.0297720815001641e-02
14                                     1.2983799610813247e-03
15                                     7.7591200443002172e-05
16                                     1.8709614867422234e-02
17                                     2.4026065105823145e-03
18                                     6.5677250929234722e-05
19                                     3.2067616108996623e-06
20                                     6.6757124216572234e-06
21                                     4.0315723660680048e-05
22                                     5.1091212976647822e-05
23                                     2.0775153607753002e-04
24                                     1.6911548580622775e-04
25                                     8.4517061404558010e-05
26                                     9.3354113081068829e-05
27                                     4.4940331907192114e-06
28                                     2.2015721119282504e-05
29                                     2.2510044882884671e-06
30                                     9.3602301388664419e-07
31                                     5.5197395025657996e-06
32                                     3.7981375485739893e-06
33                                     3.6212353469000816e-06
34                                     3.5998746891833121e-09
35                                     5.3180340338770413e-07
36                                     4.2432152802318590e-06
37                                     2.1235291380093101e-05
38                                     8.5107190518024780e-07
39                                     6.2515313085911865e-06
40                                     1.8107064424850460e-06
$End
$Mayer_Population_Analysis
   &GeometryIndex 1
   &ListStatus       OUT
   &NATOMS [&Type "Integer"] 41 "Total number of atoms"
   &BONDTHRESH [&Type "Double"]       1.0000000000000001e-01  "The threshold for printing"
   &NBONDORDERSPRINT [&Type "Integer"] 43 "The number of bond orders larger than threshold"
   &BONDORDERS [&Type "ArrayOfDoubles", &Dim (43,1)] "The bond orders"
                                                         0

0                                      1.1628480732963435e+00
1                                      9.3887226668830770e-01
2                                      9.4637855899291556e-01
3                                      9.4023965455968106e-01
4                                      8.9105645409248990e-01
5                                      9.3459260717644754e-01
6                                      9.1786642277278885e-01
7                                      1.1342976530635911e+00
8                                      1.6373191918435073e+00
9                                      1.1084262089323735e+00
10                                     9.4180609789110403e-01
11                                     1.1393651979259120e-01
12                                     1.0835312391644247e-01
13                                     8.9590441910660146e-01
14                                     1.1527213383112982e+00
15                                     9.1518528430149149e-01
16                                     9.2746065828627267e-01
17                                     9.4229123050918684e-01
18                                     9.5057560368916127e-01
19                                     9.5001995152903629e-01
20                                     9.9464873179972257e-01
21                                     1.0086914494387351e+00
22                                     9.1117969598056059e-01
23                                     8.4975041350678449e-01
24                                     9.4987879928987540e-01
25                                     1.1712346050692722e-01
26                                     1.6234873493369062e+00
27                                     1.1010896877142491e+00
28                                     1.1284155029393170e+00
29                                     9.1607161489565658e-01
30                                     1.1651056667254696e+00
31                                     9.3425109665838901e-01
32                                     9.2873897077271350e-01
33                                     9.3370139120772666e-01
34                                     9.3169264328639767e-01
35                                     9.4058696788246121e-01
36                                     8.9970435834251472e-01
37                                     1.1615353361923475e+00
38                                     9.0666688988767319e-01
39                                     9.3532876283133093e-01
40                                     9.3518194849393532e-01
41                                     9.3983861094401877e-01
42                                     9.4571797946483249e-01
   &COMPONENTS [&Type "ArrayOfIntegers", &Dim (43,4)] "The indices and atomic numbers of the bonding atoms"
                                                         0                           1                           2                           3

0                                                        0                           6                           1                           6
1                                                        0                           6                          19                           1
2                                                        0                           6                          20                           1
3                                                        0                           6                          21                           1
4                                                        1                           6                           2                           8
5                                                        1                           6                          22                           1
6                                                        1                           6                          23                           1
7                                                        2                           8                           3                          15
8                                                        3                          15                           4                          16
9                                                        3                          15                           5                           8
10                                                       3                          15                           8                          16
11                                                       4                          16                           8                          16
12                                                       4                          16                          30                           1
13                                                       5                           8                           6                           6
14                                                       6                           6                           7                           6
15                                                       6                           6                          24                           1
16                                                       6                           6                          25                           1
17                                                       7                           6                          26                           1
18                                                       7                           6                          27                           1
19                                                       7                           6                          28                           1
20                                                       8                          16                           9                           6
21                                                       9                           6                          10                          16
22                                                       9                           6                          29                           1
23                                                       9                           6                          30                           1
24                                                      10                          16                          11                          15
25                                                      10                          16                          12                          16
26                                                      11                          15                          12                          16
27                                                      11                          15                          13                           8
28                                                      11                          15                          16                           8
29                                                      13                           8                          14                           6
30                                                      14                           6                          15                           6
31                                                      14                           6                          31                           1
32                                                      14                           6                          32                           1
33                                                      15                           6                          33                           1
34                                                      15                           6                          34                           1
35                                                      15                           6                          35                           1
36                                                      16                           8                          17                           6
37                                                      17                           6                          18                           6
38                                                      17                           6                          36                           1
39                                                      17                           6                          37                           1
40                                                      18                           6                          38                           1
41                                                      18                           6                          39                           1
42                                                      18                           6                          40                           1
   &ATNO [&Type "ArrayOfIntegers", &Dim (41,1)] "Atomic number of the elements"
                                                         0

0                                                        6
1                                                        6
2                                                        8
3                                                       15
4                                                       16
5                                                        8
6                                                        6
7                                                        6
8                                                       16
9                                                        6
10                                                      16
11                                                      15
12                                                      16
13                                                       8
14                                                       6
15                                                       6
16                                                       8
17                                                       6
18                                                       6
19                                                       1
20                                                       1
21                                                       1
22                                                       1
23                                                       1
24                                                       1
25                                                       1
26                                                       1
27                                                       1
28                                                       1
29                                                       1
30                                                       1
31                                                       1
32                                                       1
33                                                       1
34                                                       1
35                                                       1
36                                                       1
37                                                       1
38                                                       1
39                                                       1
40                                                       1
   &NA [&Type "ArrayOfDoubles", &Dim (41,1)] "Mulliken gross atomic population"
                                                         0

0                                      6.2876412753494613e+00
1                                      6.0082004464041132e+00
2                                      8.3582628466967392e+00
3                                      1.4393668042632287e+01
4                                      1.6304870843725492e+01
5                                      8.3830450485045365e+00
6                                      6.0272682477904658e+00
7                                      6.2735880461504436e+00
8                                      1.6103399878218628e+01
9                                      6.3419356994094063e+00
10                                     1.6104604083608358e+01
11                                     1.4378541516284301e+01
12                                     1.6333521507180119e+01
13                                     8.3754950778821922e+00
14                                     6.0117744534902871e+00
15                                     6.3139871181060823e+00
16                                     8.3646399566091372e+00
17                                     6.0150760140047668e+00
18                                     6.3016303948322143e+00
19                                     8.8486980340079313e-01
20                                     8.8023545349510990e-01
21                                     8.9154204533526282e-01
22                                     8.8877629571457861e-01
23                                     8.9678015117226662e-01
24                                     8.8033299484332306e-01
25                                     8.8173727081902809e-01
26                                     8.8638233494421748e-01
27                                     8.8927954735628956e-01
28                                     8.8204191537300225e-01
29                                     8.1807946863739389e-01
30                                     8.0278805715426849e-01
31                                     8.8966971637148196e-01
32                                     8.8532472918018301e-01
33                                     8.8946848629495057e-01
34                                     8.7218183423275364e-01
35                                     8.7276221220374839e-01
36                                     8.7075052995550339e-01
37                                     8.9710741206886391e-01
38                                     8.7926918468362636e-01
39                                     8.9122905588559909e-01
40                                     8.8824100399909622e-01
   &ZA [&Type "ArrayOfDoubles", &Dim (41,1)] "Total nuclear charge"
                                                         0

0                                      6.0000000000000000e+00
1                                      6.0000000000000000e+00
2                                      8.0000000000000000e+00
3                                      1.5000000000000000e+01
4                                      1.6000000000000000e+01
5                                      8.0000000000000000e+00
6                                      6.0000000000000000e+00
7                                      6.0000000000000000e+00
8                                      1.6000000000000000e+01
9                                      6.0000000000000000e+00
10                                     1.6000000000000000e+01
11                                     1.5000000000000000e+01
12                                     1.6000000000000000e+01
13                                     8.0000000000000000e+00
14                                     6.0000000000000000e+00
15                                     6.0000000000000000e+00
16                                     8.0000000000000000e+00
17                                     6.0000000000000000e+00
18                                     6.0000000000000000e+00
19                                     1.0000000000000000e+00
20                                     1.0000000000000000e+00
21                                     1.0000000000000000e+00
22                                     1.0000000000000000e+00
23                                     1.0000000000000000e+00
24                                     1.0000000000000000e+00
25                                     1.0000000000000000e+00
26                                     1.0000000000000000e+00
27                                     1.0000000000000000e+00
28                                     1.0000000000000000e+00
29                                     1.0000000000000000e+00
30                                     1.0000000000000000e+00
31                                     1.0000000000000000e+00
32                                     1.0000000000000000e+00
33                                     1.0000000000000000e+00
34                                     1.0000000000000000e+00
35                                     1.0000000000000000e+00
36                                     1.0000000000000000e+00
37                                     1.0000000000000000e+00
38                                     1.0000000000000000e+00
39                                     1.0000000000000000e+00
40                                     1.0000000000000000e+00
   &QA [&Type "ArrayOfDoubles", &Dim (41,1)] "Mulliken gross atomic charge"
                                                         0

0                                     -2.8764127534946127e-01
1                                     -8.2004464041132152e-03
2                                     -3.5826284669673925e-01
3                                      6.0633195736771306e-01
4                                     -3.0487084372549234e-01
5                                     -3.8304504850453647e-01
6                                     -2.7268247790465772e-02
7                                     -2.7358804615044363e-01
8                                     -1.0339987821862806e-01
9                                     -3.4193569940940627e-01
10                                    -1.0460408360835771e-01
11                                     6.2145848371569912e-01
12                                    -3.3352150718011941e-01
13                                    -3.7549507788219216e-01
14                                    -1.1774453490287051e-02
15                                    -3.1398711810608226e-01
16                                    -3.6463995660913717e-01
17                                    -1.5076014004766769e-02
18                                    -3.0163039483221432e-01
19                                     1.1513019659920687e-01
20                                     1.1976454650489010e-01
21                                     1.0845795466473718e-01
22                                     1.1122370428542139e-01
23                                     1.0321984882773338e-01
24                                     1.1966700515667694e-01
25                                     1.1826272918097191e-01
26                                     1.1361766505578252e-01
27                                     1.1072045264371044e-01
28                                     1.1795808462699775e-01
29                                     1.8192053136260611e-01
30                                     1.9721194284573151e-01
31                                     1.1033028362851804e-01
32                                     1.1467527081981699e-01
33                                     1.1053151370504943e-01
34                                     1.2781816576724636e-01
35                                     1.2723778779625161e-01
36                                     1.2924947004449661e-01
37                                     1.0289258793113609e-01
38                                     1.2073081531637364e-01
39                                     1.0877094411440091e-01
40                                     1.1175899600090378e-01
   &VA [&Type "ArrayOfDoubles", &Dim (41,1)] "Mayer's total valence"
                                                         0

0                                      3.9854850079892321e+00
1                                      4.0078063134165109e+00
2                                      2.1547531650580178e+00
3                                      4.9866960411423316e+00
4                                      2.0728579769889524e+00
5                                      2.1729464309806001e+00
6                                      3.9686812664109659e+00
7                                      3.9879125339056820e+00
8                                      2.2700261446449730e+00
9                                      3.8140084980069040e+00
10                                     2.2638779732936523e+00
11                                     4.9694606124404723e+00
12                                     2.0695409848818458e+00
13                                     2.1788153312833476e+00
14                                     4.0237100750834642e+00
15                                     3.9880387392312526e+00
16                                     2.1806089123452979e+00
17                                     3.9952640614081694e+00
18                                     3.9883136712741827e+00
19                                     9.8498461318809394e-01
20                                     9.5873557491009898e-01
21                                     9.5519889466292229e-01
22                                     9.4816925662017504e-01
23                                     9.7197112366196259e-01
24                                     9.8021914871466820e-01
25                                     9.5876454574533732e-01
26                                     9.5502420827379486e-01
27                                     9.5951235244391353e-01
28                                     9.6025978652619515e-01
29                                     9.2986736398822722e-01
30                                     1.0001468926331378e+00
31                                     9.4747239516022974e-01
32                                     9.4603951225383531e-01
33                                     9.5248649676256469e-01
34                                     9.8475455207429952e-01
35                                     9.7088680296777152e-01
36                                     9.8194365275645523e-01
37                                     9.5141644189823826e-01
38                                     9.8469247338295696e-01
39                                     9.5464192691624239e-01
40                                     9.5973115556985278e-01
   &BVA [&Type "ArrayOfDoubles", &Dim (41,1)] "Mayer's bonded valence"
                                                         0

0                                      3.9854850079892037e+00
1                                      4.0078063134164292e+00
2                                      2.1547531650580236e+00
3                                      4.9866960411423031e+00
4                                      2.0728579769889537e+00
5                                      2.1729464309806081e+00
6                                      3.9686812664110134e+00
7                                      3.9879125339056896e+00
8                                      2.2700261446448922e+00
9                                      3.8140084980069258e+00
10                                     2.2638779732937286e+00
11                                     4.9694606124406207e+00
12                                     2.0695409848819537e+00
13                                     2.1788153312833591e+00
14                                     4.0237100750833914e+00
15                                     3.9880387392311998e+00
16                                     2.1806089123452184e+00
17                                     3.9952640614082107e+00
18                                     3.9883136712741378e+00
19                                     9.8498461318809527e-01
20                                     9.5873557491009620e-01
21                                     9.5519889466291930e-01
22                                     9.4816925662017482e-01
23                                     9.7197112366195237e-01
24                                     9.8021914871467841e-01
25                                     9.5876454574535652e-01
26                                     9.5502420827379697e-01
27                                     9.5951235244391531e-01
28                                     9.6025978652619803e-01
29                                     9.2986736398823078e-01
30                                     1.0001468926331394e+00
31                                     9.4747239516022375e-01
32                                     9.4603951225383143e-01
33                                     9.5248649676255692e-01
34                                     9.8475455207429430e-01
35                                     9.7088680296776164e-01
36                                     9.8194365275645712e-01
37                                     9.5141644189824681e-01
38                                     9.8469247338295229e-01
39                                     9.5464192691624072e-01
40                                     9.5973115556984856e-01
   &FA [&Type "ArrayOfDoubles", &Dim (41,1)] "Mayer's free valence"
                                                         0

0                                      0.0000000000000000e+00
1                                      0.0000000000000000e+00
2                                      0.0000000000000000e+00
3                                      0.0000000000000000e+00
4                                      0.0000000000000000e+00
5                                      0.0000000000000000e+00
6                                      0.0000000000000000e+00
7                                      0.0000000000000000e+00
8                                      0.0000000000000000e+00
9                                      0.0000000000000000e+00
10                                     0.0000000000000000e+00
11                                     0.0000000000000000e+00
12                                     0.0000000000000000e+00
13                                     0.0000000000000000e+00
14                                     0.0000000000000000e+00
15                                     0.0000000000000000e+00
16                                     0.0000000000000000e+00
17                                     0.0000000000000000e+00
18                                     0.0000000000000000e+00
19                                     0.0000000000000000e+00
20                                     0.0000000000000000e+00
21                                     0.0000000000000000e+00
22                                     0.0000000000000000e+00
23                                     0.0000000000000000e+00
24                                     0.0000000000000000e+00
25                                     0.0000000000000000e+00
26                                     0.0000000000000000e+00
27                                     0.0000000000000000e+00
28                                     0.0000000000000000e+00
29                                     0.0000000000000000e+00
30                                     0.0000000000000000e+00
31                                     0.0000000000000000e+00
32                                     0.0000000000000000e+00
33                                     0.0000000000000000e+00
34                                     0.0000000000000000e+00
35                                     0.0000000000000000e+00
36                                     0.0000000000000000e+00
37                                     0.0000000000000000e+00
38                                     0.0000000000000000e+00
39                                     0.0000000000000000e+00
40                                     0.0000000000000000e+00
$End
$VdW_Correction
   &GeometryIndex 1
   &ListStatus       OUT
   &VDW [&Type "Double"]      -6.5563458021003176e-02
$End
$Calculation_Info
   &GeometryIndex 1
   &ListStatus       OUT
   &MULT [&Type "Integer"] 1
   &CHARGE [&Type "Integer"] 0
   &NUMOFATOMS [&Type "Integer"] 41
   &NUMOFELECTRONS [&Type "Integer"] 202
   &NUMOFFCELECTRONS [&Type "Integer"] 1
   &NUMOFCORRELECTRONS [&Type "Integer"] 0
   &NUMOFBASISFUNCTS [&Type "Integer"] 334
   &NUMOFAUXCBASISFUNCTS [&Type "Integer"] 0
   &NUMOFAUXJBASISFUNCTS [&Type "Integer"] 1185
   &NUMOFAUXJKBASISFUNCTS [&Type "Integer"] 0
   &NUMOFCABSBASISFUNCTS [&Type "Integer"] 0
   &TOTALENERGY [&Type "Double"]      -2.9295132888884386e+03  "Hartrees"
$End
$SCF_Dipole_Moment
   &GeometryIndex 1
   &ListStatus       OUT
   &METHOD [&Type "String"] "SCF"
   &LEVEL [&Type "String"] "Relaxed density"
   &MULT [&Type "Integer"] 1
   &STATE [&Type "Integer"] -1
   &IRREP [&Type "Integer"] 0
   &NATOMS [&Type "Integer"] 41
   &DODIPOLEATOM [&Type "Boolean"] false
   &DIPOLEELECCONTRIB [&Type "ArrayOfDoubles", &Dim (3,1)] "Electronic contribution"
                                                         0

0                                     -1.3526160919928694e+00
1                                     -2.0179467918046279e+00
2                                     -8.9879781703861603e+00
   &DIPOLENUCCONTRIB [&Type "ArrayOfDoubles", &Dim (3,1)] "Nuclear contribution"
                                                         0

0                                      1.5491010800803338e+00
1                                      1.1753137608700146e+00
2                                      9.4672344162534721e+00
   &DIPOLETOTAL [&Type "ArrayOfDoubles", &Dim (3,1)] "Total"
                                                         0

0                                      1.9648498808746440e-01
1                                     -8.4263303093461328e-01
2                                      4.7925624586731175e-01
   &DIPOLEMAGNITUDE [&Type "Double", &Units "a.u."]       9.8910228215721607e-01
$End
